2.433481379785339183e+00 4.230839153319129764e+02
3.215786949949933415e+00 4.908066573722479120e+02
3.982729883333239407e+00 5.407296086720425592e+02
4.709804154101778551e+00 5.778258029623823404e+02
5.379762905404903428e+00 6.033894928541197942e+02
5.976701677423709391e+00 6.223243782405085085e+02
6.509206516348486460e+00 6.353351891246326204e+02
6.985493685339585035e+00 6.444700306541665213e+02
7.406373532853881336e+00 6.512498408323991725e+02
7.772683670557876567e+00 6.552840268755395527e+02
8.072965622723803136e+00 6.580105222599686385e+02
8.359016512648105746e+00 6.601962804876105793e+02
8.605138270527145750e+00 6.620228864888647422e+02
8.803802359544143030e+00 6.630764505265686921e+02
8.968738295568355667e+00 6.637976300919712003e+02
9.115368943654523548e+00 6.644325585686061686e+02
9.235138485581629197e+00 6.657354870230535653e+02
9.350753057473626839e+00 6.653263250835378813e+02
9.438754451423898573e+00 6.651398326514847668e+02
9.502500111649748504e+00 6.653549697798041507e+02
9.573340510083767185e+00 6.656584275051900477e+02
9.631818015360371632e+00 6.661636737055017647e+02
9.681317846937494309e+00 6.663168052144807234e+02
9.722766707619580728e+00 6.661605797399048470e+02
9.758398567228033116e+00 6.665098051128811676e+02
9.781887430686396101e+00 6.665391225145973522e+02
9.819449974620212629e+00 6.662205968309538093e+02
9.852100565915492325e+00 6.666354362154751243e+02
9.875990152519282361e+00 6.664628694983550758e+02
9.905630336270940361e+00 6.670189943630107337e+02
9.926452436516488120e+00 6.678152335770413401e+02
9.942992362302655707e+00 6.674021158022787858e+02
9.935754190973291600e+00 6.663951467644727700e+02
9.937434469909119272e+00 6.669552987742561072e+02
9.963579901578029308e+00 6.662821005850405527e+02
9.965148839539372361e+00 6.664032160310746349e+02
9.951564248456042705e+00 6.661936420636807270e+02
9.970987082034703519e+00 6.660122167148068684e+02
9.968552267153681257e+00 6.658228655427010381e+02
9.971233984945506279e+00 6.658288139874480294e+02
9.966236266796373755e+00 6.662002248319221280e+02
9.968722010571767100e+00 6.664591990631768113e+02
9.981000705821125862e+00 6.661459601029166606e+02
9.981623678387569143e+00 6.661093156649145612e+02
1.000207316161531246e+01 6.664347520610533593e+02
9.998254585327703836e+00 6.668595835462334662e+02
1.001824726039021485e+01 6.664647543158466760e+02
1.001442706416595918e+01 6.666258281207020673e+02
1.001544129652937620e+01 6.665314158722438833e+02
1.001162378270788977e+01 6.661006883280161901e+02
1.000236045364191817e+01 6.664356950248154590e+02
1.000204170139824633e+01 6.665575448466704529e+02
1.000845681045971070e+01 6.658968999100883366e+02
1.000663166247116820e+01 6.661228875379712235e+02
1.002405048317084102e+01 6.654308175838256147e+02
1.002398448611471515e+01 6.656790707316645239e+02
1.001732604899431145e+01 6.659080229498025574e+02
1.000568121054331883e+01 6.667131125856876679e+02
1.000443952893546751e+01 6.666169949782034791e+02
9.990830919427162726e+00 6.666254939736845699e+02
9.984513272969461894e+00 6.661749877856050261e+02
9.979864302355739625e+00 6.663213964238495919e+02
9.991140295206465183e+00 6.662555437188973428e+02
9.991785742799912384e+00 6.661251794213711719e+02
9.983372742253019183e+00 6.659537527732071567e+02
9.980970642589323205e+00 6.659536336521324529e+02
9.996224097195010927e+00 6.653735321070251985e+02
9.991270941457331745e+00 6.650405820589398900e+02
1.000005589615484425e+01 6.648738458863365395e+02
1.000798849839648241e+01 6.659096607569102844e+02
9.987179768700347182e+00 6.658889196535693600e+02
9.987484118317560444e+00 6.655179481623513311e+02
9.999995619475610553e+00 6.656322602743317702e+02
1.001335961568237742e+01 6.654936717737648451e+02
1.000069049208236471e+01 6.660484005813718795e+02
9.987642240000690563e+00 6.662896687295660740e+02
9.991791409992464068e+00 6.662138109540464939e+02
9.994612195390907061e+00 6.655619214099775718e+02
9.996333925095798989e+00 6.656765764505066727e+02
9.996583432222760024e+00 6.660152144718240379e+02
9.991195655833573497e+00 6.660843853382522184e+02
9.995489819245541696e+00 6.661837105220288322e+02
1.001063427236190151e+01 6.669378822347284768e+02
9.999568576105017925e+00 6.668697340068030144e+02
1.000084254738293943e+01 6.669902906146229498e+02
9.997779181594431464e+00 6.671916549513723567e+02
9.992907767477881009e+00 6.667165779319781223e+02
1.000219510682419433e+01 6.673424717322845936e+02
9.993321887136843884e+00 6.670648415933885644e+02
9.977926452878612906e+00 6.668540009582255834e+02
9.967116046605864810e+00 6.670461520458541145e+02
9.968596277390606275e+00 6.665257103650344561e+02
9.970824614399964148e+00 6.671024379741876373e+02
9.982768145827995099e+00 6.669826160228067238e+02
9.974063357778167216e+00 6.665709060585548968e+02
9.976817854646732542e+00 6.668477439449453641e+02
9.993667712087807686e+00 6.672378724874585032e+02
9.994453283122590292e+00 6.672460973348404423e+02
9.991688092270152310e+00 6.668064038224338219e+02
9.979314927993566897e+00 6.665181698305017335e+02
9.974573557323632045e+00 6.663226933373282463e+02
9.993878578917950506e+00 6.663404970941655847e+02
9.989948766936640467e+00 6.663150305208725968e+02
9.981082411530326937e+00 6.667830162917790631e+02
9.982292020021731105e+00 6.659620845799497602e+02
9.989198826085097238e+00 6.660102144432032674e+02
9.984189672998271092e+00 6.662619351589166854e+02
1.000515913706942683e+01 6.660404816367204148e+02
1.001712585295254243e+01 6.661469410858555875e+02
1.001144864549356761e+01 6.666431398494277119e+02
9.998094046951987224e+00 6.673629032885016841e+02
9.995403316940329574e+00 6.669462674030010021e+02
1.001631752446460055e+01 6.664161220243263415e+02
1.001119851782474335e+01 6.664863303704156579e+02
1.000264887038832740e+01 6.661577141306254362e+02
1.000427307829634316e+01 6.660318379934716404e+02
1.000929028653135866e+01 6.653755218189101015e+02
1.000600363679148330e+01 6.655362555011852237e+02
9.995766377902302935e+00 6.655707029109669293e+02
9.999070986410325546e+00 6.661725287911854139e+02
1.000150751514924430e+01 6.660916004369807979e+02
1.000362938985451677e+01 6.655986571600838033e+02
1.001213825224501441e+01 6.657444315944268283e+02
1.001010577523846301e+01 6.657607999124114713e+02
1.000431815871345087e+01 6.655474213245590818e+02
9.999318750085164353e+00 6.655453130458665782e+02
9.991258876818964296e+00 6.659765974098761490e+02
9.979992435394049011e+00 6.660883476400273366e+02
9.969274791078357012e+00 6.659366131652629974e+02
9.970471343194271086e+00 6.660468354412652161e+02
9.953001681749995555e+00 6.659245569109423286e+02
9.956350535615374753e+00 6.658934122259361175e+02
9.970442496792795595e+00 6.661423758970050812e+02
9.969280551152118974e+00 6.663315153773137354e+02
9.968656131860493375e+00 6.661085258075436286e+02
9.983627463697951399e+00 6.661022572392716938e+02
9.995892509745461396e+00 6.660675583252884735e+02
9.987587775520404776e+00 6.666430020693834422e+02
9.993483240546650492e+00 6.666154229887604288e+02
9.983317611877964737e+00 6.668460446574731577e+02
9.981756886826362418e+00 6.673239196178420798e+02
9.975055479457072494e+00 6.674261290184583686e+02
9.964985220863995963e+00 6.676601355838091649e+02
9.974527798364468012e+00 6.673146543715942016e+02
9.989218190811641307e+00 6.674500990727838143e+02
9.991477743855677218e+00 6.673184946070891783e+02
9.984712175675539925e+00 6.673651967895194730e+02
9.982082968302332660e+00 6.675210935961574705e+02
9.973654618689385742e+00 6.673386127525430993e+02
9.993932407983736610e+00 6.672608854573765029e+02
1.000220243729213365e+01 6.672069219265123365e+02
9.995291235350912018e+00 6.673358543491532373e+02
9.993456057735199849e+00 6.674503145861292523e+02
9.990815607318031866e+00 6.667972420250933965e+02
1.000455716612436596e+01 6.672327117752067807e+02
9.985675190282778502e+00 6.677922674497808657e+02
9.983153753823041043e+00 6.673724205495846036e+02
9.975671573658488001e+00 6.673930011771167301e+02
9.983698090756119470e+00 6.670777795876392702e+02
1.000505004357060912e+01 6.672688988608962291e+02
1.001359379967587948e+01 6.674346144770136107e+02
1.000872946087598336e+01 6.669977867984965769e+02
9.985822086553278965e+00 6.672415385479083625e+02
9.989853044647523106e+00 6.668125595604750515e+02
9.991803571254703087e+00 6.667408594452127772e+02
9.967339742067316877e+00 6.663293695181797602e+02
9.958841086895931838e+00 6.664296567925065347e+02
9.969005909429929702e+00 6.661752668774829544e+02
9.976742236361502592e+00 6.661737380181477874e+02
9.981943550454239755e+00 6.664800249701976327e+02
9.991895109573910361e+00 6.663981794610069755e+02
9.979977090410688589e+00 6.662744743113720460e+02
9.985016657735723555e+00 6.667838919650916978e+02
1.001054278773251305e+01 6.662118877894185971e+02
1.001340181264122720e+01 6.666595052227481801e+02
1.001691861326392718e+01 6.669550514862808086e+02
1.001041204711368948e+01 6.668546463561825703e+02
1.001158064295882433e+01 6.660929579614739851e+02
1.000979636908614090e+01 6.658056572328821403e+02
1.001648619893027004e+01 6.660707799766681774e+02
1.002790659074257640e+01 6.663031797147550606e+02
1.001787613885930739e+01 6.664667990598860570e+02
1.002714926747496449e+01 6.663870238865945339e+02
1.002767576225443413e+01 6.661750247215952641e+02
1.001926331199501696e+01 6.663458386420547868e+02
1.003173817567350312e+01 6.665453442986697610e+02
1.002788992114936484e+01 6.665341324220137267e+02
1.002393561578032433e+01 6.665952548478553581e+02
1.001942867306183693e+01 6.659215500879606680e+02
1.000355292170648447e+01 6.669040923181262315e+02
9.993805536619689178e+00 6.667713822883653165e+02
9.993555777941841356e+00 6.667006916899789530e+02
9.997860072609817905e+00 6.670668340009634676e+02
9.986244860724132977e+00 6.667735912593860803e+02
1.000319103619620087e+01 6.664741157596015455e+02
1.000985722189687799e+01 6.668936135253708244e+02
1.001814877222864730e+01 6.667978385514689990e+02
1.001715025619560251e+01 6.670657149019392591e+02
1.000714242701513257e+01 6.675880498126624616e+02
9.992779764227666561e+00 6.672924974593346406e+02
9.989130447064818341e+00 6.666789488706859856e+02
9.993697062655263252e+00 6.663161954756991463e+02
1.000403408005164962e+01 6.661927138272352522e+02
1.000909510850258144e+01 6.660755976980995001e+02
9.997235683775480553e+00 6.664179192750691527e+02
9.995294347716720651e+00 6.666020171318186840e+02
9.988597337364781836e+00 6.661772466202562555e+02
9.983350424666014078e+00 6.664106080581508422e+02
9.981982276026972301e+00 6.672573773579865701e+02
9.989356441627828431e+00 6.669311183245440589e+02
9.981932282046619420e+00 6.670284711127302444e+02
9.982121439334820323e+00 6.667693599487984102e+02
9.978113963655271590e+00 6.668454250479578604e+02
9.994546566721396630e+00 6.666486707678969879e+02
9.973019313874925018e+00 6.669285963677308473e+02
9.980976384482694641e+00 6.665830836897587233e+02
9.996233438287122297e+00 6.672173749211701761e+02
1.000173328381289295e+01 6.667963472455627425e+02
9.986831134052460257e+00 6.669581662703844813e+02
9.997816025006111218e+00 6.666171254613589099e+02
9.996087148322505556e+00 6.672333755829484971e+02
1.000197643546212767e+01 6.668008607840127979e+02
9.998701402582279130e+00 6.668129784850293618e+02
1.000696582759397657e+01 6.660758011843130362e+02
1.000525326844617702e+01 6.663853653448943533e+02
9.998356160352875222e+00 6.664287918758373053e+02
1.001377453649455873e+01 6.666502027046224157e+02
1.001114919560368577e+01 6.664391760430590921e+02
9.990292723696864385e+00 6.664869673871210125e+02
9.994989022539774837e+00 6.665631322989713681e+02
1.000441093526030123e+01 6.670576796071620720e+02
9.999812606094151235e+00 6.665182869460772963e+02
1.000693951621840760e+01 6.661170030361587351e+02
1.001355672723326329e+01 6.666024644819596006e+02
1.002016994780146675e+01 6.661130649428055222e+02
1.001741801858785053e+01 6.668684744867014160e+02
1.002469355851858701e+01 6.660534860152088186e+02
1.001549239359088617e+01 6.664909657031562347e+02
1.001196570688772347e+01 6.660240214756267960e+02
9.997934793776733997e+00 6.667194977245158043e+02
9.987284707275062345e+00 6.665213965221699937e+02
9.980254396209923939e+00 6.662878727978373945e+02
9.969361789406772090e+00 6.662293492986552792e+02
9.987925292341669703e+00 6.659397538725266941e+02
9.981539664260655087e+00 6.665548022388320533e+02
9.967132547060982617e+00 6.664921016821829198e+02
9.981013551090374136e+00 6.666385765511940917e+02
9.978384064956902222e+00 6.667058893488693911e+02
9.972051802414112487e+00 6.668234320496362670e+02
9.981304144151966540e+00 6.663993028337215492e+02
9.992468417450739437e+00 6.662964568697896084e+02
1.000943967671795143e+01 6.659975868509401380e+02
9.998365782981320393e+00 6.662728966885235877e+02
9.991039241539230176e+00 6.658605680131017834e+02
9.990228657873640117e+00 6.657519479509367102e+02
9.992305549454149727e+00 6.655461328496793385e+02
1.000471562653655688e+01 6.658891401046452074e+02
9.995767275662476692e+00 6.664903188650529273e+02
9.988870148469365162e+00 6.666877144677627030e+02
9.978440867986023477e+00 6.671721084634798444e+02
9.991686412284513708e+00 6.671351160689124526e+02
9.985743931992471900e+00 6.676352175504734987e+02
9.971083351418567275e+00 6.676841630818501017e+02
9.973533610912909353e+00 6.676296249256953388e+02
9.976604443953677404e+00 6.676925773048126302e+02
9.984502511689226978e+00 6.673059308725745495e+02
9.972799834262271901e+00 6.673603526183356962e+02
9.982821951802046456e+00 6.671103680528140103e+02
9.986466550436849943e+00 6.673146668957091379e+02
9.984814540236470748e+00 6.666093512277788022e+02
9.997618519207732035e+00 6.668664235656942765e+02
9.998531796848642017e+00 6.662836526646178754e+02
9.982977740011898860e+00 6.664370219835617490e+02
9.979751248130465768e+00 6.669998800936657517e+02
9.980764993142908992e+00 6.673655466032150798e+02
9.997674589899538944e+00 6.672311108655102316e+02
9.989843384806565751e+00 6.672552158639457502e+02
9.967855208398100686e+00 6.667730641650455254e+02
9.978323141859503309e+00 6.663398920700138888e+02
9.985133576057519278e+00 6.674574570586983100e+02
9.998519619028611416e+00 6.669471295975806697e+02
9.992562510640937035e+00 6.667995988175235880e+02
1.000102338690958881e+01 6.669008196952065646e+02
1.000407041001222019e+01 6.665619161370183292e+02
1.001070684919793763e+01 6.662835639763134168e+02
1.000647481846336717e+01 6.657726711079346842e+02
9.994648183080803605e+00 6.654767910008655463e+02
9.973368358009992107e+00 6.666588335954374998e+02
9.975105767148397362e+00 6.662958917687248004e+02
9.991258781109152665e+00 6.660013124280510510e+02
9.999281366738324905e+00 6.661350448406833493e+02
9.998711215513285566e+00 6.660419122446671736e+02
1.000081614018926501e+01 6.660908688538113438e+02
1.000130335512318602e+01 6.666665022489094099e+02
9.997208510960778227e+00 6.665338185013152952e+02
9.996997760881628281e+00 6.664259731330091654e+02
1.000583485789101168e+01 6.662782337846393830e+02
1.001234428873799409e+01 6.658829877257855969e+02
9.999599897382214664e+00 6.660925015540176446e+02
9.995165299471205245e+00 6.666711525864446912e+02
9.995137984143331877e+00 6.668392599712890387e+02
9.991786147776664961e+00 6.667355634127661688e+02
1.000408286311447092e+01 6.668202566917287868e+02
1.000258032967430921e+01 6.661316318227140982e+02
1.001885879206198382e+01 6.657180654201421248e+02
1.003295501052496341e+01 6.660923579525349396e+02
1.002902730704491852e+01 6.653187626906544665e+02
1.001250012778892007e+01 6.654645920014465901e+02
9.999468756033929040e+00 6.651888934684110382e+02
1.000305425738797460e+01 6.653820745891352999e+02
1.000479605306226283e+01 6.652741818072141768e+02
1.001393929920763703e+01 6.657611700300329858e+02
1.001731042196263743e+01 6.660887895310248723e+02
1.001860942170219815e+01 6.662665245567619650e+02
1.002245263539131948e+01 6.660523546087083560e+02
1.001569748672704030e+01 6.662781610777063861e+02
1.000366319261166481e+01 6.664732995808986971e+02
1.002130651495816061e+01 6.661901464004698710e+02
1.001935680651782690e+01 6.667721650774483351e+02
1.002429799644854391e+01 6.670309110867661957e+02
1.003185550317303409e+01 6.667647829499923091e+02
1.001948525559837222e+01 6.669057882648262421e+02
1.001304889101227857e+01 6.668880756300181929e+02
1.001468356564896389e+01 6.659185772744705218e+02
9.999569075234806093e+00 6.656022271785276416e+02
9.992542618067815852e+00 6.656202157267747452e+02
9.992843880699416204e+00 6.657846772999915856e+02
9.988287290657021700e+00 6.656845701419291572e+02
9.988606264891910058e+00 6.660239219445053322e+02
1.000659332946014857e+01 6.665222705160794021e+02
9.991860399084506739e+00 6.666740902184423021e+02
9.998729639965249660e+00 6.663913146185350342e+02
1.000363549897418025e+01 6.664550005094060907e+02
1.001481490971035626e+01 6.668292949201730835e+02
1.000910290050972407e+01 6.664977874921994498e+02
9.998168188746491936e+00 6.668766270486869416e+02
9.979174240289772513e+00 6.666268752380213982e+02
9.977230073272124855e+00 6.668134181264294966e+02
9.982282532871312952e+00 6.666808332653947673e+02
9.980227822309402086e+00 6.669635754815552673e+02
9.995106661278317262e+00 6.665560001345912724e+02
9.987900798539428138e+00 6.665300911518492057e+02
9.995800605413952766e+00 6.662180443237451755e+02
9.986727026254598627e+00 6.659862876577365114e+02
9.986965382095142729e+00 6.658716088056045237e+02
9.980392787431078716e+00 6.662512035489415894e+02
9.988373339414307495e+00 6.664583251192021862e+02
9.981155069658610657e+00 6.660932061887240252e+02
9.972659697915178256e+00 6.663776088119216183e+02
9.974358584199789490e+00 6.662152633360955178e+02
9.996776310774199814e+00 6.664626369445354612e+02
1.000434837975869229e+01 6.668500779667301686e+02
9.988356776157843342e+00 6.665139201526442321e+02
9.976095976676067068e+00 6.663765113403687792e+02
9.966061281923286330e+00 6.665467401130582630e+02
9.977431134247380484e+00 6.667010227197941958e+02
9.979582139147058939e+00 6.661126587736147258e+02
9.984970957222087051e+00 6.662739631690943725e+02
9.993689954945896403e+00 6.667027199045562611e+02
9.989035808791594917e+00 6.666576127747172222e+02
1.000285083140583886e+01 6.663994979476227627e+02
1.000450022940555783e+01 6.669105684549987245e+02
1.001092872808687417e+01 6.667348535190368466e+02
1.000406068138692994e+01 6.668875611826086924e+02
1.001011472626511889e+01 6.668663843244539748e+02
1.001014281705936959e+01 6.669505964209849935e+02
1.000320591686364580e+01 6.671417654670151478e+02
9.996598335256624779e+00 6.670779601765785856e+02
1.000213317306223892e+01 6.674755831488936337e+02
1.000415656307322365e+01 6.673468054093279989e+02
1.001023604647311949e+01 6.672979827982197776e+02
1.001187445781537733e+01 6.675923186189622811e+02
1.002561765162611351e+01 6.674707964327104719e+02
1.003091203854818758e+01 6.675147984168020230e+02
1.003277661641773832e+01 6.677614864687736826e+02
1.001800005837718466e+01 6.671828508816875001e+02
1.003051395359208087e+01 6.667450195256125198e+02
1.001797592273829096e+01 6.668829764756020495e+02
1.000328042306797904e+01 6.664993830475648338e+02
9.994957257168273657e+00 6.670040569695378281e+02
9.996306666512392525e+00 6.668233401503647428e+02
1.000080200696399935e+01 6.666965697257960528e+02
1.000298525659673565e+01 6.663741643431339980e+02
1.000112119003782496e+01 6.665684596499853569e+02
1.000838698833420715e+01 6.668275877145945287e+02
1.001449713366871741e+01 6.661974841916279502e+02
1.000895933615324829e+01 6.665674795864920270e+02
1.000685861194039283e+01 6.672159506849441186e+02
1.000698803387161107e+01 6.667138405452141114e+02
9.998675467670199879e+00 6.663711170977132952e+02
9.990405817228259266e+00 6.668988445618570040e+02
9.964478081860740133e+00 6.668338335776951453e+02
9.970920746210337526e+00 6.663723602453353578e+02
9.963975697516504582e+00 6.661988851310015889e+02
9.962763946355631006e+00 6.661437234303301693e+02
9.976981842027845104e+00 6.671743047554458599e+02
9.979774485796690797e+00 6.670946666855448939e+02
9.980649160359773120e+00 6.668880534368438475e+02
9.998543547037114010e+00 6.667402580454934196e+02
9.988836184441526100e+00 6.672545748852845691e+02
1.000818677595351858e+01 6.669585801774051106e+02
9.998270283236907474e+00 6.668872733333751057e+02
9.992908266215534852e+00 6.667952621216383022e+02
9.983488276656128591e+00 6.677063065349470889e+02
9.978056719979548461e+00 6.676297802303026856e+02
9.972735054943287381e+00 6.673599917817759888e+02
9.967658101410250993e+00 6.678886447281092842e+02
9.977999236779275805e+00 6.675333626038653847e+02
9.976161015532349907e+00 6.675032861408443523e+02
9.989613303388651389e+00 6.676633770272271704e+02
1.000710811757275565e+01 6.676453648518180444e+02
9.996258655866965270e+00 6.668965705275272740e+02
1.000777204892410488e+01 6.669541307469357889e+02
1.000281888476478542e+01 6.668585692917798724e+02
9.993996734887481637e+00 6.671587127770834513e+02
9.997201295221991302e+00 6.671429357308969657e+02
9.999781978064692822e+00 6.667555752043788289e+02
1.000024328388425410e+01 6.668284262244710590e+02
9.994387837665833274e+00 6.664653340047691472e+02
9.980237691605919892e+00 6.658997403549632281e+02
9.974916423513747077e+00 6.651468762353127886e+02
9.995088341213358873e+00 6.654805526584801783e+02
9.998280648634416679e+00 6.653977983525314812e+02
1.001068867588013944e+01 6.654582290794213577e+02
1.000580358097774791e+01 6.653653335089450138e+02
1.000450059003880732e+01 6.655226619495272189e+02
1.000563701658974303e+01 6.654041823828214319e+02
1.000595894192745128e+01 6.659078397687436564e+02
1.002011089206650851e+01 6.664842528650319764e+02
1.002064858310980000e+01 6.667486340258107020e+02
1.002258739376119046e+01 6.669143297336918295e+02
1.001231842207949896e+01 6.663051713549813257e+02
1.001083357693719655e+01 6.661937678264849865e+02
1.000310432885948941e+01 6.667699522802138290e+02
9.991639323635707726e+00 6.666629536555437880e+02
9.996483275271362601e+00 6.668849978026765939e+02
1.000183612930442401e+01 6.667521675545635844e+02
9.976057701032294389e+00 6.663579060249184067e+02
9.987426049838125763e+00 6.665387175428051023e+02
9.990640326418004591e+00 6.657270976074312330e+02
1.000910570779745790e+01 6.656189692002652691e+02
1.000359708794676905e+01 6.667123579364898660e+02
9.994452027368355473e+00 6.662814322453641580e+02
9.980294548055054449e+00 6.667615132778938687e+02
9.986659679956222391e+00 6.667989838990512226e+02
9.973703571618425912e+00 6.666378732211322813e+02
9.981558414389084533e+00 6.662750820909876666e+02
9.989247116631112533e+00 6.662532770971027958e+02
9.979387800159996047e+00 6.670473743474360617e+02
9.977155992974724441e+00 6.672523574680858474e+02
9.995910420244420891e+00 6.669488900133377456e+02
1.000866994434975510e+01 6.667557835740652763e+02
1.000996767920801389e+01 6.669529812653731824e+02
1.000452487322294282e+01 6.673668208909455188e+02
1.000176305534061605e+01 6.671951512095866974e+02
1.000706900001646815e+01 6.669141829426648655e+02
1.001320212347640926e+01 6.669484443195899530e+02
1.001204075152946338e+01 6.666471191754649226e+02
1.000573284465053625e+01 6.668709890765362616e+02
1.000646068303533909e+01 6.670524600113776614e+02
1.000159311154914477e+01 6.666463600606612090e+02
1.000381519138954722e+01 6.665189810987127430e+02
1.001959807400450586e+01 6.673376267064035119e+02
1.001819447304929867e+01 6.673044812959670935e+02
1.000622717542049855e+01 6.673822102625274511e+02
1.001027333594305446e+01 6.672708822449112631e+02
1.000690707005440672e+01 6.670358190410937596e+02
1.000797556982123560e+01 6.666414582593071145e+02
9.986580311052353665e+00 6.666972748882034239e+02
1.000358809448809261e+01 6.672028526517526643e+02
1.001509643519921688e+01 6.668719429098877072e+02
1.000716917179562238e+01 6.667265788226121686e+02
1.001116947700836590e+01 6.671555776521337293e+02
1.000357228809250110e+01 6.670335709804921862e+02
1.001439496968141185e+01 6.663967996739226010e+02
1.002226877572957875e+01 6.664004911134708209e+02
1.001632465761127655e+01 6.667360724191063355e+02
1.001166738890001540e+01 6.666181815341985839e+02
1.001635597876718897e+01 6.663883487147685400e+02
1.001345983587837196e+01 6.666192757768760657e+02
1.001039954923451170e+01 6.664044974543290891e+02
1.001238818936961472e+01 6.664497233875188158e+02
1.001683776819181126e+01 6.662815570938323617e+02
1.002748918990202398e+01 6.659390031363135449e+02
1.001584150065658996e+01 6.660527623594385886e+02
1.001101142234233166e+01 6.662407510290612436e+02
1.002015011501635833e+01 6.661095119359175669e+02
1.001889008154427607e+01 6.661927474291463795e+02
1.002233577589649016e+01 6.659661039416748736e+02
1.002397625204580756e+01 6.663439845588874277e+02
1.001038398895337345e+01 6.658353577594059516e+02
1.001194074207255547e+01 6.658716809190487993e+02
1.001215934246117278e+01 6.657633484583176369e+02
1.001718426773085646e+01 6.658043808452762278e+02
1.002877034862107486e+01 6.655603257516731901e+02
1.002340261172819424e+01 6.662661069026256655e+02
1.002158038856606836e+01 6.660335824640735609e+02
1.002335931565193583e+01 6.664301555090995635e+02
1.003263444538641913e+01 6.662723467272252265e+02
1.004243722014011198e+01 6.660552085892163632e+02
1.003110813664076773e+01 6.661631139173820202e+02
1.003011196290873563e+01 6.656032446971731815e+02
1.002299258246094915e+01 6.655256121985565869e+02
1.002387513363899885e+01 6.656080806721597583e+02
1.001274144589247328e+01 6.654141190879201986e+02
1.000870876043432567e+01 6.660132705737933065e+02
1.000269398194675041e+01 6.657284224354659727e+02
1.000133269023795357e+01 6.651819373944707650e+02
9.999013435448629750e+00 6.652835102202001281e+02
1.000847077986355416e+01 6.654682936446982922e+02
9.999426258937232248e+00 6.655936148456688670e+02
1.000846555849239117e+01 6.659429101443752188e+02
1.000188138307432340e+01 6.661593079860789430e+02
1.000885272263459846e+01 6.665129185584883089e+02
1.000826030355693774e+01 6.661422583493394995e+02
1.002078490750729856e+01 6.658057740830618059e+02
1.003861724907041264e+01 6.667949416935994122e+02
1.002653918223359852e+01 6.666264966207750149e+02
1.001849910539033495e+01 6.663299817998255321e+02
1.000726486221377343e+01 6.663497811346414892e+02
1.001597344267432987e+01 6.664738189056461124e+02
9.996286249634138699e+00 6.660497041462459720e+02
9.987024079655508757e+00 6.657687882011994134e+02
9.991562550407168786e+00 6.662516689283895630e+02
9.987048770039201884e+00 6.658780918490076601e+02
9.991232028033195434e+00 6.661406362643209604e+02
9.996238772209517620e+00 6.664074620718433835e+02
9.999285598336021152e+00 6.655799572718912032e+02
1.000562793756073710e+01 6.657686892834620949e+02
9.996092651950711172e+00 6.665860460666140170e+02
9.991125926698222415e+00 6.668457678865175922e+02
9.999231640181838188e+00 6.664582459455826893e+02
1.001526326985533544e+01 6.663304057367297446e+02
1.001370306554940726e+01 6.664510201550093598e+02
1.000969580134878889e+01 6.666067333932199972e+02
1.000505064346370609e+01 6.662775011429399683e+02
1.000506984930986576e+01 6.668172874816060585e+02
1.001157191515664735e+01 6.667767464608349428e+02
1.001920904927408351e+01 6.666932836465994114e+02
1.003196215061404217e+01 6.671956432997511683e+02
1.001554700950959642e+01 6.669238639946798912e+02
1.001216534035875583e+01 6.667023892887212924e+02
1.002131610583730570e+01 6.668916001953098203e+02
1.000144293210297164e+01 6.662192389134925179e+02
1.001582880262346720e+01 6.656503803815978699e+02
1.001334511222354529e+01 6.655581370547212146e+02
1.001374893243467490e+01 6.660909906115439298e+02
9.999692078530676653e+00 6.662657568390983442e+02
9.991647728825602925e+00 6.661457203792956534e+02
9.998603659416529510e+00 6.663228619330586753e+02
1.000153767787620573e+01 6.661551368033997278e+02
9.996070862653294142e+00 6.664685344806894136e+02
1.000056244806024708e+01 6.664045245559572095e+02
9.997450892155470115e+00 6.660227787463654749e+02
9.997187020110731126e+00 6.653450887271068268e+02
1.000493593247274760e+01 6.655890554639724996e+02
9.991989222130680304e+00 6.661656192398356779e+02
9.992627343850125854e+00 6.654517980100653176e+02
9.998329559703156733e+00 6.657421219850417629e+02
9.996625206134089225e+00 6.662123512919609993e+02
9.991207383157533428e+00 6.658387836479132602e+02
9.981208073676761217e+00 6.658030257955324487e+02
9.980738367875122918e+00 6.655275920775286522e+02
9.992257963462288117e+00 6.657336535452614044e+02
9.986932995495676479e+00 6.657617351039422147e+02
9.980907244570190073e+00 6.658462666660174136e+02
9.974159989920007519e+00 6.654817129885095710e+02
9.971102698406710374e+00 6.657058760045204053e+02
9.962758613113297912e+00 6.653076907259047630e+02
9.970600042667248530e+00 6.660064079480838473e+02
9.973294498244015927e+00 6.660170611504227054e+02
9.959090270641823395e+00 6.663286957067850835e+02
9.968461680590158025e+00 6.663329812731880111e+02
9.948497622193341883e+00 6.660821860937323891e+02
9.943904760473511573e+00 6.665251489985874969e+02
9.950174731442428921e+00 6.663063271666151195e+02
9.958704725785610279e+00 6.663439821570071899e+02
9.951750567733903097e+00 6.662763357510527840e+02
9.948881937405923637e+00 6.665737937846765817e+02
9.959924032005289973e+00 6.662446752789785478e+02
9.959847162348012262e+00 6.657421250534957835e+02
9.975818430877762211e+00 6.658813071833899357e+02
9.971879292483897927e+00 6.663404226469039031e+02
9.962705074610324729e+00 6.664320628662901527e+02
9.976740914390552106e+00 6.668764629628979037e+02
9.978383126420430571e+00 6.668708961417735281e+02
9.984581864532938056e+00 6.669128934916410572e+02
9.988393233129963633e+00 6.673437981058681316e+02
9.995843523553940457e+00 6.670125875642328310e+02
9.988470033230445466e+00 6.670093433062174881e+02
9.993255044754336680e+00 6.667339803190723160e+02
9.990551210294160711e+00 6.667669439031104730e+02
9.994801281928426206e+00 6.662394096227794762e+02
9.988736494120439957e+00 6.664023573486434771e+02
9.986041222259339989e+00 6.665778177375664200e+02
9.983099516970279197e+00 6.663028923176769922e+02
9.981588344085471576e+00 6.662812052735972657e+02
9.975604635827661326e+00 6.660445237671590348e+02
9.976206362501040203e+00 6.659228232811904036e+02
9.973035474399626565e+00 6.663495615916837096e+02
9.988437067977123718e+00 6.664872689311087015e+02
9.986225661711316093e+00 6.674052703660182715e+02
9.982494823622246827e+00 6.670122140728146860e+02
9.988040975032633995e+00 6.669212035893003758e+02
9.998735187439947936e+00 6.666596948853318736e+02
1.001411062365161797e+01 6.663378172731406721e+02
1.001755194475632216e+01 6.664440187358427465e+02
1.001241235640315175e+01 6.666159065181658434e+02
1.000606245063340616e+01 6.670159328920116195e+02
1.000766112282870424e+01 6.669162641543341579e+02
1.002028695751415377e+01 6.666170718211429858e+02
1.002330397129978401e+01 6.671604704468968521e+02
1.003239498396135687e+01 6.670806258859271338e+02
1.003811552251171513e+01 6.671029470401819026e+02
1.003257295242091196e+01 6.669191077116867064e+02
1.003567844741026427e+01 6.668151692330879996e+02
1.002888792554317732e+01 6.678155074166396616e+02
1.003676026710739499e+01 6.672703870637452610e+02
1.003658805440930912e+01 6.670376362590167219e+02
1.002048507157561019e+01 6.671296286734285559e+02
1.000954578597766265e+01 6.674475289794366972e+02
9.999612196446342693e+00 6.681797637472764109e+02
1.000908337454858632e+01 6.680891992759635514e+02
1.000559181352507210e+01 6.679091247365015533e+02
1.000310855571224167e+01 6.678787938944213920e+02
9.990130640887164404e+00 6.677697567441539377e+02
1.000976190854666115e+01 6.672030648976971179e+02
1.001709156883118901e+01 6.668043593918694114e+02
1.000485546599538722e+01 6.670934170732716666e+02
9.999838176970760273e+00 6.672242437258876180e+02
1.000140231271702440e+01 6.671135176513599845e+02
9.993880964930305311e+00 6.674157080565968272e+02
1.000641320731712369e+01 6.670220242118720080e+02
1.001545420240544892e+01 6.668744844585266947e+02
1.001557315598294196e+01 6.670908636084236605e+02
1.001129929832784171e+01 6.668600074220310034e+02
1.001893623176085590e+01 6.673248530196319734e+02
1.001136509213707981e+01 6.669345700075936065e+02
1.001336286366751516e+01 6.672264255703274785e+02
1.002206265522828055e+01 6.669067983643640218e+02
1.002619508430941409e+01 6.672715387847272268e+02
1.002382139526343785e+01 6.676179475300891681e+02
1.001927469113982916e+01 6.670671989133302304e+02
9.998083116745148047e+00 6.667349045559375327e+02
9.989716833929415785e+00 6.663538567350136645e+02
9.996599923721024794e+00 6.663353617795578430e+02
9.999766271895005332e+00 6.664869194659250979e+02
9.995986883973388970e+00 6.662606715705082934e+02
1.001241304553441047e+01 6.660156419009133515e+02
1.000644782423299262e+01 6.665020875692348454e+02
9.994326762912164597e+00 6.666982403007715448e+02
9.989353867366675743e+00 6.664240756836164792e+02
9.988414188062932908e+00 6.665887453999027912e+02
9.995890567971470020e+00 6.660169084734282023e+02
9.968614175732254168e+00 6.668960536133178039e+02
9.974053576677164301e+00 6.668860628839411220e+02
9.978498849360217804e+00 6.667168893812803390e+02
9.987010036949499181e+00 6.665503245808689599e+02
9.991136293859057105e+00 6.666665284342752784e+02
1.001032980141606643e+01 6.665797512653539343e+02
1.000464995940463275e+01 6.666935287404096471e+02
9.998354075185469370e+00 6.661950672838826222e+02
9.981007260103893941e+00 6.664867312699520880e+02
9.978463052046206982e+00 6.660893358749054869e+02
9.975905195193355723e+00 6.657801621045633738e+02
9.988771243055875715e+00 6.668479218102472714e+02
9.978969918131017636e+00 6.661852027765436333e+02
9.983210504097755233e+00 6.663562505915007250e+02
9.993355853309211057e+00 6.661044314445391592e+02
1.001061691383574015e+01 6.657842726945040113e+02
1.001839280961947942e+01 6.654313090164474715e+02
1.000757075978149224e+01 6.652741276361790597e+02
9.995723563171184267e+00 6.655016083769156694e+02
1.000211125484409713e+01 6.654399317822059174e+02
9.999375808062845650e+00 6.653937105689318514e+02
1.000196189140077152e+01 6.648283829752747351e+02
9.992631635081453467e+00 6.651524839581234119e+02
9.990097352504282213e+00 6.651135031432985443e+02
9.993342784230023312e+00 6.652025870718769056e+02
9.985993508414482633e+00 6.656802645463477575e+02
9.987263422271585256e+00 6.661321268277692980e+02
9.980792386019405882e+00 6.659638976712599288e+02
9.997396728389983167e+00 6.657904974732934988e+02
9.990087304123669298e+00 6.659926660992650795e+02
9.989605208051564489e+00 6.657210765747073538e+02
9.996807882175909654e+00 6.660194821529555611e+02
9.996085730967726235e+00 6.663896335372878639e+02
9.994612552366469060e+00 6.665726323969830673e+02
9.992270206045374081e+00 6.657677470954236014e+02
9.988177275570363278e+00 6.656510272380803599e+02
9.992717457444392437e+00 6.659409756969505452e+02
9.994947750790686314e+00 6.661322234637725614e+02
9.993533392588044961e+00 6.658322263224520157e+02
9.975111218083352327e+00 6.653292290692429560e+02
9.979812305183234145e+00 6.659640928568522895e+02
9.996594724689446210e+00 6.658074274535470067e+02
9.999422901552456722e+00 6.659060475084409063e+02
1.001541698803850089e+01 6.659389153755487314e+02
1.001620284910064740e+01 6.660377046200085260e+02
1.000521519162515993e+01 6.661006482848557653e+02
1.000316543611718600e+01 6.663910728566588659e+02
1.002010775675402954e+01 6.660419510014481830e+02
1.002214565013241554e+01 6.656904730929326206e+02
1.002360734687053778e+01 6.657674354929545188e+02
1.002234606442805642e+01 6.664736474596028302e+02
1.001098200333799504e+01 6.658506256381705271e+02
1.001492889101934480e+01 6.663021764444309838e+02
1.002123522837878689e+01 6.658222602045404983e+02
1.002396843558127948e+01 6.661114685678487604e+02
1.001567400621403436e+01 6.662760530999104276e+02
1.001991158691910933e+01 6.659243146356009220e+02
1.001300900516860004e+01 6.662002859506219465e+02
1.001347170844133139e+01 6.657829889105313441e+02
1.001824442879402710e+01 6.659433333086886933e+02
1.001675342993701712e+01 6.654439279032967534e+02
1.003178386528538901e+01 6.657378219845789999e+02
1.001006837104744740e+01 6.653040970945828576e+02
9.999525263732545355e+00 6.659475461261084774e+02
9.990168685636398038e+00 6.658151637676636483e+02
9.991795530314949048e+00 6.657494094990477151e+02
9.990707907241905161e+00 6.657199224814978606e+02
9.996886387118468775e+00 6.660525242391300935e+02
9.992612665455636645e+00 6.655839897208988987e+02
9.969500969263936696e+00 6.658385846617039761e+02
9.981319564773727393e+00 6.659803004738290610e+02
9.967457877093867324e+00 6.663105545511492664e+02
9.981184832022828246e+00 6.658637876497331263e+02
9.977046683039391795e+00 6.659523217240686108e+02
9.979071454151354104e+00 6.654809981372086440e+02
9.978888557948835114e+00 6.664201223087935659e+02
9.981156687103247549e+00 6.663810841367679814e+02
9.981741214457144906e+00 6.657765448972764943e+02
9.985208633236725362e+00 6.658093508042622943e+02
9.988403911834602411e+00 6.657464127005291630e+02
9.978587060487141613e+00 6.660276449318824916e+02
9.975071084477427519e+00 6.660170706600835047e+02
9.974845014741369198e+00 6.661114617755841891e+02
9.979762076740641419e+00 6.667023708754560403e+02
9.987288898683518212e+00 6.668423071687926722e+02
9.977846689215649434e+00 6.666189326857396509e+02
9.978839239536570815e+00 6.666924548769416106e+02
9.972237893197043235e+00 6.664516168007239685e+02
9.985157810016472624e+00 6.666678350171001739e+02
9.988432254257698872e+00 6.666005913212324003e+02
9.985006932171158311e+00 6.666573315713663987e+02
9.990820920640830494e+00 6.668526337669776467e+02
9.994969695631404250e+00 6.670055995074000066e+02
1.000532799977764320e+01 6.669714721240244444e+02
9.995407536870377641e+00 6.669539950046910235e+02
9.995738069391396863e+00 6.668620406039185582e+02
1.000137061802978522e+01 6.663112694176097648e+02
9.992189482760242214e+00 6.663709935230775727e+02
9.978829667885397825e+00 6.660771482725754140e+02
9.970883471142299115e+00 6.658770017143850737e+02
9.971772427314164133e+00 6.660914048103732057e+02
9.968263764514675884e+00 6.658547331957776123e+02
9.975789582354808616e+00 6.669183478227195110e+02
9.983471390800584544e+00 6.671064635138972108e+02
9.981394975418719895e+00 6.673311349872998335e+02
9.991329530996649666e+00 6.670662586435324783e+02
9.993240550891524521e+00 6.675463296525084615e+02
9.998544417167433807e+00 6.670623874093063250e+02
9.999538590256804582e+00 6.667918246827879329e+02
9.998099563772113285e+00 6.664604043706159473e+02
1.001102185387846077e+01 6.664446409544776770e+02
1.002177870279578009e+01 6.658107690817317916e+02
1.001140730246381771e+01 6.663469173945633202e+02
1.001352144234791730e+01 6.667374754187172812e+02
1.000139985465376213e+01 6.663412645220350896e+02
9.994958361384217227e+00 6.666604593750091681e+02
9.989210660900953442e+00 6.664905602653827827e+02
9.992312726652723853e+00 6.668009842817431263e+02
1.000300282363632220e+01 6.672519509490311975e+02
1.001091384678382035e+01 6.673899690382254448e+02
9.998238452036568802e+00 6.672090118782329000e+02
1.000140647447711828e+01 6.672449399973136224e+02
9.999977859044456352e+00 6.671456093403089653e+02
1.000279885810035729e+01 6.667447012678561578e+02
1.001240043180676054e+01 6.666285667890232389e+02
1.001276135524759958e+01 6.667676957517610390e+02
9.997682038091790346e+00 6.664553354725370582e+02
9.987479115621912484e+00 6.667368556096267866e+02
9.991554369770756949e+00 6.663349289014297483e+02
9.996699325300570038e+00 6.665120396202446500e+02
9.997094279713385490e+00 6.667559265095353567e+02
9.999194711686103076e+00 6.670745172402318985e+02
1.000677214927352843e+01 6.671835350621050793e+02
1.000858551152552778e+01 6.669831924729932098e+02
1.001507993176604572e+01 6.676194769461874330e+02
1.000526665216654720e+01 6.673561007801065443e+02
9.984490103434106700e+00 6.672140659608361375e+02
9.987636418794615167e+00 6.673573970233574073e+02
9.997979015611909048e+00 6.675193705187273281e+02
1.000086804546439723e+01 6.668962081651332028e+02
9.987836717642071704e+00 6.677974265581398186e+02
9.980154441520644681e+00 6.671263908456104446e+02
9.982695415505158820e+00 6.662804762412171158e+02
9.997947591701853653e+00 6.670044006264585050e+02
1.000260433101085589e+01 6.668165716202520343e+02
9.978318025126057478e+00 6.671491740160739710e+02
9.995176298474250487e+00 6.671994495828545269e+02
1.000737845144571381e+01 6.673735606294404761e+02
1.000178931779506009e+01 6.669645758945712259e+02
1.001471621446954252e+01 6.667790026576752780e+02
9.991296384204831682e+00 6.665545546225073394e+02
9.986586301114016351e+00 6.667733390889580960e+02
1.000037931764496690e+01 6.663661625553568228e+02
1.000837981562323620e+01 6.673656143898850814e+02
1.001840144203315219e+01 6.673729996080018054e+02
1.001371971865299670e+01 6.676710799289656961e+02
1.001180828781822285e+01 6.677756283116054874e+02
9.998134259048155670e+00 6.674826336353939951e+02
1.000551068035024116e+01 6.673891661759059843e+02
1.001446386772204633e+01 6.677511884828458051e+02
1.000081924700147695e+01 6.666729038239697047e+02
1.001052516600220521e+01 6.665521873801628772e+02
1.000767396063373305e+01 6.671775058488389050e+02
1.001576070523828577e+01 6.675572345911176626e+02
1.001720682278336128e+01 6.672690750842035641e+02
1.000582804095851053e+01 6.671802952327635694e+02
1.001466089533710502e+01 6.671638207487724230e+02
1.000702352035729170e+01 6.670507186600164005e+02
1.000907495688305282e+01 6.672355198468329718e+02
1.000123267503809110e+01 6.671316220849682850e+02
1.000151786140244425e+01 6.674218116271636063e+02
9.997892256053271254e+00 6.673277131384847962e+02
1.001564585775997607e+01 6.677747224978860459e+02
9.991768563812444270e+00 6.669738328911270173e+02
9.991777390927602198e+00 6.674282531020270426e+02
1.000436247695903091e+01 6.672399820836662911e+02
1.000135825362041864e+01 6.669528840654337500e+02
1.000918989851266261e+01 6.664529126124741651e+02
1.000760948805658934e+01 6.672788260904420667e+02
1.000913229691681750e+01 6.669108976169749212e+02
1.000788086047182901e+01 6.665582279810315640e+02
1.000701251423834748e+01 6.671634738112238665e+02
1.000693847264133929e+01 6.671667143114182181e+02
1.001973551271775342e+01 6.676477253814729238e+02
1.001323004013986129e+01 6.675538765307668427e+02
1.000874744851240017e+01 6.675140108238271068e+02
1.000864179152759625e+01 6.674903191077119118e+02
1.001863729338564468e+01 6.668985234130632307e+02
1.002219371313626262e+01 6.670891356133656700e+02
1.001198259298143434e+01 6.666063570042109632e+02
1.001197834700861833e+01 6.661122766394264545e+02
9.999339198076690138e+00 6.662909157038436661e+02
1.000709945627315989e+01 6.661778860800974371e+02
9.993954572435233885e+00 6.659684709101038607e+02
9.980015641833761109e+00 6.662024783344650132e+02
9.989433785831975499e+00 6.669501239605208411e+02
9.985938903868996519e+00 6.666293397466845363e+02
9.986829032185898569e+00 6.665028188470258783e+02
9.998976549336827446e+00 6.658640610659597314e+02
9.995589135252558322e+00 6.660894787597446793e+02
1.000069998033302632e+01 6.659341196081294356e+02
9.997352025645088958e+00 6.657000687817453581e+02
9.992216874624039846e+00 6.660392088753161488e+02
1.000887306955771372e+01 6.665357205539102097e+02
1.001580172634142585e+01 6.664556649449782526e+02
1.001399002918713421e+01 6.670327113101695886e+02
1.000596114504662104e+01 6.666829125560416287e+02
9.988201362102387293e+00 6.667349079307421107e+02
9.996003761328983828e+00 6.669785129533204326e+02
9.987928825682693912e+00 6.674735172352400241e+02
1.000656536933578700e+01 6.675131441110305559e+02
9.992914960300012694e+00 6.674289004750222603e+02
9.980848460855712645e+00 6.675533869159698952e+02
9.996628990082111699e+00 6.665498884414213308e+02
9.987406955148150800e+00 6.668579189264816023e+02
9.993612073519841488e+00 6.676882932460734992e+02
9.992571566269205618e+00 6.672944338129622111e+02
1.000840682150301575e+01 6.674236093902743505e+02
1.000468970062068585e+01 6.673741791015144145e+02
9.991703728685864760e+00 6.669117153278197065e+02
9.990222107099601345e+00 6.669472753497449276e+02
9.982316754100214240e+00 6.670267808723955341e+02
9.993439347752209656e+00 6.669854095672965286e+02
1.000840549073065233e+01 6.670966518074877740e+02
1.001309249027885784e+01 6.672359316497455666e+02
1.000576241753604911e+01 6.673032874650969006e+02
1.001024080163922036e+01 6.666996802578169081e+02
1.000515519555640154e+01 6.662351543309988529e+02
1.000470156467005189e+01 6.662804641018760776e+02
1.000107914463487191e+01 6.657636329398935686e+02
1.000013294444462630e+01 6.661745266180480485e+02
1.000712498276338991e+01 6.665397148727029162e+02
1.000245447873057714e+01 6.663810472692999838e+02
9.995856362089732272e+00 6.663998279519231573e+02
1.001196648119500843e+01 6.662182484426928113e+02
1.000180994161102177e+01 6.662861942667143467e+02
1.000800669234017981e+01 6.661219864258956704e+02
9.985394110627563435e+00 6.668039904030956677e+02
1.000027397601326662e+01 6.663714711963164063e+02
9.983174134045681214e+00 6.661346898993124341e+02
9.990982604958135838e+00 6.657599430031168595e+02
9.986921077866925955e+00 6.666943623372653747e+02
9.998885275491865343e+00 6.660702958399556337e+02
1.000542312339147877e+01 6.658212055563117246e+02
9.999204976696224989e+00 6.660788898595442333e+02
9.992654850520663601e+00 6.667793096103695234e+02
1.000150948239171811e+01 6.659601177196022945e+02
1.000704926773726555e+01 6.663309877196306843e+02
1.000925749979964330e+01 6.667427927313357259e+02
9.998343423503193605e+00 6.667382279518471933e+02
1.000163545602918980e+01 6.662219470754631629e+02
1.001153230502058022e+01 6.664415853367829641e+02
1.000828603762185054e+01 6.665919419384971434e+02
1.000950124306460154e+01 6.667751878349525896e+02
1.002053327936068072e+01 6.676037374939606934e+02
1.001457457433168052e+01 6.673272533491366403e+02
1.001609807589597700e+01 6.670291683898553856e+02
1.002344310846112840e+01 6.670786420306126274e+02
1.001724699362772242e+01 6.670766200846285301e+02
1.001550936445164020e+01 6.669632089848986425e+02
1.001047568195905946e+01 6.671947833628917124e+02
1.001130735660591498e+01 6.670417917073182252e+02
1.001195590975397742e+01 6.668730689511725132e+02
1.001322118129415273e+01 6.675070872820524528e+02
1.001929879869797269e+01 6.668951585969372218e+02
1.001832531030538043e+01 6.668619934851965354e+02
1.001283981045809490e+01 6.668788719155415947e+02
1.000979608733046433e+01 6.667761640374575336e+02
1.001827882975679351e+01 6.669374337115960998e+02
1.001397648817358998e+01 6.666625470299433118e+02
9.999013042414835795e+00 6.670736682897027094e+02
9.997718059465910301e+00 6.672356531973034635e+02
9.987935453172459788e+00 6.669236803909403761e+02
9.990343560461287353e+00 6.664644899044454860e+02
9.989330972546888177e+00 6.668749869038665565e+02
9.980520220942015186e+00 6.670237834527366658e+02
9.975885684011569055e+00 6.664399174140177138e+02
9.965296298859950497e+00 6.665197480164998751e+02
9.976850675511265365e+00 6.664458893687705086e+02
9.976283131682309957e+00 6.670410986929391584e+02
9.976636151348767356e+00 6.665005244925209809e+02
9.980212921913654611e+00 6.660841257325905644e+02
9.984116473704457206e+00 6.659326086612824156e+02
9.988172928720938870e+00 6.661893336434578714e+02
9.987662497312831178e+00 6.661463990912773170e+02
1.000155153937484620e+01 6.665929119593236010e+02
1.000369551018622616e+01 6.669137024039436028e+02
1.000243873736820532e+01 6.671892082756041873e+02
9.998035005990947965e+00 6.672237621410193924e+02
9.998147609084128362e+00 6.669934108073871357e+02
1.001906812667650115e+01 6.673113067671159797e+02
1.001931410039895276e+01 6.669424925118298688e+02
1.000742890699616083e+01 6.664654123755473165e+02
1.000336330310145527e+01 6.664750232457656693e+02
1.000758564783027893e+01 6.661077551486911261e+02
1.000360740208271082e+01 6.662715908545923185e+02
9.999777363489213755e+00 6.659830118335044062e+02
9.997452036550608767e+00 6.663017296878936122e+02
1.000080901892878771e+01 6.660141148604134287e+02
9.996909048061581871e+00 6.665117629946900024e+02
1.001007202193206069e+01 6.658760614643832696e+02
1.001257367636578621e+01 6.660018577091944962e+02
1.002020825006018967e+01 6.664036289208574999e+02
1.001368382734728435e+01 6.668709564748473895e+02
1.000553254968591688e+01 6.665972587835186687e+02
1.000837652703941494e+01 6.670453949848767934e+02
1.001006674915285188e+01 6.671763743714068369e+02
1.000598652591467186e+01 6.672297674032946588e+02
1.001562618724100950e+01 6.666265598114028990e+02
1.000544592273588052e+01 6.668662730968297865e+02
1.000585267921597499e+01 6.673513523742014968e+02
1.000871802675502664e+01 6.671884714238515244e+02
9.994786574279554969e+00 6.672973165030791733e+02
9.995599775871019332e+00 6.671498076489150435e+02
9.992530452669614149e+00 6.670976669754187469e+02
9.984567224719523182e+00 6.673840279226864141e+02
9.983281406051670359e+00 6.674324868113968705e+02
1.000703229725640497e+01 6.672626592106335011e+02
9.995922838173775915e+00 6.677717904193197000e+02
9.989958404092266875e+00 6.671507123842668534e+02
9.996073200068716247e+00 6.669819886843365566e+02
9.989092099390820323e+00 6.662752807732543943e+02
9.998526325491734923e+00 6.660051766584402912e+02
1.000912323547571248e+01 6.669016989043889225e+02
1.000211045493322537e+01 6.664311228867812815e+02
9.992868716799106821e+00 6.663557547664717049e+02
9.988560618533517399e+00 6.662066378747578028e+02
1.000176727699087387e+01 6.661936964520685933e+02
9.981781181165203520e+00 6.661914933823321689e+02
1.000290784255007992e+01 6.663819946098553828e+02
1.000476317919993541e+01 6.664279954167035385e+02
9.997625276048458076e+00 6.666234446337795134e+02
1.000557458108617404e+01 6.667319106061244156e+02
1.000977966684380860e+01 6.663841079752960468e+02
1.000653849077984425e+01 6.669286159242884651e+02
1.000026905777796848e+01 6.671360967628469325e+02
9.997961043016781346e+00 6.670320178096501422e+02
1.001035098945727775e+01 6.670883385092014350e+02
1.001099277971142421e+01 6.671302120841695569e+02
1.001860121460947894e+01 6.667374396499798195e+02
1.002560468682402117e+01 6.670667422853568951e+02
1.002078510955671220e+01 6.670348487472983834e+02
1.002695916914333019e+01 6.671861044642610068e+02
1.003038580726726714e+01 6.676116931365933169e+02
1.001992909372270191e+01 6.675687811753323331e+02
1.003119174804925606e+01 6.670202936845432760e+02
