1.852621617721015745e+00 3.832340486529701593e+02
2.042342236692361812e+00 3.895038195900107212e+02
2.250746386858835102e+00 3.982660877424113437e+02
2.476320561582326274e+00 4.082014784970010624e+02
2.715167727132734576e+00 4.194089054003919728e+02
2.967379166550200509e+00 4.311561055220205390e+02
3.242206659716365014e+00 4.435849853353907406e+02
3.518302838286500034e+00 4.563146710714988217e+02
3.805443945377071202e+00 4.689772401674637763e+02
4.102412133011920758e+00 4.820298165356011282e+02
4.407321477310360613e+00 4.944999653983477401e+02
4.709749802395160501e+00 5.068949707260092055e+02
5.016530881316425550e+00 5.194785460098170233e+02
5.314338958867412366e+00 5.305646108599609079e+02
5.613891255805127933e+00 5.419987170329421815e+02
5.908654633948002832e+00 5.524788948832905362e+02
6.187231954508497722e+00 5.623135849627533389e+02
6.455158562330492344e+00 5.719501189497256064e+02
6.711159885405386660e+00 5.807672791764487101e+02
6.967165839996194876e+00 5.887349801575661559e+02
7.199318776659612062e+00 5.961445967564777675e+02
7.418912550418315988e+00 6.028956321732922561e+02
7.629156530621295396e+00 6.089887025928826461e+02
7.826440447165972536e+00 6.147001165242936622e+02
8.011242578498631417e+00 6.204205101953036774e+02
8.174203334428534973e+00 6.245651391619452397e+02
8.318286308057514233e+00 6.293112694459678096e+02
8.473951712612691978e+00 6.333922316533745516e+02
8.604997792258611611e+00 6.364690165080018005e+02
8.727028471169326451e+00 6.397222385348489979e+02
8.834400984146171254e+00 6.425118461047496794e+02
8.938664415338381630e+00 6.448024767831000190e+02
9.031458166368960150e+00 6.472339187276901384e+02
9.116143838071273819e+00 6.491638549789457784e+02
9.193519634761679882e+00 6.509062440350049883e+02
9.265400519891876741e+00 6.526082893371894897e+02
9.315107249506517917e+00 6.534362083445305416e+02
9.375688209680042462e+00 6.546484542047256809e+02
9.434682714210156362e+00 6.554893413177790080e+02
9.484198443934902301e+00 6.568644590823573708e+02
9.530117256336893661e+00 6.580241716579887452e+02
9.560613720169582663e+00 6.591908946352411931e+02
9.596341775156313147e+00 6.600204451744796188e+02
9.628467614868648994e+00 6.607850868365121642e+02
9.649509768270569054e+00 6.610065692272086153e+02
9.671645513695732888e+00 6.617718729729193683e+02
9.697199118885217572e+00 6.620388363849402822e+02
9.716434188349476031e+00 6.623879271402275890e+02
9.742764593752930580e+00 6.635345184405673535e+02
9.765701339688037663e+00 6.639024946439052428e+02
9.795571651350037712e+00 6.646495770751823784e+02
9.813851317754222592e+00 6.649560138522278976e+02
9.829725766981022517e+00 6.650562588893650400e+02
9.844304264688121364e+00 6.657501475869350998e+02
9.857051729731256984e+00 6.664100475385720301e+02
9.878372016137650036e+00 6.665373422004374788e+02
9.887348267219302045e+00 6.661343448832036529e+02
9.884418838919636130e+00 6.663201760062388530e+02
9.893736287874160595e+00 6.663489648859463159e+02
9.910310255108663924e+00 6.663543373059764008e+02
9.922678676952649823e+00 6.665973977640126122e+02
9.938780775495768438e+00 6.666758516873873077e+02
9.940897143029754801e+00 6.668153094618626255e+02
9.940801290955413094e+00 6.665095406428179103e+02
9.932887483066640044e+00 6.664844324934819042e+02
9.934919746082229608e+00 6.661512893598832079e+02
9.936058767360439248e+00 6.662129472797521430e+02
9.937127256682900978e+00 6.662893634563007481e+02
9.940709900905883245e+00 6.663752985916873968e+02
9.946303864808495376e+00 6.663453939153849888e+02
9.957470366897016589e+00 6.664370169135760307e+02
9.960873381012365968e+00 6.661926843025781864e+02
9.955413072601107416e+00 6.655522756239507771e+02
9.952472459440430796e+00 6.660902971611086514e+02
9.938653799233891917e+00 6.656341829212318544e+02
9.941281106556161262e+00 6.664220007345545582e+02
9.951356215766447022e+00 6.662553047414247658e+02
9.969544111152192301e+00 6.663941546129804010e+02
9.973172632879441224e+00 6.661992554758111282e+02
9.986206921594003916e+00 6.658076101747462872e+02
9.990865416896737017e+00 6.652978366412013429e+02
9.983884208010552541e+00 6.655338515307018952e+02
9.989639770995600188e+00 6.656345768481103278e+02
9.997803073015468556e+00 6.658831700070705892e+02
9.993445996752054583e+00 6.660974143966950578e+02
9.991727366442427538e+00 6.662558142153405925e+02
9.995819796648385491e+00 6.668414872696528164e+02
9.984490260531895700e+00 6.669236335554611514e+02
9.989912903261558341e+00 6.666845811031965923e+02
9.984547099995424446e+00 6.671188115358471578e+02
9.986714161940687617e+00 6.666650337356308000e+02
9.993435094220098236e+00 6.667491031628205747e+02
9.987261062982986104e+00 6.668129888039568414e+02
9.988022461777617877e+00 6.666747701354667015e+02
9.989130623066792225e+00 6.670453619821544180e+02
9.986044675955250582e+00 6.673467511048103233e+02
9.994780336869109050e+00 6.677655174209932056e+02
9.988227029367838128e+00 6.676970309792094440e+02
9.979922577716878962e+00 6.677071449166176080e+02
9.990925250254191425e+00 6.675316698195792924e+02
9.991192626810818211e+00 6.677919327158084570e+02
9.997006776819789664e+00 6.673446180363796429e+02
1.000653870098715181e+01 6.671232512974631845e+02
1.000274011714336986e+01 6.673095901029569177e+02
1.000954458870869423e+01 6.668402415864625254e+02
1.000822074537085093e+01 6.669830289460403492e+02
9.995464463352226048e+00 6.673873201508445163e+02
9.996231142497169486e+00 6.673610409212308241e+02
9.994746613194125828e+00 6.675094914829617210e+02
9.992824221113590255e+00 6.671989001354397715e+02
9.991115071765568345e+00 6.673614457314876063e+02
9.983968575358938224e+00 6.673727804444270078e+02
9.990582764305401042e+00 6.675184119147248794e+02
9.987518598173446449e+00 6.678075171028052637e+02
9.982146979408797804e+00 6.678989934904726624e+02
9.981042882953735429e+00 6.678551273398418289e+02
9.988796672731105275e+00 6.676163529562751364e+02
9.988882220412023116e+00 6.677780316964447138e+02
9.984438260600294157e+00 6.675400189952580376e+02
9.977159696755856899e+00 6.670321344783463928e+02
9.966189547137329185e+00 6.667081999714774838e+02
9.966902685952865326e+00 6.669166024416753089e+02
9.978039873988119979e+00 6.669748075224640615e+02
9.981210104175046283e+00 6.669577080749231754e+02
9.971312610329693626e+00 6.661478522201720125e+02
9.984116796808056193e+00 6.661981874870881484e+02
9.989205848000258570e+00 6.661276273566130612e+02
9.992281471468047016e+00 6.667291709348038466e+02
9.988893990781837928e+00 6.664908081648238749e+02
9.998869291684977512e+00 6.663808078300457964e+02
1.000345614790486160e+01 6.663074499133408608e+02
1.000867951521366273e+01 6.661964669881245982e+02
1.000957993700672510e+01 6.664772664702071552e+02
1.001692668672278153e+01 6.664690382134771198e+02
1.001646092548281075e+01 6.663508961245262299e+02
1.001366489611778832e+01 6.663536488879984745e+02
1.001782040399512042e+01 6.666537443009488015e+02
1.001038670870964431e+01 6.668604261102556165e+02
1.001008760047664659e+01 6.665536113330171020e+02
1.000627313685939157e+01 6.662091339403253869e+02
1.000081373684282404e+01 6.663201954401121156e+02
1.000012441423658238e+01 6.658560902413953499e+02
9.994488078675068721e+00 6.656088945622253732e+02
9.997486723945044673e+00 6.660347533556043800e+02
1.000000583281483735e+01 6.661923956368711970e+02
9.997090908212896920e+00 6.659304674530468446e+02
9.996532830472396824e+00 6.666471871848661976e+02
9.999725790358739985e+00 6.662562220015779531e+02
9.991796674188499594e+00 6.666099091375166381e+02
9.996971122859271475e+00 6.667128375224808678e+02
9.997551196761865100e+00 6.665609348865583570e+02
1.000608741737681129e+01 6.667631243181008358e+02
1.001154318705861179e+01 6.668119129851831985e+02
1.001609154443097971e+01 6.662770691491050457e+02
1.002186116338458000e+01 6.660328914256981534e+02
1.001888629956604504e+01 6.666795813387836915e+02
1.001277930410398476e+01 6.671672094545095888e+02
1.000602367726975395e+01 6.665673696562927262e+02
1.000009220017344624e+01 6.666380327820626235e+02
1.000044749119468257e+01 6.670405265348064177e+02
1.000907127269579355e+01 6.673448343550145410e+02
1.000551650682430704e+01 6.673518588211305769e+02
1.000202449091066725e+01 6.669513205745523692e+02
1.000022292681469871e+01 6.667879910760785833e+02
1.000419415007393553e+01 6.666253958263032473e+02
1.000653081611466710e+01 6.667426118590033184e+02
1.000402454446766143e+01 6.663567276479506063e+02
1.001465155311023025e+01 6.663465689284390692e+02
1.002279050391272541e+01 6.661919264987534461e+02
1.001765120092476735e+01 6.662345241847001489e+02
1.001107469531583938e+01 6.664923223537959984e+02
1.000610919946920419e+01 6.666561889502962686e+02
1.001286562206985487e+01 6.666979417208302721e+02
1.001344946175697181e+01 6.661208488296796304e+02
1.001769407661894284e+01 6.660397742275893052e+02
1.001919218768230557e+01 6.661144265122205752e+02
1.002005547167641808e+01 6.662901777238795376e+02
1.001724969401000642e+01 6.664749659777268107e+02
1.001868735682410261e+01 6.665974669897834701e+02
1.001827775869104720e+01 6.664086302825751318e+02
1.003125596375740969e+01 6.660440346604908655e+02
1.001506835520803662e+01 6.664937644236561027e+02
1.000990991763216797e+01 6.662500301420789128e+02
1.000782195402729613e+01 6.663093878873498852e+02
1.001430670182052651e+01 6.669847995639565852e+02
1.001245139241459547e+01 6.666715926028998638e+02
1.000308497928532070e+01 6.668563993323715522e+02
9.985138923867433292e+00 6.673598065501387282e+02
9.991188750699159016e+00 6.670498678446127769e+02
1.000092450252328646e+01 6.670696694013900014e+02
9.990357616358661375e+00 6.671191177589422523e+02
9.997574855978824004e+00 6.669663237164238581e+02
1.000727120686971539e+01 6.671374287002893197e+02
9.994602222326991026e+00 6.673014376271078163e+02
1.000503358443296165e+01 6.666347741003205556e+02
1.001073361153382812e+01 6.668774970762158318e+02
1.000600066685432310e+01 6.665958032927732120e+02
9.998042719709216541e+00 6.667561765516954893e+02
9.994594631299131393e+00 6.666457964112439640e+02
9.982695973071580298e+00 6.664230904366858113e+02
9.994610621848316612e+00 6.661115986661708348e+02
9.997556966463401196e+00 6.662088379079002607e+02
9.995336871477851659e+00 6.662779109029266920e+02
9.993027585852322758e+00 6.659177638687245917e+02
9.995083221572160781e+00 6.662531786657795010e+02
9.987075523472732641e+00 6.662879560858322066e+02
9.994361633105683040e+00 6.658996848050950348e+02
9.991520133596800690e+00 6.662322686076765876e+02
9.980447493807016457e+00 6.664836456041750807e+02
9.983199886497489572e+00 6.660114696329339949e+02
9.986385418817421922e+00 6.659555884081352133e+02
9.988995052227076954e+00 6.661655452600132321e+02
9.972946332777196332e+00 6.657079679937241963e+02
9.985706904291866692e+00 6.655646530454157528e+02
9.986446623365997866e+00 6.661333667178786300e+02
9.982096449741948874e+00 6.665773604110047472e+02
9.978764933110889856e+00 6.668971673717859403e+02
9.981750761634677005e+00 6.669586256982918258e+02
9.974682632875399690e+00 6.667374829942905308e+02
9.985814217012491056e+00 6.672765336943526790e+02
9.998837120692192215e+00 6.670549397482337781e+02
9.991745062608453409e+00 6.671709331407723766e+02
9.984205342731645061e+00 6.670938467180932321e+02
9.999211236412051562e+00 6.670238897042216877e+02
9.995678233242536237e+00 6.674522351439970862e+02
9.989146546698965068e+00 6.671700839171561483e+02
9.986314582075056734e+00 6.664815144796299364e+02
9.990563419377012977e+00 6.663062684828685178e+02
1.000517321279081706e+01 6.662404391071693226e+02
1.000536388915882213e+01 6.665172812275964134e+02
9.992658342120639858e+00 6.667979041425373907e+02
9.991470445665102673e+00 6.665962750991554913e+02
9.981423761752902024e+00 6.663840039148656160e+02
9.980286027037923446e+00 6.663793910563878171e+02
9.972750018988772780e+00 6.666549756598276417e+02
9.978774338519608378e+00 6.660168990314448365e+02
9.981834342831966467e+00 6.663518192206337289e+02
9.981832433185042319e+00 6.664004932062081252e+02
9.982440423921499217e+00 6.664006750515620752e+02
9.987822001587884913e+00 6.662095750858732117e+02
9.992404596758722946e+00 6.664624553148272526e+02
9.984297705609296969e+00 6.668654068139279616e+02
9.986547763842246184e+00 6.664442881135155403e+02
9.995831189730814970e+00 6.663853310557888108e+02
1.000302147108937056e+01 6.662777070015728214e+02
9.999965159677488558e+00 6.663381545533039798e+02
9.996089321376050663e+00 6.658398922155994342e+02
9.993383949270111088e+00 6.663843067629720736e+02
9.990801151329140595e+00 6.668806943586413354e+02
9.995101543725763094e+00 6.671117439334962000e+02
9.996957451793157645e+00 6.668377646184620744e+02
9.996989611056102731e+00 6.669531314098092025e+02
9.989748764597901953e+00 6.668955860441935783e+02
9.999618105604518803e+00 6.670547005181203986e+02
9.983000841065713615e+00 6.671089105496578213e+02
9.978217197914672099e+00 6.670559512855134017e+02
9.985045848694580783e+00 6.666011974134106595e+02
1.000223910177448339e+01 6.667146243047511689e+02
1.000109094842727231e+01 6.667614755641844795e+02
9.991991170194541638e+00 6.669499399768458261e+02
9.997245819719703164e+00 6.662802841258640001e+02
9.999129575877891085e+00 6.671999870508997219e+02
9.989948406437424211e+00 6.670951504600649287e+02
9.987916721438732992e+00 6.673098072545722061e+02
9.986336409583595142e+00 6.672134929365768130e+02
9.994402141047654453e+00 6.674831252814615254e+02
9.979490713473442298e+00 6.673970582494189330e+02
9.990869752781559754e+00 6.671945626956874094e+02
9.991933397516071125e+00 6.672312935916415881e+02
9.998708120792771936e+00 6.675416849660440448e+02
9.994917968285436771e+00 6.676522084401095753e+02
9.997980401544658946e+00 6.675399167389279000e+02
1.000095856631188518e+01 6.671613606152085367e+02
9.997787678944513701e+00 6.672390971342169905e+02
9.994404495436780778e+00 6.666435394000500310e+02
9.998383066690777810e+00 6.667993480223636880e+02
1.000007982750960522e+01 6.665317996104693066e+02
1.000987792566757051e+01 6.666361868736219094e+02
1.000427698655548348e+01 6.663279118607314331e+02
1.000915544513766342e+01 6.665206642248964499e+02
1.000982623192940402e+01 6.667788267878279385e+02
1.001513593774376254e+01 6.664891986192841387e+02
1.002220870641870576e+01 6.662669984747429908e+02
1.002005207140462417e+01 6.661997711722444819e+02
1.001848654702611796e+01 6.666540838747343969e+02
1.001644667494965724e+01 6.663144957968396511e+02
1.001049537556574442e+01 6.661136601827656705e+02
1.001561049459327180e+01 6.662791077722808950e+02
1.001925394979465800e+01 6.662386877198593993e+02
1.002115578354367464e+01 6.661253276305184272e+02
1.002521492789650992e+01 6.666012468025105591e+02
1.002165252430902420e+01 6.660728189157746328e+02
1.001924329318040563e+01 6.663128859159194235e+02
1.001573091352677558e+01 6.664347036190478093e+02
1.001342328367327816e+01 6.669515590193152548e+02
1.001575351465062802e+01 6.666601576406342247e+02
1.001175867265257047e+01 6.665411856662982473e+02
1.000922433697492231e+01 6.667238445393616075e+02
1.000336603730765539e+01 6.665719099454589696e+02
1.000588315947448059e+01 6.666971643638578371e+02
9.997281317554767455e+00 6.667795292045965425e+02
1.000030824540353436e+01 6.667762188010602813e+02
1.000897757398801957e+01 6.663372160975628731e+02
1.000533058130922370e+01 6.660860417412101242e+02
1.001354518871616150e+01 6.657281549316739984e+02
1.001281089476231578e+01 6.654922052568632580e+02
1.001696163666034245e+01 6.660330889388943660e+02
1.001592939853177811e+01 6.660444315644970175e+02
1.000875202927013241e+01 6.659493495253308311e+02
1.000364755982550946e+01 6.662841459302057956e+02
1.000738535521153594e+01 6.660768326590605284e+02
1.001889021448264039e+01 6.664226717184650397e+02
1.001693621310755056e+01 6.670256025256293242e+02
1.001131676044446372e+01 6.674905344352750944e+02
9.998475083049081391e+00 6.670099945126908096e+02
1.000022603751503603e+01 6.669449791076472138e+02
1.000443406008655778e+01 6.666884309197996572e+02
1.000444595765457123e+01 6.663202831790769096e+02
1.001456811325652296e+01 6.663890562957062684e+02
1.001884109726406002e+01 6.659436309817182291e+02
1.000185933411964001e+01 6.657472944252486968e+02
1.000250727294212538e+01 6.658559192079334252e+02
9.993996673526774899e+00 6.664242413267985512e+02
1.000318071122863550e+01 6.663871454447122460e+02
1.000155037426490523e+01 6.668272136097016300e+02
1.000591759108052692e+01 6.666492364114906195e+02
1.000244534604072832e+01 6.666405756586032112e+02
9.998692127739465363e+00 6.667148884105821480e+02
9.991829195010984321e+00 6.663893891516163421e+02
1.000209391222085564e+01 6.665299528739981270e+02
1.000240014542401035e+01 6.668478927470573581e+02
1.000491309055664679e+01 6.670584600027705164e+02
1.001078992436273651e+01 6.668065319620117180e+02
1.000927053910628928e+01 6.667986023662307389e+02
1.000773421869341107e+01 6.664920975859752161e+02
1.001206662003945169e+01 6.661665975385936918e+02
1.000431550140569037e+01 6.661475089133989513e+02
1.000537749716956881e+01 6.663355243258264409e+02
9.990379543393720141e+00 6.664713706861812170e+02
9.984882192578872662e+00 6.662262233237836426e+02
9.981585782329386092e+00 6.665987006624851574e+02
9.993349915088046487e+00 6.665041600743828667e+02
9.990444886303265548e+00 6.663490228132852735e+02
9.976979731407091379e+00 6.663776400216307820e+02
9.986455794673489095e+00 6.665770584476091472e+02
9.989555674409743347e+00 6.663678105269176513e+02
9.996928183913423638e+00 6.666325353771836717e+02
9.986722706406320427e+00 6.667116486427543123e+02
9.985950141227585064e+00 6.663165645423237038e+02
9.978452510643021967e+00 6.659233390605272689e+02
9.979581088764737373e+00 6.656579988841299382e+02
9.983723587967956448e+00 6.658621464188465779e+02
9.991792883144631432e+00 6.657292660485894658e+02
9.993980195711007042e+00 6.663813224870970089e+02
9.994165466613459614e+00 6.666154401902626887e+02
9.998219366071285918e+00 6.669617967676472290e+02
1.000992521397584412e+01 6.667938667445964711e+02
1.001163459154239987e+01 6.667880163980831867e+02
1.001818497930757523e+01 6.666475272728182517e+02
1.001034958117188189e+01 6.669403514911083448e+02
1.000281127416482718e+01 6.666468890183112990e+02
1.000316189881589146e+01 6.663138965938005640e+02
9.999019482165925510e+00 6.666496823873811763e+02
9.989241000733308340e+00 6.666391903616139416e+02
1.000406755832830541e+01 6.666000436147738810e+02
9.996419168543585698e+00 6.664903605941026399e+02
1.000349222112492775e+01 6.663903391296036034e+02
1.000055630955749031e+01 6.665889115960335403e+02
9.998966424918785734e+00 6.667751111227487399e+02
9.992801903196980362e+00 6.670080729869931702e+02
9.998740355552900638e+00 6.667830486718261227e+02
1.000197868990088246e+01 6.670317035241432677e+02
9.999588752482333476e+00 6.674874516173229040e+02
1.000487800034353469e+01 6.670190088078794588e+02
1.000555243669652938e+01 6.674291322099370518e+02
9.993829168090371695e+00 6.670401762368899199e+02
9.993047534105595986e+00 6.671209268387891598e+02
9.985789217276479945e+00 6.669972827456194864e+02
9.974658910020339775e+00 6.666186858477815349e+02
9.984981024108352088e+00 6.667004895381027154e+02
9.975579633617273956e+00 6.668758208465454800e+02
9.982656921646750448e+00 6.665888348589568295e+02
9.976085990774533840e+00 6.662112412659917027e+02
9.990121799346031395e+00 6.661953682925253588e+02
9.992310506577942064e+00 6.664987745681692104e+02
1.000602078622723212e+01 6.662287795451160264e+02
9.997597247504447893e+00 6.666036598996211069e+02
1.000210337332336508e+01 6.667368029595497774e+02
9.998224187695672782e+00 6.673109927861991082e+02
9.990270255312637460e+00 6.671255116641832501e+02
9.996247912509206301e+00 6.670723092256342852e+02
9.992861725569017750e+00 6.665076656249742655e+02
1.000355369883008905e+01 6.666606158353496312e+02
1.000521364200137775e+01 6.663180147332922161e+02
1.000253324096632390e+01 6.667958001262358039e+02
1.001317789995529139e+01 6.666972692779147565e+02
1.001215832572068365e+01 6.662919614367244776e+02
1.001321702530025348e+01 6.666374217046362673e+02
1.001576067820492533e+01 6.666890514572133952e+02
1.001516477522667614e+01 6.667575356973454745e+02
1.001544342526078779e+01 6.663670667256639035e+02
1.000918708130457802e+01 6.661270095776494600e+02
1.001445400305379962e+01 6.662433407571518273e+02
1.000525075367832883e+01 6.667686931280156841e+02
1.001149583390228059e+01 6.668502009482199355e+02
1.000300078824337469e+01 6.663965033580295767e+02
9.997638825027534537e+00 6.661434127246546950e+02
1.001337319305187634e+01 6.665319944459834005e+02
1.002154223965075985e+01 6.665285704968989648e+02
1.001892252912185022e+01 6.669478590861480143e+02
1.003096041156318918e+01 6.671501870108618277e+02
1.001695602255890627e+01 6.673686231086753651e+02
1.002135997234540277e+01 6.666883984259558247e+02
1.001640043157270021e+01 6.666014426176813004e+02
1.001154458877265796e+01 6.669230926873241287e+02
1.001435148720703339e+01 6.669272966069255517e+02
1.000862667560320673e+01 6.665723524672364420e+02
1.000665220036730219e+01 6.669000858336162310e+02
1.001146267643757248e+01 6.665867580628155338e+02
9.999702495304772398e+00 6.669481702402138126e+02
9.993888820215124369e+00 6.669852510060874238e+02
9.991586774035779328e+00 6.667499048510363764e+02
9.995417850030399620e+00 6.668121437629401953e+02
9.987985225268005252e+00 6.667224567620023663e+02
9.992017493996023347e+00 6.668539347014376517e+02
9.996431947321347877e+00 6.666819504915258676e+02
1.000579194483957046e+01 6.668534731585025384e+02
9.993668357203716823e+00 6.668742292945366898e+02
9.995792812228980750e+00 6.669074141781168237e+02
9.987213091988595082e+00 6.671957341495738092e+02
9.993869876480081516e+00 6.673642107489110913e+02
9.993514928194448643e+00 6.674286194748392518e+02
1.000207454204570645e+01 6.674521715411743799e+02
1.000112696959504355e+01 6.669253527335440594e+02
1.000949367063589612e+01 6.665346242716897223e+02
9.996958083226685332e+00 6.666391966726476994e+02
9.990327650953467753e+00 6.663236476146104224e+02
9.984176051012836339e+00 6.662078138004889070e+02
9.995073135652715379e+00 6.662764955941421476e+02
9.992442875718470674e+00 6.669557318740090750e+02
1.000240322169149110e+01 6.666872513664171720e+02
1.000374248056793647e+01 6.665109399266331138e+02
1.001131647374361400e+01 6.664307809043039015e+02
1.000874105056556296e+01 6.669617714106638005e+02
1.000124749852857420e+01 6.667530811057133633e+02
9.996486082132193474e+00 6.669044359180296624e+02
9.979874938372464754e+00 6.663417997744227250e+02
9.987349101858978173e+00 6.666875153554009330e+02
9.986434501017452448e+00 6.663626694730526197e+02
9.982357257396714090e+00 6.662755900606380237e+02
9.980957898009377161e+00 6.663180024640456622e+02
9.991801214838762490e+00 6.661890259756315800e+02
9.996624053773706109e+00 6.665132757077093402e+02
9.992674529042028908e+00 6.666127441680780521e+02
1.000002715040387891e+01 6.668046033483329893e+02
1.000055661314209488e+01 6.668842687653540224e+02
1.000494460471033165e+01 6.668380932448174008e+02
1.000332701829098347e+01 6.669441616174131013e+02
1.000063515964655636e+01 6.669632677038125621e+02
1.001173560345059776e+01 6.666453863077387041e+02
1.000230409598040460e+01 6.667368062529834560e+02
1.000124373938751887e+01 6.666315900655373525e+02
9.998659060517850250e+00 6.669548350905072311e+02
9.987241073473407837e+00 6.671014948869257069e+02
9.995591150440969130e+00 6.669833613059535082e+02
1.000748622598514892e+01 6.668792249372736478e+02
1.000648516647013153e+01 6.669098283617860261e+02
1.000300879375463481e+01 6.664038028173353041e+02
1.000060655528284670e+01 6.664328962474934315e+02
1.000168291689134392e+01 6.665336056087101042e+02
9.992439921777483747e+00 6.667241441780338391e+02
9.989255423352545904e+00 6.668017914399127903e+02
9.998261639242766563e+00 6.669316524552615419e+02
1.000051110419627598e+01 6.666217880246786081e+02
1.000962739669502710e+01 6.665249241124852233e+02
1.001256149129734752e+01 6.659820180326465788e+02
1.002055111622536820e+01 6.658583299654270604e+02
1.002857669196065338e+01 6.662845462926322853e+02
1.003195746874377292e+01 6.663034091999701332e+02
1.002145380108007799e+01 6.662842616925819357e+02
1.001607964499856962e+01 6.663958216844520166e+02
1.002513202185267360e+01 6.665214035319685308e+02
1.001936856692658040e+01 6.660201830917485495e+02
1.001008076813989689e+01 6.660979353072949607e+02
1.001043529679939859e+01 6.663757401198497519e+02
1.001234508736626871e+01 6.661010265347572386e+02
1.000004016786752281e+01 6.659007160526098232e+02
9.993640120298421081e+00 6.662372277860605436e+02
9.988473674830402160e+00 6.661048140291778736e+02
9.980450426220235371e+00 6.663808082880727852e+02
9.969966532733133491e+00 6.664363039231503762e+02
9.969242607998893391e+00 6.662061147415441837e+02
9.976180796409719775e+00 6.662562475732773919e+02
9.973860111245581805e+00 6.660974676279936375e+02
9.979197623843246490e+00 6.664434558768773513e+02
9.984514050767634430e+00 6.670917473875622363e+02
9.979303256277876955e+00 6.669979708920915300e+02
9.984681210967526255e+00 6.664620355419929183e+02
9.996215255919956633e+00 6.664067668923389647e+02
9.989373029410973714e+00 6.662688614116618737e+02
9.989545204977606119e+00 6.669065992759840356e+02
9.989285497881091658e+00 6.669033684839102989e+02
9.984513721066772263e+00 6.665685563596281327e+02
9.992252570931512423e+00 6.665780001174712197e+02
9.978810944083731371e+00 6.668415416466493753e+02
9.981829955162178081e+00 6.667496967250323223e+02
9.989328327013026865e+00 6.661925687187130052e+02
9.993097335518630331e+00 6.667144770032002725e+02
9.986586191438318494e+00 6.673415047952486248e+02
9.992671656285203596e+00 6.673907575559429688e+02
1.000187669850040173e+01 6.669539052344318861e+02
1.000390890478506556e+01 6.669136898816185521e+02
9.991553265132937511e+00 6.669951668704239864e+02
9.991892194369992097e+00 6.669264537392598413e+02
9.997629553275350744e+00 6.667802442140803123e+02
9.990099966786436525e+00 6.666670605719583591e+02
9.989513045700100236e+00 6.664963292835145694e+02
1.000534325179381234e+01 6.667541099169486642e+02
1.001130890844188492e+01 6.664923549027681702e+02
1.001576282102969628e+01 6.658534921254195069e+02
1.002061070909101659e+01 6.656281803653324687e+02
1.000816675195840411e+01 6.657070173354081817e+02
1.000831782564437056e+01 6.662984742625138779e+02
1.001187434345537852e+01 6.661803835160673088e+02
1.002002879607552011e+01 6.664222773755284379e+02
1.000883584467765530e+01 6.665882336818766589e+02
1.001321633950227330e+01 6.664174463252516034e+02
1.001472030596403506e+01 6.669303261937584466e+02
1.001669469493498710e+01 6.673819338537716703e+02
1.001092945811416079e+01 6.671325932258200737e+02
1.002356267127102463e+01 6.670673874216096237e+02
1.002622879553765145e+01 6.666465916464636621e+02
1.002353957423275865e+01 6.669811070577341070e+02
1.002508907784487846e+01 6.674054320698029414e+02
1.003270184090073158e+01 6.672526181459414829e+02
1.002603605266098263e+01 6.674063008122942620e+02
1.003403110673076171e+01 6.675034898148684306e+02
1.003534708568981948e+01 6.673582666538595731e+02
1.002630822366143093e+01 6.675245047085708165e+02
1.002289634850662381e+01 6.678310908850327223e+02
1.001771986117348234e+01 6.675320416963511434e+02
1.001531909342014792e+01 6.672668849581490349e+02
1.001247676953127019e+01 6.670824646603367682e+02
1.001613039931232585e+01 6.673016202812275424e+02
1.002210922272102778e+01 6.676310179079305271e+02
1.002679868601746804e+01 6.674267773758524527e+02
1.002543986935611464e+01 6.674919913502558302e+02
1.002876518888119506e+01 6.670861299085730707e+02
1.002855608978692104e+01 6.668176906266098740e+02
1.002622057608867223e+01 6.669687254306545583e+02
1.002691536599008515e+01 6.674655520401474860e+02
1.003094118527980072e+01 6.677331179283236224e+02
1.002379500247984545e+01 6.673524590720605829e+02
1.003390583139713677e+01 6.668099073423817345e+02
1.004624544249152329e+01 6.670051689707170226e+02
1.003258393766603973e+01 6.668034278546499536e+02
1.003990693332307949e+01 6.664974197653698411e+02
1.002998920108360359e+01 6.667867702528827749e+02
1.001904276875265865e+01 6.670816539254010422e+02
1.002254150401444299e+01 6.669321052531402074e+02
1.001875995895574256e+01 6.664973355617856896e+02
1.001019600431121326e+01 6.664202118608237697e+02
1.001749573541782468e+01 6.665906367104626042e+02
1.001213613414376447e+01 6.669361501320074694e+02
1.001969231547375117e+01 6.664312091088239640e+02
1.002139677454136191e+01 6.669566079338591180e+02
1.002821529987815374e+01 6.667936606394833916e+02
1.001075542227452964e+01 6.668440644344608472e+02
9.997056552854367339e+00 6.670990692698571820e+02
9.991872595437763849e+00 6.668260618248053788e+02
9.999852633742301933e+00 6.667498400103564791e+02
9.982649128484368362e+00 6.668719446294746831e+02
9.981916112735625290e+00 6.671989776779772683e+02
9.983569481684209990e+00 6.668319772777541630e+02
9.985078470035263720e+00 6.662814152273152786e+02
9.977150408824853045e+00 6.664212390303396205e+02
9.988380647500699538e+00 6.661504939643217540e+02
1.000559304627045698e+01 6.666114876233355062e+02
9.998316445002508601e+00 6.665263968779673860e+02
1.000350298762574752e+01 6.666174675475189133e+02
1.000556365052734265e+01 6.662244466135578023e+02
1.000202262880114468e+01 6.661510774977443816e+02
9.998036434841296227e+00 6.658894057752672779e+02
1.000606474759603692e+01 6.660763046222202775e+02
1.000240489954056500e+01 6.666705550330434562e+02
1.001345509884355067e+01 6.668253369878960939e+02
9.997674262658076572e+00 6.671259704502914474e+02
9.994733101354986715e+00 6.674281255414783800e+02
9.987101043941637002e+00 6.670007254201840396e+02
9.977049159834914249e+00 6.671071981755211482e+02
9.980451017872722375e+00 6.669336763794177614e+02
9.977368449661314642e+00 6.664019449266012316e+02
9.963973213865452649e+00 6.665499596777655142e+02
9.966299954404973960e+00 6.664405210598897611e+02
9.974005990726777071e+00 6.662384275265491169e+02
9.987908003541919655e+00 6.663692718276580536e+02
9.985132303420858335e+00 6.665252801007674179e+02
9.972595775300495902e+00 6.661271602467965067e+02
9.983470688905011770e+00 6.666131400345416296e+02
9.981830723938724503e+00 6.665478639099425209e+02
9.963580746190464410e+00 6.662988072656152099e+02
9.976399087456861992e+00 6.665352269347148422e+02
9.988717842130728997e+00 6.665376543668719478e+02
9.991290899507086820e+00 6.661922128029752912e+02
9.990709294745016678e+00 6.661794762755656620e+02
9.986116780527662939e+00 6.667078122814947392e+02
9.980150038400813273e+00 6.666678816836529222e+02
9.976755755243420509e+00 6.662050934223016156e+02
9.988250021551225544e+00 6.664108049398109870e+02
9.988929285688005422e+00 6.663620260200431176e+02
9.996752219139770190e+00 6.665362558962681305e+02
9.991947027462030562e+00 6.668105637411401858e+02
9.990950313825170070e+00 6.668405382504975023e+02
9.991861804700416627e+00 6.668643591671343529e+02
9.993692171198201635e+00 6.669021243944686148e+02
9.992180716966075238e+00 6.663265472411702603e+02
9.987795269561836164e+00 6.658725443055255937e+02
9.980313466136859546e+00 6.660651560671509515e+02
9.989948139208616240e+00 6.663864992899751769e+02
9.986885592018895252e+00 6.662863050873173734e+02
9.986084744485545173e+00 6.661000284999080350e+02
9.990020219531734469e+00 6.665265942810973456e+02
9.989083061934518781e+00 6.662453936730314581e+02
9.976902524292315277e+00 6.661423830701443194e+02
9.977966635353048730e+00 6.659665544103634147e+02
9.986767623512621483e+00 6.660298850509061594e+02
9.992598426843141368e+00 6.659275558684115595e+02
1.000314017936545241e+01 6.658984207289023516e+02
1.000453917063356002e+01 6.654701791927786871e+02
9.992206763090873523e+00 6.654078182122070757e+02
9.995958915957467994e+00 6.656689181077961166e+02
9.997700777567411379e+00 6.659762777423023863e+02
1.000766485781018567e+01 6.665735822337203444e+02
1.000562478683546175e+01 6.665099355644250636e+02
1.000865405421342302e+01 6.666278233270007831e+02
1.000979900021627422e+01 6.673083332421698515e+02
1.002334442592445285e+01 6.668865572878221428e+02
1.003047846601005055e+01 6.671113027574441503e+02
1.002742535066045448e+01 6.668672783533085067e+02
1.002304619696530352e+01 6.674783171228438050e+02
1.002110662478813019e+01 6.674283520822385753e+02
1.002581960054373234e+01 6.671968521078442791e+02
1.001773829716244713e+01 6.670906313199509441e+02
1.001193817137035857e+01 6.667091540324114476e+02
1.000736238583419890e+01 6.667241989167158636e+02
1.000559861535239214e+01 6.666552643593477114e+02
1.001264519842504086e+01 6.663927278271154364e+02
1.001420278351313264e+01 6.662270227582492907e+02
1.001180111399253114e+01 6.663466584699037867e+02
1.000312452061550417e+01 6.659485757707531093e+02
9.996087476347479850e+00 6.659657483618968854e+02
9.998666534862731936e+00 6.658747881756393099e+02
1.001256220276599329e+01 6.659980445591274929e+02
1.001720412477748390e+01 6.661253224672469742e+02
1.001707764315044891e+01 6.663200341504345943e+02
1.002347398571521531e+01 6.664256745721654625e+02
1.001503274575402891e+01 6.664721170681506237e+02
1.001901795019227492e+01 6.663060945333462541e+02
1.001276640248276628e+01 6.662591124153932469e+02
1.000514876300217182e+01 6.662435395119656505e+02
1.000069420097283945e+01 6.661146509440513910e+02
1.000144466505747154e+01 6.658388890931395281e+02
1.000116228188363898e+01 6.658661761530679541e+02
9.997802643576283899e+00 6.658952548564342351e+02
9.996385955572950621e+00 6.660051641198791685e+02
1.001205861893275362e+01 6.657431643728841664e+02
1.001188621043082883e+01 6.660599901518280603e+02
1.001097473704748175e+01 6.663397287161568556e+02
1.001732619130581092e+01 6.664909245929718509e+02
1.002135603561577959e+01 6.663448062555729621e+02
1.001689951300500958e+01 6.659249253315033457e+02
1.002154194334779724e+01 6.660946348004789570e+02
1.002168980446899837e+01 6.659941705166780821e+02
1.001924857031064420e+01 6.656314376163038560e+02
1.003123361411464209e+01 6.657371755783258322e+02
1.002393773661472132e+01 6.658630620635138939e+02
1.001969852179993659e+01 6.658884180271198829e+02
1.002277088467951316e+01 6.657129279162014655e+02
1.000618012397233336e+01 6.654900098581530301e+02
1.001779560775819533e+01 6.654207701856527137e+02
1.000276572240007411e+01 6.652496301023553542e+02
1.000374304445679563e+01 6.656867962028209149e+02
1.000790857292475344e+01 6.658983550653804286e+02
1.000685278030321435e+01 6.658596576706216865e+02
1.000423247785155745e+01 6.663784712794525831e+02
1.000080729237964761e+01 6.663913172686848156e+02
1.000636526757530653e+01 6.664674417205660575e+02
9.999244353228286641e+00 6.668232361434737641e+02
9.989162876340955677e+00 6.667563997099815651e+02
9.986723717360515451e+00 6.664924669087212123e+02
9.987660852965380087e+00 6.664878724047583773e+02
9.992981156271740772e+00 6.667864366938039211e+02
9.997326394534631788e+00 6.665627828737123082e+02
9.990537962562898500e+00 6.666285340225871323e+02
9.985551131657617319e+00 6.665825690391375247e+02
1.000002652262056735e+01 6.662405179516321141e+02
9.999319412358843806e+00 6.667185791934861072e+02
9.994154074627894957e+00 6.666700181727469499e+02
9.991347295225249781e+00 6.667408187175393550e+02
9.994807421327172037e+00 6.661789773721054644e+02
9.989875542077736981e+00 6.664029802505838234e+02
9.986784393566507489e+00 6.663584738829533762e+02
9.973828454738615790e+00 6.657724786735466296e+02
9.966960793022968446e+00 6.653923960328083922e+02
9.974053451370176404e+00 6.655964946723121329e+02
9.974948354044535392e+00 6.660245842695597958e+02
9.969243724348427094e+00 6.660569898532097568e+02
9.970130476442120582e+00 6.659879238963526404e+02
9.975762515281832776e+00 6.659032358156691771e+02
9.978851750223821426e+00 6.661424138327059836e+02
9.978215862613435405e+00 6.661635656175600388e+02
9.971661887043376638e+00 6.663832047130370029e+02
9.968806119239898678e+00 6.667245516041805331e+02
9.964942848642079909e+00 6.668245892829843342e+02
9.980817669244249402e+00 6.668060317719541672e+02
9.980916431738263483e+00 6.668291367541156660e+02
9.997371518809559987e+00 6.662750254260138263e+02
9.985770147466711322e+00 6.663203414894031766e+02
9.977913393384957530e+00 6.663984114234770004e+02
9.976381409409189160e+00 6.663865799754170212e+02
1.000029857328740412e+01 6.665588070788149935e+02
1.000101438812273180e+01 6.666134518250122483e+02
1.000759904284281632e+01 6.666552842760524982e+02
1.001274448721426680e+01 6.662975347294784569e+02
1.000044629328350787e+01 6.664676826831322387e+02
1.001163771402127978e+01 6.666011775717673800e+02
1.001193645879552818e+01 6.661069016491622961e+02
1.001645095493785398e+01 6.661363325460844180e+02
1.000872595672170107e+01 6.665964918648091952e+02
1.000484247229837287e+01 6.661644357977147592e+02
1.000951453263905044e+01 6.660568359785920620e+02
1.001642189926620752e+01 6.660724528057803582e+02
1.001080632485825994e+01 6.661767257309204524e+02
1.000548206885674496e+01 6.662688594492180982e+02
1.000810879918452123e+01 6.663670470060716298e+02
1.000246293154204302e+01 6.665352741674406616e+02
9.990774171275917936e+00 6.672213391803308014e+02
9.991598970176852390e+00 6.675406941698973924e+02
1.000277507788402609e+01 6.674393327955644963e+02
1.000552451592717951e+01 6.670047383773796810e+02
1.000536983785367440e+01 6.667216424180819558e+02
1.000744166517253930e+01 6.669584984921958721e+02
1.001527952977692237e+01 6.668562085544677984e+02
1.001891890633609350e+01 6.668995745212698694e+02
1.001978660173518421e+01 6.670357302040581544e+02
1.001987338869841970e+01 6.669967382640763844e+02
1.002251522438685782e+01 6.666797752844922798e+02
1.003172886804622621e+01 6.662633277077045477e+02
1.003333388642684554e+01 6.664266706435457763e+02
1.002834314241092883e+01 6.664236564987074871e+02
1.002411881250697512e+01 6.665944766434763551e+02
1.001906570957195797e+01 6.664172532172257206e+02
1.002103725913477028e+01 6.663993590224786203e+02
1.000679285893811965e+01 6.661558685912590363e+02
1.001654600555249885e+01 6.664808270305758242e+02
1.001582188972648169e+01 6.663711950156516650e+02
1.001810011821788748e+01 6.662629458822660808e+02
1.001062736382145957e+01 6.661749579813252922e+02
1.001940888163448484e+01 6.664485016073198267e+02
1.002760428955679117e+01 6.667238624085791798e+02
1.002146518280795462e+01 6.670945778821234171e+02
1.002157404248528394e+01 6.670800988240787319e+02
1.003363719404775267e+01 6.670620576888454707e+02
1.002965146052306267e+01 6.667763608431876037e+02
1.001612298064673290e+01 6.666922283079782119e+02
1.001724416838188780e+01 6.667288404922317113e+02
1.002750155542776334e+01 6.665940803986164838e+02
1.002048660375934297e+01 6.667786575498004140e+02
1.001980059645583232e+01 6.670975580972789203e+02
1.001320541181541124e+01 6.671964609675999327e+02
1.000642315468785526e+01 6.671149086000634725e+02
9.999715251844785158e+00 6.669071419330672370e+02
1.000455582822656098e+01 6.671647356444996149e+02
1.000617677687137430e+01 6.674649080531625032e+02
1.000731493180928666e+01 6.676716129619601361e+02
1.001011120202234395e+01 6.672403268778926986e+02
1.001955579829504472e+01 6.669697731610099254e+02
1.001866689069163208e+01 6.665563585655196448e+02
1.001048266869675096e+01 6.664147223549156251e+02
1.001908748111970304e+01 6.666946979587416990e+02
1.001888267455575665e+01 6.664649380452772220e+02
1.002991421829442409e+01 6.664330402881606688e+02
1.003106904196407356e+01 6.662609358137500521e+02
1.001647268056524531e+01 6.659968289989909636e+02
1.000842596292520348e+01 6.659335098129308790e+02
1.000659824652800189e+01 6.658011469997400127e+02
1.000890251410154086e+01 6.657300341498704483e+02
1.001688111778003609e+01 6.659189582114842096e+02
1.001799955215052762e+01 6.663796565661780278e+02
1.001315724672863361e+01 6.664841943273689822e+02
1.001278451858648744e+01 6.661734307282889631e+02
1.000412916433501032e+01 6.663817015629788330e+02
1.000201888859421473e+01 6.667325963460129969e+02
1.001726945371147437e+01 6.665278520453379087e+02
1.000757259168690716e+01 6.664359776668059112e+02
1.000052339748380703e+01 6.664364963837687128e+02
9.997119484530310629e+00 6.667943554254976561e+02
1.000608189427751427e+01 6.668761737305007955e+02
1.000642079627194292e+01 6.669311743597186251e+02
1.000660770712985581e+01 6.669956427891229396e+02
1.000251024519208087e+01 6.669888707976255091e+02
1.000314855162142180e+01 6.671268302000911490e+02
1.000216652094147207e+01 6.669584532301997797e+02
9.997699238847088665e+00 6.668357656753596530e+02
1.000335892612809197e+01 6.666915539337686596e+02
1.000508508088589821e+01 6.667977182187892140e+02
1.000458532608268136e+01 6.661690300349519021e+02
1.000687579157130180e+01 6.664362961379457602e+02
1.000535325047795077e+01 6.666612411240938627e+02
1.001430256361706483e+01 6.667843582354156524e+02
1.000705422296855929e+01 6.663571172189275558e+02
1.000065521229856280e+01 6.661520793330236074e+02
9.997658095699124559e+00 6.660589477848616298e+02
9.992919150782105575e+00 6.660088346110402426e+02
9.992850844128062349e+00 6.666839766427475524e+02
9.999018018789248785e+00 6.664697433901086470e+02
1.000173699124206728e+01 6.665201659581023250e+02
1.000712980742187419e+01 6.665056167300803054e+02
9.997152197490629888e+00 6.662208351667460420e+02
9.985904303514253399e+00 6.668314661327855219e+02
9.969849330881809024e+00 6.665609248268052625e+02
9.975722618489459848e+00 6.664675631433824492e+02
9.976682902712171952e+00 6.668388720794977189e+02
9.983318497064519903e+00 6.668178774345760758e+02
9.991805880410188578e+00 6.667913866386131758e+02
1.000061720433896362e+01 6.669102506968935131e+02
1.000084324236047806e+01 6.669734070890848443e+02
9.991700725581539544e+00 6.667584699143230864e+02
9.992853172774340820e+00 6.669566564914305218e+02
1.000365464349021494e+01 6.668280710077250433e+02
1.000007778484163801e+01 6.667696022135072553e+02
1.001176319220361677e+01 6.669770497782685652e+02
1.001851695965718392e+01 6.668055123621718394e+02
1.001898598865815515e+01 6.665106484698293343e+02
1.002751151144915553e+01 6.662792019098774290e+02
1.003001024863663737e+01 6.666820465920537799e+02
1.003196481153215913e+01 6.667728553105462197e+02
1.003408881596324242e+01 6.673525340843162894e+02
1.003107689158312432e+01 6.674705982477042880e+02
1.002390630562295115e+01 6.677655118186989966e+02
1.002168898068956260e+01 6.674219969441173816e+02
1.001281881578746535e+01 6.671521785402914020e+02
1.000116253966820778e+01 6.671647755997115610e+02
1.000826809310100884e+01 6.673233443731134003e+02
1.000049954914175387e+01 6.670836080115630011e+02
9.990995625349556875e+00 6.665390434117109635e+02
9.987387513495807667e+00 6.663036130615851107e+02
9.987522385356481180e+00 6.660228574845521052e+02
9.995027685326382638e+00 6.662027296884756424e+02
9.994694447040114227e+00 6.662152373158244245e+02
1.000313142444680281e+01 6.664496691304576643e+02
1.000944765624140764e+01 6.671177163397077265e+02
1.000560663770194836e+01 6.669351192484357398e+02
1.000801052909412725e+01 6.667475174507726479e+02
1.000972676030023223e+01 6.668865513554723066e+02
1.001899884461927925e+01 6.663448391796223405e+02
1.000360393122208080e+01 6.661789847439935102e+02
9.995922556869615505e+00 6.660524203391350966e+02
9.993587502407285328e+00 6.662005497784818999e+02
9.989726449646802564e+00 6.653963982789817919e+02
9.987390058492687572e+00 6.654675004834804213e+02
9.991334631627239560e+00 6.654229455984317383e+02
9.993388974297189975e+00 6.656424644978274046e+02
9.993085375365820866e+00 6.657100479900478831e+02
9.974305953340738995e+00 6.656855012301343777e+02
9.969033262597308820e+00 6.658947458291351040e+02
9.980417927516937127e+00 6.658079983033411509e+02
9.983992813993697979e+00 6.658968392539690058e+02
9.983936127815283612e+00 6.659530957920802621e+02
9.973843757553407130e+00 6.663307998713675033e+02
9.964832397929953345e+00 6.669674008040162789e+02
9.975649874065044997e+00 6.666437184969664713e+02
9.984885305437664726e+00 6.662865889092114458e+02
9.981842653525804465e+00 6.663653281136421356e+02
9.984586014892061101e+00 6.660668870932515802e+02
9.981489170688030654e+00 6.661917953398876762e+02
9.993648268042434779e+00 6.666229715814648671e+02
1.000679439184371233e+01 6.664379267910852604e+02
1.001160294517992710e+01 6.665808048932098018e+02
1.001675727139064342e+01 6.666958975638218590e+02
1.001691345187281890e+01 6.664034274846427479e+02
1.001285247435620818e+01 6.664258264707621038e+02
1.000239033635982899e+01 6.662669912943051713e+02
9.997825884084422299e+00 6.658061067460081404e+02
9.984553039642728223e+00 6.660073250456031246e+02
9.976699822997595390e+00 6.661043183520058619e+02
9.971430514352091379e+00 6.664005762438794136e+02
9.966721853633272232e+00 6.665298033385195140e+02
9.964040971848577399e+00 6.664659452111480960e+02
9.971791643111529879e+00 6.663304584673799127e+02
9.980572024588562741e+00 6.664404863819675029e+02
9.989499532082295019e+00 6.667091094855468327e+02
9.995096108959314662e+00 6.668147085644284289e+02
1.000007196759097106e+01 6.667323258338071810e+02
9.994883800392567963e+00 6.668522755635339081e+02
9.988399409441251819e+00 6.666790303319844497e+02
9.998714205345786254e+00 6.665624192375279335e+02
1.000798258060421198e+01 6.668549316517733132e+02
1.000766304617979330e+01 6.668887569247918918e+02
1.000094226547204279e+01 6.666836873752297379e+02
1.001739698126753808e+01 6.665958467239179299e+02
1.002118520102554378e+01 6.663407947648908021e+02
1.002195123832246182e+01 6.664316188453802852e+02
1.003391683948449042e+01 6.668504194656072741e+02
1.002828754803414313e+01 6.669245180047028043e+02
1.001898192144608224e+01 6.671361483994118089e+02
1.001913271365529212e+01 6.670175613174882301e+02
1.002215082710113059e+01 6.670778617727389701e+02
1.002814222502785135e+01 6.670781012044107001e+02
1.002174735357737845e+01 6.671486010935361719e+02
1.002183473787667722e+01 6.672065326966057910e+02
1.004013711387911201e+01 6.674318570842715417e+02
1.002632330479907097e+01 6.671658421388610805e+02
1.003430859137440301e+01 6.670065322167498607e+02
1.003068871806154938e+01 6.671700379770954896e+02
1.002480996643591382e+01 6.668335504547038681e+02
1.000829460851377739e+01 6.667888147614695526e+02
1.000396582393933365e+01 6.663357327983831055e+02
1.001351004228903641e+01 6.661835509590656557e+02
1.002665417585805940e+01 6.663129208087310644e+02
1.004130969672561591e+01 6.661506565015113210e+02
1.003117480509323478e+01 6.666260990541007914e+02
1.001627320193667003e+01 6.666875288705272169e+02
1.002138995105795694e+01 6.669782041206437952e+02
1.001921736738497337e+01 6.664733521805840155e+02
1.001347791379022567e+01 6.661101489413970285e+02
9.998009775166208257e+00 6.661633963368046807e+02
9.989446841331256266e+00 6.663915903844504101e+02
1.000099406896351795e+01 6.666227879008603168e+02
1.000284452335628949e+01 6.667160264627483457e+02
1.001174064631891980e+01 6.668490472323841232e+02
1.001720524484173325e+01 6.663242445314286897e+02
1.001792570409507199e+01 6.663910030914873914e+02
1.002702000724828224e+01 6.660748377781889076e+02
1.001382229850800698e+01 6.659282786438420771e+02
1.000840600322344009e+01 6.666155360656838411e+02
1.000493188945677048e+01 6.666704368472777560e+02
1.000187729004033166e+01 6.666481265084187271e+02
9.998834360486668515e+00 6.665261166393851227e+02
9.996166552933461347e+00 6.663990328531311889e+02
9.987871889799784242e+00 6.666713023992981562e+02
9.986707228662313085e+00 6.666646573926587962e+02
9.987951538729456402e+00 6.668438859837053769e+02
9.998466940180259499e+00 6.668022350890908001e+02
9.993259000385105395e+00 6.670877652424959479e+02
1.000208456232114429e+01 6.666563300256876801e+02
1.000048598764606389e+01 6.665848449700214360e+02
9.988805065745706813e+00 6.661774488073654084e+02
9.987932118126296999e+00 6.664622613122247685e+02
9.989803167432716791e+00 6.667308301910043156e+02
9.988060503491817954e+00 6.664813790152929869e+02
1.000153497965765936e+01 6.665236089772996593e+02
9.995834868869218681e+00 6.667935483831582815e+02
9.994508849669626827e+00 6.668026981799486066e+02
9.980701255796756044e+00 6.668745509927329067e+02
9.989152139874887482e+00 6.666362529205100600e+02
9.979495528238071955e+00 6.665346951547406888e+02
9.966356651101300201e+00 6.664574724884898842e+02
9.957458291330572919e+00 6.672222385265833964e+02
9.948384816226862881e+00 6.672617184366805532e+02
9.961679838479200910e+00 6.673729038728015439e+02
9.965144678275606793e+00 6.671756005917035282e+02
9.967004277626523745e+00 6.671563745147641384e+02
9.977519658069580188e+00 6.668360124218637566e+02
9.988242908590352798e+00 6.667343682953036250e+02
9.989944930032915948e+00 6.674822397754137455e+02
9.991720798360695710e+00 6.671778828470443159e+02
9.996525301628858884e+00 6.666583499145372116e+02
1.001261194875011640e+01 6.670862648633822118e+02
1.001290692741851451e+01 6.669623160468408969e+02
9.998363056027654849e+00 6.669759617123504540e+02
9.999538559899241008e+00 6.670487453452874433e+02
1.001600455506456377e+01 6.669893807828242416e+02
1.001352295763332911e+01 6.669320462802554630e+02
1.001699341532411225e+01 6.667513684684093960e+02
1.001388508027486957e+01 6.671902911960623896e+02
1.000716184046926749e+01 6.668682971043971293e+02
9.989732793618452789e+00 6.668402610716328809e+02
9.986431596053392923e+00 6.670895885222257675e+02
9.983413773022459026e+00 6.675387843662933847e+02
9.993551497018943408e+00 6.673917444362233482e+02
1.000099044944546378e+01 6.674068454668597496e+02
9.990072068406263384e+00 6.672547908343304925e+02
9.999548733133524436e+00 6.670935812346014018e+02
1.000858965119081745e+01 6.672215345119027461e+02
1.001721480419174348e+01 6.672189657946076977e+02
1.002207022580121176e+01 6.667764517158799435e+02
1.002147862288396318e+01 6.667307773010892333e+02
1.001746868499052923e+01 6.666849291717818460e+02
1.002314516777417630e+01 6.665825600473867780e+02
1.002005160947042839e+01 6.663978217365690853e+02
1.001863501980166049e+01 6.663730001281379600e+02
1.000245983016240992e+01 6.666669342869911361e+02
1.001142013049695656e+01 6.668670291003048760e+02
1.001158831429859397e+01 6.667389352213814391e+02
1.001977666471944772e+01 6.666442311631027451e+02
1.002195784252023714e+01 6.666896556254550887e+02
1.002255098970984548e+01 6.667445057623958746e+02
1.001674286389434521e+01 6.666261298217875719e+02
1.002249987043070867e+01 6.663883539290303588e+02
