0.000000000000000000e+00
0.000000000000000000e+00
0.000000000000000000e+00
0.000000000000000000e+00
0.000000000000000000e+00
0.000000000000000000e+00
0.000000000000000000e+00
0.000000000000000000e+00
0.000000000000000000e+00
0.000000000000000000e+00
0.000000000000000000e+00
0.000000000000000000e+00
0.000000000000000000e+00
0.000000000000000000e+00
0.000000000000000000e+00
0.000000000000000000e+00
0.000000000000000000e+00
0.000000000000000000e+00
0.000000000000000000e+00
0.000000000000000000e+00
0.000000000000000000e+00
0.000000000000000000e+00
0.000000000000000000e+00
0.000000000000000000e+00
0.000000000000000000e+00
2.009670000000000067e-01
2.587518000000000207e+00
6.828874500000000403e+00
1.189774749999999948e+01
1.745874500000000040e+01
2.351009949999999904e+01
3.030900600000000011e+01
3.913559750000000292e+01
1.063329607500000066e+03
9.991151069999999663e+02
8.501261990000000424e+02
7.256012755000000425e+02
6.220733350000000428e+02
5.366381810000000314e+02
4.667583094999999958e+02
4.106554454999999848e+02
3.688420365000000061e+02
3.300509415000000217e+02
2.964066614999999842e+02
2.681883495000000153e+02
2.448710680000000082e+02
2.259250365000000045e+02
2.108490280000000041e+02
1.990556799999999953e+02
1.902011175000000094e+02
1.836921340000000100e+02
1.795544055000000014e+02
1.782598994999999888e+02
1.799415400000000034e+02
1.850673224999999888e+02
1.939320125000000132e+02
2.073735384999999951e+02
2.262348489999999970e+02
2.515578140000000076e+02
2.835722415000000183e+02
3.207263290000000211e+02
3.610685780000000022e+02
4.034583395000000223e+02
4.477517475000000218e+02
4.950579104999999913e+02
5.512352184999999736e+02
6.391497124999999642e+02
7.210678589999999986e+02
7.630614859999999453e+02
7.760571479999999838e+02
7.696211015000000089e+02
7.510191449999999804e+02
7.248377084999999624e+02
6.951795345000000452e+02
6.642281950000000279e+02
6.332574164999999766e+02
6.032476844999999912e+02
5.746122944999999618e+02
5.482050984999999628e+02
5.241525574999999435e+02
5.030639234999999871e+02
4.848304474999999911e+02
4.699020995000000198e+02
4.581081785000000082e+02
4.498913039999999910e+02
4.451333475000000135e+02
4.446745915000000196e+02
4.487150015000000280e+02
4.572326454999999896e+02
4.711069330000000264e+02
4.905841149999999971e+02
5.155056154999999762e+02
5.455465884999999844e+02
5.797556114999999863e+02
6.173917675000000145e+02
6.560978354999999738e+02
6.953637165000000095e+02
7.333026740000000245e+02
7.700683549999999968e+02
8.051572840000000042e+02
8.373251655000000255e+02
8.638674375000000509e+02
8.825754759999999806e+02
8.934920895000000201e+02
8.966324710000000096e+02
8.935967980000000352e+02
8.857115579999999682e+02
8.737133689999999433e+02
8.592382014999999456e+02
8.434870100000000548e+02
8.265928045000000566e+02
8.098630080000000362e+02
7.934551619999999730e+02
7.783135975000000144e+02
7.645256604999999581e+02
7.526248930000000428e+02
7.430462760000000344e+02
7.361627089999999498e+02
7.320595045000000027e+02
7.315309760000000097e+02
7.342914260000000013e+02
7.410067080000000033e+02
7.512855015000000094e+02
7.655449105000000145e+02
7.835299509999999827e+02
8.054304889999999659e+02
8.296139329999999745e+02
8.565309539999999515e+02
8.844837814999999637e+02
9.135341015000000198e+02
9.415514134999999669e+02
9.688911735000000363e+02
9.942301955000000362e+02
1.017064706000000001e+03
1.036818959499999892e+03
1.052826230500000065e+03
1.064626533000000109e+03
1.072476321999999982e+03
1.076720542000000023e+03
1.077261328999999932e+03
1.074837669999999889e+03
1.070181665999999950e+03
1.063732263999999986e+03
1.056230203000000074e+03
1.047804872500000101e+03
1.039367192500000101e+03
1.031267748499999925e+03
1.023488028999999983e+03
1.016906994000000054e+03
1.011584285499999964e+03
1.007917146000000002e+03
1.006416402500000004e+03
1.007094229499999983e+03
1.010198389499999962e+03
1.016074419499999976e+03
1.024081878499999902e+03
1.034504283499999929e+03
1.047746556999999939e+03
1.062905332000000044e+03
1.080116506500000014e+03
1.098843692500000088e+03
1.118374542999999903e+03
1.138559291000000030e+03
1.158954007000000047e+03
1.179064613499999950e+03
1.198064291500000081e+03
1.216214439000000084e+03
1.232234042499999987e+03
1.246652340999999979e+03
1.258632906000000048e+03
1.267810189999999920e+03
1.274664866999999958e+03
1.279455105499999945e+03
1.281920003499999893e+03
1.283212381999999934e+03
1.282457278999999971e+03
1.280977568999999903e+03
1.278626621500000056e+03
1.275834229000000050e+03
1.272959510500000079e+03
1.270438895499999944e+03
1.268073707000000013e+03
1.266706632500000069e+03
1.265914876000000049e+03
1.266543407999999999e+03
1.268855998499999941e+03
1.272310815999999932e+03
1.277705042499999990e+03
1.284720942500000092e+03
1.293115301499999987e+03
1.303465130499999987e+03
1.314904718999999886e+03
1.327421904499999982e+03
1.341564423499999975e+03
1.355581079999999929e+03
1.370575548999999910e+03
1.385634227499999952e+03
1.400573267499999929e+03
1.415350077499999998e+03
1.429780393499999946e+03
1.443089637499999981e+03
1.455701373000000103e+03
1.466532369999999901e+03
1.475916514999999890e+03
1.484183669000000009e+03
1.490973483499999929e+03
1.496002496999999948e+03
1.499844096999999920e+03
1.502882458999999926e+03
1.505285889499999939e+03
1.506704040500000019e+03
1.507973270499999899e+03
1.508950035500000013e+03
1.510023099000000002e+03
1.510889799499999981e+03
1.512217734000000064e+03
1.514551218000000063e+03
1.516846986000000015e+03
1.520009491000000025e+03
1.524624857000000020e+03
1.529793227500000057e+03
1.536314217500000041e+03
1.543613438000000087e+03
1.552062986500000079e+03
1.561451416999999992e+03
1.571587949499999922e+03
1.582353942499999903e+03
1.593424270499999921e+03
1.604707722500000045e+03
1.616780482500000062e+03
1.628631348500000058e+03
1.640463598000000047e+03
1.652048774500000036e+03
1.663707978500000081e+03
1.674538732499999924e+03
1.684663566499999888e+03
1.693938270500000044e+03
1.702201121499999999e+03
1.709730024499999899e+03
1.716100842499999999e+03
1.721481958000000077e+03
1.726426662500000020e+03
1.730886565999999902e+03
1.734437063999999964e+03
1.738212518000000046e+03
1.741876450499999919e+03
1.745334853999999950e+03
1.748743318499999987e+03
1.752606052500000033e+03
1.756018242999999984e+03
1.759847091000000091e+03
1.764464933499999916e+03
1.769439162500000066e+03
1.774987188999999944e+03
1.781589596499999971e+03
1.788375839000000042e+03
1.795468059000000039e+03
1.803561075000000073e+03
1.812775435999999900e+03
1.821503387499999917e+03
1.831091576499999974e+03
1.840324252999999999e+03
1.850226394499999969e+03
1.859911331999999902e+03
1.869941243499999928e+03
1.879740154000000075e+03
1.889831784499999912e+03
1.899695459499999970e+03
1.908639699000000064e+03
1.917741334000000052e+03
1.925822274000000107e+03
1.933804914499999995e+03
1.940640994999999975e+03
1.947055437499999925e+03
1.952699415499999986e+03
1.958364338999999973e+03
1.963377732500000093e+03
1.968647392999999965e+03
1.974075892500000009e+03
1.978830173999999943e+03
1.983403554499999927e+03
1.988734651499999927e+03
1.993619934499999999e+03
1.998864496500000087e+03
2.003905931999999893e+03
2.009808618999999908e+03
2.015680393999999978e+03
2.022345812499999965e+03
2.028416821999999911e+03
2.035890505000000076e+03
2.043181624499999998e+03
2.051096574000000146e+03
2.059137027499999931e+03
2.067563478500000201e+03
2.075947562500000004e+03
2.084367644500000097e+03
2.092617978000000221e+03
2.101742477499999950e+03
2.110620155999999952e+03
2.119246667500000058e+03
2.127836167500000101e+03
2.136978684499999872e+03
2.145467098499999793e+03
2.153525245499999983e+03
2.161220054500000060e+03
2.168270122500000070e+03
2.175444203999999900e+03
2.181383907500000078e+03
2.187765847499999836e+03
2.193689257500000167e+03
2.199703622500000165e+03
2.205540638500000114e+03
2.211663808499999959e+03
2.216949383000000125e+03
2.223214402000000064e+03
2.228728892000000087e+03
2.234652643500000067e+03
2.240764780999999857e+03
2.247163461000000098e+03
2.253513063500000044e+03
2.259844870999999785e+03
2.266438825499999894e+03
2.273197194500000023e+03
2.280494191499999943e+03
2.287850292000000081e+03
2.295570106499999838e+03
2.303117862999999943e+03
2.310966374999999971e+03
2.318885851500000172e+03
2.326426171499999782e+03
2.334269882500000222e+03
2.342413327000000208e+03
2.350751630499999919e+03
2.359038393499999984e+03
2.366969971500000156e+03
2.375600315000000137e+03
2.383306944500000100e+03
2.390873539499999879e+03
2.398509071999999833e+03
2.405428471499999887e+03
2.411999865000000227e+03
2.418333516000000145e+03
2.424919136999999864e+03
2.431499263000000155e+03
2.437528808000000026e+03
2.444013119499999902e+03
2.450057443000000148e+03
2.456593875500000195e+03
2.463072034499999972e+03
2.469409787500000220e+03
2.475921546500000204e+03
2.482093484999999873e+03
2.488867750500000056e+03
2.495801802500000122e+03
2.502343923500000074e+03
2.509040760500000033e+03
2.516481594500000028e+03
2.523589360500000112e+03
2.530725610500000130e+03
2.538120237000000088e+03
2.545615380499999901e+03
2.553210215000000062e+03
2.560172066000000086e+03
2.567808038000000124e+03
2.575311770499999966e+03
2.582955797000000075e+03
2.590914240999999947e+03
2.598883182999999917e+03
2.606309670499999811e+03
2.614919464499999776e+03
2.622200205999999980e+03
2.629642110499999944e+03
2.636555409500000223e+03
2.643537425500000154e+03
2.650110023499999897e+03
2.657017962999999781e+03
2.663649614999999812e+03
2.670036284499999965e+03
2.676816787000000204e+03
2.682956893000000036e+03
2.689730740500000138e+03
2.696674577000000227e+03
2.703081838000000062e+03
2.710220869499999935e+03
2.717004190499999822e+03
2.723307151500000145e+03
2.730369435499999781e+03
2.736976701000000048e+03
2.743671605999999883e+03
2.751195682000000033e+03
2.757967157500000212e+03
2.765718826499999977e+03
2.772701484000000164e+03
2.779986281500000132e+03
2.786631791499999963e+03
2.793927782499999921e+03
2.801062442500000088e+03
2.808653353499999866e+03
2.815811404500000208e+03
2.823328707000000122e+03
2.830779700000000048e+03
2.839081166500000108e+03
2.846534578499999952e+03
2.854386010499999884e+03
2.861816750999999840e+03
2.869144342000000051e+03
2.876210308000000168e+03
2.882442066499999783e+03
2.889119530500000110e+03
2.896500160500000220e+03
2.902562038500000199e+03
2.909569064499999968e+03
2.916030452999999852e+03
2.922727369000000181e+03
2.929796929499999806e+03
2.936792868500000168e+03
2.943356783000000178e+03
2.950754393499999878e+03
2.957455742000000100e+03
2.964781010000000151e+03
2.971316969500000141e+03
2.977878919000000224e+03
2.985037996500000190e+03
2.992553269000000000e+03
2.999442718499999955e+03
3.006781465000000026e+03
3.013627019999999902e+03
3.020658623499999976e+03
3.027882050000000163e+03
3.034739548500000183e+03
3.041693480999999792e+03
3.049170058000000154e+03
3.056009057000000212e+03
3.063556661499999791e+03
3.071164179500000046e+03
3.078943623499999831e+03
3.086308727000000090e+03
3.094283264499999859e+03
3.102087285000000065e+03
3.108920298999999886e+03
3.115617485499999930e+03
3.122596210000000156e+03
3.128881888500000059e+03
3.135728036999999858e+03
3.142451799999999821e+03
3.149323958999999832e+03
3.155980074000000059e+03
3.162578638999999839e+03
3.170125770000000102e+03
3.176965247499999805e+03
3.184098183999999947e+03
3.190945964500000173e+03
3.197981411499999922e+03
3.204859865999999784e+03
3.212237340000000131e+03
3.218754948499999955e+03
3.226510838000000149e+03
3.233080643499999951e+03
3.240324675500000012e+03
3.247616261000000122e+03
3.254580664999999954e+03
3.261420578000000205e+03
3.268258624500000224e+03
3.275252233000000160e+03
3.282014203499999894e+03
3.289184284500000103e+03
3.296965606499999922e+03
3.303609107000000222e+03
3.311360268999999789e+03
3.318796463000000131e+03
3.326945722500000102e+03
3.334339023999999881e+03
3.341662374000000000e+03
3.348995523999999932e+03
3.356035188500000004e+03
3.362894455999999991e+03
3.368835617499999898e+03
3.375347370500000125e+03
3.382231445999999778e+03
3.389293400999999903e+03
3.396405913500000224e+03
3.403067228500000056e+03
3.409965733999999884e+03
3.417537005000000136e+03
3.424707735500000126e+03
3.431719810500000222e+03
3.438257683499999985e+03
3.445276452499999778e+03
3.452405483000000004e+03
3.459528373499999816e+03
3.466572155500000008e+03
3.473763219500000105e+03
3.480848914000000150e+03
3.488037628999999924e+03
3.495695254000000205e+03
3.501596087500000067e+03
3.508700234999999793e+03
3.515724438000000191e+03
3.522672489000000041e+03
3.529258619499999895e+03
3.537147013499999957e+03
3.544284742499999993e+03
3.551870696500000122e+03
3.559378252500000144e+03
3.566742459000000053e+03
3.574651362000000063e+03
3.581811142000000018e+03
3.589246651999999813e+03
3.595746425499999987e+03
3.602534070000000156e+03
3.609130627000000004e+03
3.615431296000000202e+03
3.622592420999999831e+03
3.629203133500000149e+03
3.636851555499999904e+03
3.643382093499999883e+03
3.650796760000000177e+03
3.658060367000000042e+03
3.665422406499999852e+03
3.671845253500000126e+03
3.678761606500000198e+03
3.685843735500000093e+03
3.692693141000000196e+03
3.699520562499999869e+03
3.707414762500000052e+03
3.714000607500000115e+03
3.721081696499999907e+03
3.728129710000000159e+03
3.735697059499999796e+03
3.742307592999999997e+03
3.749186712499999885e+03
3.756110390499999994e+03
3.762809104999999818e+03
3.769833759999999984e+03
3.777308812000000216e+03
3.784645956500000011e+03
3.792331525000000056e+03
3.799903616000000056e+03
3.807624795499999891e+03
3.814974737500000174e+03
3.822200186000000031e+03
3.828948911999999837e+03
3.835794734499999777e+03
3.842505677999999989e+03
3.849292229499999848e+03
3.855473027000000002e+03
3.863036419500000193e+03
3.869532403499999873e+03
3.876708032500000172e+03
3.884088323999999830e+03
3.891501087499999812e+03
3.898567672499999844e+03
3.905430128500000137e+03
3.912877702499999941e+03
3.919091792499999883e+03
3.926115304999999807e+03
3.933157991999999922e+03
3.940134844499999872e+03
3.947249283000000105e+03
3.954491079500000069e+03
3.961552641499999936e+03
3.968697610000000168e+03
3.975652946499999871e+03
3.982728774499999872e+03
3.989575139000000036e+03
3.995773399000000154e+03
4.003538647500000025e+03
4.010217533999999887e+03
4.017088645499999984e+03
4.024378463000000011e+03
4.032531376500000079e+03
4.040491836499999863e+03
4.048144269999999779e+03
4.055388789499999803e+03
4.062663417000000209e+03
4.069701498500000071e+03
4.076245778999999857e+03
4.083190787999999884e+03
4.089333346500000061e+03
4.095813400000000001e+03
4.102911839000000327e+03
4.109924901000000318e+03
4.117090105999999651e+03
4.124609224499999982e+03
4.131831169500000215e+03
4.138156700499999715e+03
4.145404454499999702e+03
4.153356479500000205e+03
4.159684050500000012e+03
4.166371277999999620e+03
4.173816612999999961e+03
4.180506183000000419e+03
4.187884982499999751e+03
4.194793792999999823e+03
4.201972370999999839e+03
4.209323666000000230e+03
4.216133424999999988e+03
4.222547651500000029e+03
4.229494868499999939e+03
4.236316453499999625e+03
4.243636598000000049e+03
4.250394148000000314e+03
4.258071952000000238e+03
4.265229299999999967e+03
4.272753918999999769e+03
4.281018295500000022e+03
4.288130931499999861e+03
4.295908884499999658e+03
4.302708956999999828e+03
4.309760604000000058e+03
4.316324045000000297e+03
4.322745490999999674e+03
4.329468337000000247e+03
4.336831769499999609e+03
4.343262996499999645e+03
4.350016751000000113e+03
4.357481947500000388e+03
4.364842698000000382e+03
4.372057646500000374e+03
4.378754902499999844e+03
4.386045597999999700e+03
4.393602459499999895e+03
4.399689532000000327e+03
4.407017194000000018e+03
4.414314367500000117e+03
4.421099834499999815e+03
4.427970249500000136e+03
4.435105146500000046e+03
4.442541476999999759e+03
4.449580285000000003e+03
4.456350999999999658e+03
4.462745420500000364e+03
4.470200960999999552e+03
4.476608344500000385e+03
4.483411443500000132e+03
4.491163953500000389e+03
4.498154647000000296e+03
4.505810964000000240e+03
4.514082794500000091e+03
4.521125877999999830e+03
4.528916575999999623e+03
4.535865273999999772e+03
4.543000652499999887e+03
4.549507690000000366e+03
4.556389073500000450e+03
4.563209272000000055e+03
4.569834592000000157e+03
4.576530958000000282e+03
4.583467574999999670e+03
4.590750627999999779e+03
4.597320636999999806e+03
4.605159289000000172e+03
4.612332468999999946e+03
4.619373625000000175e+03
4.626470737499999814e+03
4.633357399999999870e+03
4.640259782000000087e+03
4.647104933499999788e+03
4.654716072000000167e+03
4.661612783499999750e+03
4.668545513500000197e+03
4.675693235499999901e+03
4.682722896999999648e+03
4.689365042499999618e+03
4.696241222999999991e+03
4.704122762500000135e+03
4.710468464499999754e+03
4.717054978999999548e+03
4.724203889000000345e+03
4.731130322500000148e+03
4.738728732999999920e+03
4.746214775499999632e+03
4.754283453500000178e+03
4.762026717499999904e+03
4.769383490999999594e+03
4.776659712499999841e+03
4.782701243999999861e+03
4.789860555999999633e+03
4.796556436500000018e+03
4.803247545999999602e+03
4.810019897500000297e+03
4.816803205500000331e+03
4.823590013500000168e+03
4.830671556000000237e+03
4.837557037999999920e+03
4.845273463999999876e+03
4.852621536999999989e+03
4.859694335500000307e+03
4.866939440500000273e+03
4.873618418500000189e+03
4.880700472999999874e+03
4.887886338500000420e+03
4.895197290500000236e+03
4.901790716499999689e+03
4.909330105000000003e+03
4.915813192499999786e+03
4.922715686999999889e+03
4.929710952499999621e+03
4.937137930500000039e+03
4.943936080499999662e+03
4.950775353500000165e+03
4.957102705000000242e+03
4.964199198999999680e+03
4.971714472499999829e+03
4.979496477499999855e+03
4.987209267000000182e+03
4.994867449000000306e+03
4.810541197499999726e+03
4.610890083000000232e+03
4.492051543999999922e+03
4.398081257499999992e+03
4.317677569999999832e+03
4.247510513500000343e+03
4.183890663500000301e+03
4.124903744500000357e+03
4.070470373999999993e+03
4.019397609000000102e+03
3.971029065000000173e+03
3.926124239000000216e+03
3.881980930499999886e+03
3.840413687000000209e+03
3.800883388000000195e+03
3.762467193500000121e+03
3.725017793999999867e+03
3.689810715000000073e+03
3.654849928999999975e+03
3.621411437499999920e+03
3.588328815500000019e+03
3.556432251000000178e+03
3.525306679499999973e+03
3.495148145999999997e+03
3.465245120000000043e+03
3.436696709499999997e+03
3.408357902499999909e+03
3.380403566500000125e+03
3.353766404999999850e+03
3.326348421499999858e+03
3.300917006000000129e+03
3.275695718500000112e+03
3.249859300499999790e+03
3.224810615500000040e+03
3.201164113499999985e+03
3.177176989000000049e+03
3.153139516000000185e+03
3.129836236000000099e+03
3.107144787000000179e+03
3.084238874499999838e+03
3.061978777499999978e+03
3.040149185000000216e+03
3.018345759499999986e+03
2.997043263000000024e+03
2.975317148499999803e+03
2.954670264500000030e+03
2.933986544500000036e+03
2.913600925499999903e+03
2.893678871000000072e+03
2.873567845500000203e+03
2.853407630499999868e+03
2.834324442999999974e+03
2.814701224999999795e+03
2.795768095999999787e+03
2.776550212499999816e+03
2.758045497499999783e+03
2.739034161500000209e+03
2.721072671999999784e+03
2.702743338499999936e+03
2.684210266999999931e+03
2.666498013999999785e+03
2.648337850500000059e+03
2.631028747500000009e+03
2.613833912500000224e+03
2.596067699499999890e+03
2.579245734999999968e+03
2.562201503499999944e+03
2.544958717500000148e+03
2.528675524499999938e+03
2.511650105000000167e+03
2.495295264500000030e+03
2.479067776500000036e+03
2.462090999999999894e+03
2.446389544499999829e+03
2.429999787499999911e+03
2.414443647000000055e+03
2.398243491499999891e+03
2.382540797000000111e+03
2.366820771000000150e+03
2.351459323999999924e+03
2.336228574000000208e+03
2.320985653499999898e+03
2.305648814000000129e+03
2.290322868499999913e+03
2.275394687500000146e+03
2.260084609500000170e+03
2.245474806499999886e+03
2.230849611000000095e+03
2.216029256499999974e+03
2.201414561000000049e+03
2.186517095499999868e+03
2.172384783999999854e+03
2.157771831500000189e+03
2.143395523499999854e+03
2.129051418999999896e+03
2.114711741999999958e+03
2.100640951500000028e+03
2.086836193000000094e+03
2.073238159500000165e+03
2.058851576999999907e+03
2.045348745999999892e+03
2.031501283999999941e+03
2.017746382000000040e+03
2.004334945999999945e+03
1.990424632499999916e+03
1.977203554500000109e+03
1.963720503999999892e+03
1.950392397999999957e+03
1.936895168999999896e+03
1.923595164999999952e+03
1.910143121999999948e+03
1.897352853500000037e+03
1.884588484000000108e+03
1.871204633000000058e+03
1.858471680500000048e+03
1.845515658999999914e+03
1.832739068500000030e+03
1.819654207000000042e+03
1.807039954500000022e+03
1.794530393999999887e+03
1.781555618500000037e+03
1.769121097499999905e+03
1.756221708999999919e+03
1.743833625499999926e+03
1.731404872500000010e+03
1.718853189500000099e+03
1.706322087999999894e+03
1.694184485499999937e+03
1.681599002500000097e+03
1.669441128500000104e+03
1.656737300999999889e+03
1.645044459499999903e+03
1.632627813000000060e+03
1.620735912999999982e+03
1.608458124499999940e+03
1.596562625999999909e+03
1.584661546999999928e+03
1.572634673999999904e+03
1.561001230000000078e+03
1.549064043999999967e+03
1.537354590500000086e+03
1.525500922499999888e+03
1.513615127000000030e+03
1.501872929000000113e+03
1.490220335499999919e+03
1.478665035499999931e+03
1.467090682999999899e+03
1.455715877999999975e+03
1.444089935499999910e+03
1.432717511500000001e+03
1.421219850499999893e+03
1.409234420000000000e+03
1.398159750000000031e+03
1.386856853499999943e+03
1.375399916000000076e+03
1.364464801999999963e+03
1.352914473000000044e+03
1.341622350000000097e+03
1.330319308500000034e+03
1.318994161500000018e+03
1.307852745500000083e+03
1.296517481999999973e+03
1.285407302500000014e+03
1.274429638000000068e+03
1.263526566499999944e+03
1.252341849500000080e+03
1.241365898000000016e+03
1.230235271499999953e+03
1.219470393500000000e+03
1.208570969500000047e+03
1.197535853999999972e+03
1.186965985999999930e+03
1.175960829500000045e+03
1.165286380000000008e+03
1.154230811500000073e+03
1.143606290499999886e+03
1.132883874000000105e+03
1.122279600999999957e+03
1.111431870500000059e+03
1.100948110999999926e+03
1.090119170500000109e+03
1.079519763999999896e+03
1.068970150000000103e+03
1.058463158999999905e+03
1.047887177000000065e+03
1.037326299500000005e+03
1.026525685999999951e+03
1.016113178999999946e+03
1.005873050499999977e+03
9.951148805000000266e+02
9.848863475000000562e+02
9.745596209999999928e+02
9.642582065000000284e+02
9.537304410000000416e+02
9.433968089999999620e+02
9.328440665000000536e+02
9.227380235000000539e+02
9.124768575000000510e+02
9.024259779999999864e+02
8.921339375000000018e+02
8.818762524999999641e+02
8.717279825000000528e+02
8.613430029999999533e+02
8.508884904999999890e+02
8.409942590000000564e+02
8.306929075000000466e+02
8.208407274999999572e+02
8.107497835000000350e+02
8.007013474999999971e+02
7.906019459999999981e+02
7.802660925000000134e+02
7.704076340000000300e+02
7.605335804999999709e+02
7.504157750000000533e+02
7.405831775000000334e+02
7.307147284999999783e+02
7.204835544999999684e+02
7.106620940000000246e+02
7.006687490000000480e+02
6.910487855000000081e+02
6.809841679999999542e+02
6.711952455000000555e+02
6.613244815000000472e+02
6.515760135000000446e+02
6.415537645000000566e+02
6.318463365000000067e+02
6.219573354999999992e+02
6.122940869999999904e+02
6.024469205000000329e+02
5.928748544999999694e+02
5.832991829999999709e+02
5.736512689999999566e+02
5.637063389999999572e+02
5.539903534999999692e+02
5.443328169999999773e+02
5.346715329999999540e+02
5.250289534999999432e+02
5.153949280000000499e+02
5.058146939999999745e+02
4.961741339999999809e+02
4.865333380000000147e+02
4.771655074999999897e+02
4.674515969999999925e+02
4.580322575000000143e+02
4.484105084999999917e+02
4.389751810000000205e+02
4.293695144999999798e+02
4.199071460000000116e+02
4.103471144999999751e+02
4.007324145000000044e+02
3.914024544999999762e+02
3.820217190000000187e+02
3.726926394999999843e+02
3.633682934999999929e+02
3.539229485000000182e+02
3.446011134999999967e+02
3.350429449999999747e+02
3.256176980000000185e+02
3.162587199999999825e+02
3.070943945000000213e+02
2.976904700000000048e+02
2.882733655000000113e+02
2.790236224999999877e+02
2.696389914999999746e+02
2.603941515000000209e+02
2.512500095000000044e+02
2.419155120000000068e+02
2.327695444999999950e+02
2.234213464999999985e+02
2.140769999999999982e+02
2.048830619999999954e+02
1.955226220000000126e+02
1.863926840000000027e+02
1.771985669999999971e+02
1.681038739999999905e+02
1.588523414999999943e+02
1.498165955000000054e+02
1.406708404999999971e+02
1.315252419999999915e+02
1.223373304999999931e+02
1.132098419999999948e+02
1.041085989999999981e+02
9.498039149999999609e+01
8.580523200000000372e+01
7.680018549999999777e+01
6.781333200000000261e+01
5.868046350000000189e+01
4.963185450000000287e+01
4.065492299999999659e+01
3.164087500000000119e+01
2.260222449999999839e+01
1.359667349999999963e+01
4.541729499999999753e+00
L=10.0,N=1500,T=1.0,r=0.117,eta=0.6450789275248602,t=30329.19503211975s