0.000000000000000000e+00
0.000000000000000000e+00
0.000000000000000000e+00
0.000000000000000000e+00
0.000000000000000000e+00
0.000000000000000000e+00
0.000000000000000000e+00
0.000000000000000000e+00
0.000000000000000000e+00
0.000000000000000000e+00
0.000000000000000000e+00
0.000000000000000000e+00
0.000000000000000000e+00
0.000000000000000000e+00
0.000000000000000000e+00
0.000000000000000000e+00
0.000000000000000000e+00
0.000000000000000000e+00
0.000000000000000000e+00
0.000000000000000000e+00
0.000000000000000000e+00
0.000000000000000000e+00
0.000000000000000000e+00
0.000000000000000000e+00
0.000000000000000000e+00
0.000000000000000000e+00
0.000000000000000000e+00
0.000000000000000000e+00
0.000000000000000000e+00
0.000000000000000000e+00
0.000000000000000000e+00
0.000000000000000000e+00
0.000000000000000000e+00
0.000000000000000000e+00
5.970999999999999745e-03
5.811899999999999705e-02
1.552169999999999939e-01
2.887520000000000087e-01
4.499854999999999827e-01
6.458555000000000268e-01
8.695239999999999636e-01
1.122848499999999916e+00
1.405887000000000109e+00
1.725954500000000058e+00
2.086906499999999998e+00
3.207973400000000197e+01
4.198288949999999886e+01
4.167630400000000179e+01
4.128187450000000069e+01
4.089358099999999752e+01
4.049189249999999873e+01
4.012766500000000036e+01
3.976994799999999941e+01
3.945291399999999982e+01
3.918081999999999709e+01
3.896889850000000166e+01
3.897477250000000026e+01
3.882278149999999783e+01
3.858996100000000240e+01
3.832470599999999905e+01
3.808142899999999997e+01
3.785721449999999777e+01
3.765574500000000313e+01
3.746891149999999726e+01
3.729323399999999822e+01
3.715576850000000064e+01
3.701680449999999922e+01
3.691457950000000210e+01
3.679648350000000079e+01
3.669470050000000327e+01
3.659968649999999712e+01
3.653249749999999807e+01
3.647797549999999944e+01
3.644996799999999837e+01
3.645338499999999726e+01
3.646492400000000345e+01
3.650284400000000318e+01
3.657933849999999865e+01
3.668015199999999965e+01
3.682212400000000230e+01
3.699595000000000056e+01
3.719691799999999660e+01
3.745961650000000276e+01
3.775709750000000042e+01
3.811829949999999911e+01
3.851510549999999711e+01
3.899080550000000045e+01
3.952487450000000280e+01
4.015053999999999945e+01
4.089615750000000105e+01
4.180888350000000031e+01
4.292013149999999655e+01
4.397777649999999738e+01
4.500612199999999774e+01
4.598543649999999872e+01
4.690263199999999699e+01
4.777927199999999885e+01
4.863389250000000175e+01
4.943512900000000343e+01
5.020827799999999996e+01
5.095594499999999982e+01
5.167247799999999813e+01
5.235294199999999876e+01
5.302711550000000074e+01
5.365983299999999900e+01
5.426122850000000142e+01
5.485877750000000219e+01
5.539376750000000271e+01
5.595369399999999871e+01
5.648798349999999857e+01
5.699057150000000149e+01
5.746782600000000230e+01
5.794395000000000095e+01
5.843161200000000122e+01
5.885050849999999656e+01
5.925271500000000202e+01
5.970701199999999886e+01
6.012374249999999876e+01
6.052979249999999922e+01
6.092723749999999683e+01
6.133870499999999737e+01
6.171290050000000349e+01
6.210125399999999729e+01
6.252038449999999870e+01
6.288676250000000323e+01
6.329809199999999691e+01
6.367483200000000210e+01
6.406244200000000433e+01
6.444959350000000597e+01
6.488480549999999880e+01
6.531111350000000471e+01
6.573158399999999801e+01
6.616102549999999383e+01
6.660535500000000297e+01
6.706676000000000215e+01
6.753463150000000326e+01
6.801909999999999457e+01
6.848800649999999735e+01
6.899961249999999779e+01
6.951979199999999537e+01
7.003531700000000626e+01
7.056462949999999523e+01
7.108208650000000262e+01
7.164593449999999564e+01
7.217480550000000505e+01
7.272597050000000252e+01
7.324926399999999660e+01
7.380210900000000152e+01
7.435078149999999653e+01
7.490426499999999521e+01
7.543844049999999868e+01
7.597136899999999571e+01
7.653792599999999879e+01
7.707267500000000382e+01
7.760586800000000096e+01
7.813137199999999893e+01
7.867801649999999825e+01
7.919963350000000446e+01
7.971972049999999399e+01
8.026219650000000172e+01
8.076822599999999852e+01
8.128455900000000156e+01
8.180289750000000026e+01
8.231215450000000544e+01
8.282056000000000040e+01
8.335538800000000492e+01
8.382427950000000294e+01
8.434525449999999580e+01
8.483717799999999443e+01
8.533259449999999902e+01
8.581648099999999602e+01
8.630405550000000403e+01
8.678240499999999713e+01
8.728249800000000391e+01
8.779774399999999446e+01
8.825193600000000060e+01
8.875101700000000449e+01
8.924061149999999998e+01
8.971789950000000147e+01
9.020866850000000170e+01
9.071974799999999561e+01
9.119131500000000301e+01
9.170246849999999483e+01
9.218170150000000262e+01
9.267744749999999954e+01
9.318319250000000409e+01
9.364991000000000554e+01
9.413636449999999911e+01
9.464560249999999542e+01
9.515479200000000048e+01
9.564459349999999915e+01
9.613794450000000325e+01
9.665227649999999926e+01
9.714452699999999652e+01
9.764282749999999567e+01
9.814816999999999325e+01
9.864793699999999887e+01
9.915937300000000221e+01
9.966227399999999648e+01
1.001928350000000023e+02
1.006929300000000040e+02
1.011939689999999956e+02
1.017101525000000066e+02
1.022099829999999940e+02
1.026925674999999956e+02
1.032227429999999941e+02
1.037186145000000010e+02
1.042215510000000052e+02
1.047482399999999956e+02
1.052464635000000044e+02
1.057551215000000013e+02
1.062472700000000003e+02
1.067809969999999993e+02
1.072758505000000042e+02
1.077804055000000005e+02
1.082860830000000050e+02
1.087679250000000053e+02
1.092850810000000052e+02
1.097908704999999969e+02
1.102683454999999952e+02
1.107848539999999957e+02
1.112916929999999951e+02
1.117904439999999937e+02
1.122933040000000062e+02
1.127753064999999992e+02
1.133103504999999984e+02
1.137896204999999981e+02
1.142977999999999952e+02
1.147816650000000038e+02
1.153087689999999981e+02
1.158139575000000008e+02
1.163053749999999980e+02
1.168105989999999963e+02
1.173085049999999967e+02
1.178099045000000018e+02
1.183087560000000025e+02
1.187972749999999991e+02
1.193220510000000019e+02
1.198224929999999944e+02
1.203372169999999954e+02
1.208444870000000009e+02
1.213316329999999965e+02
1.218127479999999991e+02
1.223349855000000019e+02
1.228301069999999982e+02
1.233360255000000052e+02
1.238361514999999997e+02
1.243351870000000048e+02
1.248530324999999976e+02
1.253501215000000002e+02
1.258515040000000056e+02
1.263404225000000025e+02
1.268580259999999953e+02
1.273419810000000041e+02
1.278423659999999984e+02
1.283485279999999875e+02
1.288330165000000136e+02
1.293827870000000075e+02
1.298558685000000139e+02
1.303396779999999922e+02
1.308658714999999972e+02
1.313726775000000089e+02
1.318429199999999923e+02
1.323634585000000072e+02
1.328969850000000008e+02
1.333718460000000050e+02
1.338797260000000051e+02
1.343778269999999964e+02
1.348957034999999962e+02
1.353774300000000039e+02
1.358803695000000005e+02
1.363836049999999886e+02
1.368844909999999970e+02
1.373720160000000021e+02
1.378893260000000112e+02
1.384148725000000013e+02
1.389141715000000090e+02
1.394158855000000017e+02
1.399085844999999892e+02
1.404416755000000023e+02
1.409159459999999910e+02
1.414325125000000014e+02
1.419358660000000043e+02
1.424332195000000070e+02
1.429263550000000009e+02
1.434373894999999948e+02
1.439296994999999981e+02
1.444439675000000136e+02
1.449577965000000006e+02
1.454272369999999910e+02
1.459479064999999878e+02
1.464482025000000078e+02
1.469418259999999918e+02
1.474601659999999868e+02
1.479713390000000004e+02
1.484754489999999976e+02
1.489535434999999950e+02
1.494714955000000032e+02
1.499747079999999926e+02
1.504546164999999860e+02
1.509581085000000087e+02
1.514532670000000110e+02
1.519702844999999911e+02
1.524767935000000136e+02
1.529759430000000009e+02
1.534588995000000011e+02
1.539461284999999862e+02
1.544787604999999928e+02
1.549805264999999963e+02
1.554551910000000134e+02
1.559640525000000082e+02
1.564830584999999985e+02
1.569927150000000040e+02
1.574694384999999954e+02
1.579986910000000080e+02
1.584895219999999938e+02
1.589946799999999882e+02
1.594936920000000100e+02
1.600008165000000133e+02
1.605330769999999916e+02
1.609808084999999949e+02
1.615096020000000010e+02
1.620042280000000119e+02
1.624969350000000077e+02
1.629963055000000054e+02
1.635035865000000115e+02
1.640082439999999906e+02
1.645320220000000120e+02
1.650207584999999995e+02
1.655319650000000138e+02
1.660054205000000138e+02
1.665435855000000060e+02
1.670145564999999976e+02
1.675377880000000062e+02
1.680455125000000010e+02
1.685363585000000057e+02
1.690353325000000098e+02
1.695199795000000051e+02
1.700727799999999945e+02
1.705858039999999960e+02
1.710557949999999892e+02
1.715710224999999980e+02
1.720538569999999936e+02
1.725376679999999965e+02
1.731006664999999884e+02
1.735880214999999964e+02
1.740425869999999975e+02
1.745831325000000049e+02
1.750886204999999904e+02
1.755844720000000052e+02
1.760800199999999904e+02
1.766083544999999901e+02
1.770863385000000108e+02
1.776085840000000076e+02
1.780471829999999898e+02
1.786234029999999962e+02
1.790988800000000083e+02
1.795754080000000101e+02
1.800920810000000074e+02
1.806063374999999951e+02
1.810720980000000111e+02
1.816137865000000033e+02
1.821243190000000141e+02
1.826125590000000045e+02
1.831264830000000075e+02
1.835851480000000038e+02
1.841088630000000137e+02
1.846099079999999901e+02
1.851042304999999999e+02
1.856258665000000008e+02
1.861179129999999873e+02
1.866209969999999885e+02
1.871164850000000115e+02
1.876298094999999932e+02
1.881366429999999923e+02
1.886280404999999973e+02
1.891088169999999877e+02
1.896460409999999968e+02
1.901233229999999992e+02
1.906581124999999872e+02
1.911522735000000068e+02
1.916527654999999868e+02
1.921448954999999899e+02
1.926622370000000046e+02
1.931443470000000104e+02
1.936615074999999990e+02
1.941471654999999998e+02
1.946749414999999885e+02
1.951821380000000090e+02
1.956414034999999956e+02
1.961634200000000021e+02
1.966713560000000030e+02
1.971296514999999943e+02
1.976661699999999939e+02
1.981906705000000102e+02
1.986720980000000054e+02
1.992006644999999878e+02
1.996950285000000065e+02
2.001850795000000005e+02
2.006906140000000107e+02
2.012305690000000027e+02
2.017079479999999876e+02
2.021837020000000109e+02
2.027123215000000016e+02
2.031942760000000021e+02
2.037103620000000035e+02
2.042160624999999925e+02
2.046758800000000065e+02
2.052219760000000122e+02
2.057206385000000068e+02
2.062257324999999923e+02
2.067429114999999911e+02
2.072354980000000069e+02
2.077341624999999965e+02
2.082516599999999869e+02
2.087240850000000023e+02
2.092093884999999887e+02
2.097577819999999917e+02
2.102248380000000054e+02
2.107238159999999993e+02
2.112297430000000134e+02
2.117646794999999997e+02
2.122560699999999940e+02
2.127505874999999946e+02
2.132453825000000052e+02
2.137621425000000102e+02
2.142613120000000038e+02
2.147380645000000072e+02
2.152618160000000103e+02
2.157596979999999860e+02
2.162628264999999885e+02
2.167923255000000040e+02
2.172971169999999859e+02
2.177649225000000115e+02
2.182514835000000062e+02
2.187899600000000078e+02
2.192554959999999937e+02
2.197861545000000092e+02
2.202733699999999999e+02
2.207733294999999885e+02
2.212679880000000026e+02
2.218087400000000002e+02
2.223007494999999949e+02
2.227757149999999911e+02
2.232827609999999936e+02
2.237780239999999878e+02
2.243055395000000090e+02
2.248124160000000131e+02
2.253090119999999956e+02
2.257925419999999974e+02
2.263112135000000080e+02
2.268081249999999898e+02
2.273103685000000098e+02
2.278418414999999868e+02
2.283350834999999961e+02
2.288108095000000048e+02
2.293326900000000137e+02
2.298339489999999898e+02
2.303418184999999880e+02
2.308432899999999961e+02
2.313247614999999939e+02
2.318568940000000111e+02
2.323687529999999981e+02
2.328671735000000069e+02
2.333622320000000059e+02
2.338507299999999987e+02
2.343523930000000064e+02
2.348709110000000067e+02
2.353203985000000102e+02
2.358353559999999902e+02
2.363893860000000018e+02
2.368752670000000080e+02
2.373820875000000115e+02
2.378833730000000060e+02
2.383866449999999872e+02
2.388648144999999943e+02
2.393834840000000099e+02
2.398754355000000089e+02
2.403945290000000057e+02
2.408943805000000111e+02
2.413877469999999903e+02
2.418993959999999959e+02
2.423458814999999902e+02
2.428583595000000059e+02
2.433856174999999951e+02
2.438801149999999893e+02
2.443944089999999960e+02
2.449314295000000072e+02
2.454230729999999880e+02
2.459161220000000014e+02
2.463936894999999936e+02
2.469306719999999871e+02
2.473951230000000123e+02
2.478901520000000005e+02
2.483839044999999999e+02
2.489414590000000089e+02
2.494202094999999986e+02
2.499231440000000077e+02
2.504565875000000119e+02
2.509475295000000017e+02
2.514297165000000120e+02
2.519360169999999925e+02
2.524395529999999894e+02
2.529177285000000097e+02
2.534315129999999954e+02
2.539623965000000112e+02
2.544246694999999931e+02
2.549693389999999908e+02
2.554386025000000018e+02
2.559619825000000048e+02
2.564522655000000100e+02
2.569496530000000121e+02
2.574584689999999796e+02
2.579694519999999898e+02
2.584039109999999937e+02
2.589567220000000134e+02
2.594706469999999854e+02
2.599975964999999860e+02
2.604567359999999780e+02
2.609857329999999820e+02
2.614753430000000094e+02
2.619833145000000059e+02
2.625184489999999755e+02
2.629791834999999764e+02
2.635043284999999855e+02
2.640006055000000060e+02
2.645111205000000041e+02
2.650214124999999967e+02
2.654593530000000214e+02
2.659841769999999883e+02
2.665045820000000276e+02
2.669969699999999762e+02
2.674669569999999794e+02
2.680219965000000002e+02
2.685189320000000066e+02
2.690123229999999808e+02
2.695197210000000041e+02
2.700064810000000080e+02
2.705109979999999723e+02
2.710184209999999894e+02
2.715273204999999734e+02
2.719996065000000272e+02
2.725269509999999968e+02
2.730138675000000035e+02
2.735556569999999965e+02
2.740167744999999968e+02
2.745407640000000242e+02
2.750579624999999737e+02
2.755286239999999793e+02
2.760378640000000132e+02
2.765405615000000239e+02
2.770495745000000056e+02
2.775321705000000065e+02
2.780650259999999889e+02
2.785928705000000036e+02
2.790571855000000028e+02
2.795743204999999989e+02
2.800436025000000200e+02
2.805500289999999950e+02
2.810935160000000224e+02
2.815692665000000261e+02
2.820548989999999776e+02
2.825876749999999902e+02
2.830518509999999992e+02
2.835700345000000198e+02
2.840820504999999798e+02
2.845906205000000000e+02
2.851149570000000040e+02
2.855808685000000082e+02
2.860950950000000148e+02
2.866185024999999769e+02
2.870822704999999928e+02
2.876047070000000190e+02
2.881068609999999808e+02
2.886093409999999722e+02
2.890678080000000136e+02
2.895910134999999741e+02
2.901195174999999722e+02
2.905631955000000062e+02
2.911265225000000214e+02
2.916163584999999898e+02
2.921729990000000043e+02
2.926078345000000240e+02
2.931329405000000179e+02
2.936182064999999852e+02
2.941302319999999781e+02
2.946357980000000225e+02
2.951583600000000160e+02
2.956276065000000131e+02
2.961295925000000011e+02
2.966720879999999738e+02
2.971597714999999766e+02
2.976628385000000208e+02
2.981827969999999937e+02
2.986408969999999954e+02
2.991412015000000224e+02
2.996650065000000041e+02
3.001984699999999862e+02
3.006618960000000129e+02
3.012190610000000106e+02
3.016706839999999943e+02
3.021586594999999988e+02
3.026869449999999802e+02
3.031570095000000151e+02
3.036704224999999724e+02
3.041892780000000016e+02
3.046466530000000148e+02
3.051613525000000209e+02
3.056884049999999888e+02
3.061678595000000200e+02
3.067291270000000054e+02
3.071808985000000121e+02
3.077136189999999942e+02
3.081871335000000158e+02
3.087340090000000146e+02
3.091967139999999858e+02
3.097011719999999855e+02
3.101894399999999905e+02
3.106786604999999781e+02
3.112014599999999973e+02
3.117495190000000207e+02
3.122057760000000144e+02
3.127365609999999947e+02
3.132581054999999992e+02
3.137385395000000017e+02
3.142444105000000150e+02
3.147275344999999902e+02
3.152846509999999967e+02
3.157014325000000099e+02
3.162353949999999827e+02
3.167449579999999969e+02
3.172673244999999724e+02
3.177575244999999882e+02
3.182669994999999972e+02
3.187240095000000224e+02
3.192256884999999897e+02
3.197599500000000035e+02
3.202659380000000056e+02
3.207639535000000137e+02
3.212731795000000261e+02
3.217851069999999822e+02
3.222643869999999993e+02
3.227801959999999895e+02
3.233171239999999784e+02
3.237586125000000266e+02
3.242650709999999776e+02
3.247724024999999983e+02
3.252975250000000074e+02
3.257961255000000165e+02
3.262550840000000107e+02
3.267779995000000213e+02
3.272622010000000046e+02
3.278018480000000068e+02
3.282924899999999866e+02
3.287826165000000174e+02
3.293069204999999897e+02
3.298042735000000221e+02
3.302670674999999960e+02
3.307962815000000205e+02
3.312772309999999720e+02
3.317817390000000159e+02
3.322701989999999910e+02
3.328181235000000129e+02
3.332766080000000102e+02
3.338168104999999741e+02
3.343133705000000191e+02
3.348084175000000187e+02
3.353143094999999789e+02
3.358563394999999900e+02
3.363209689999999910e+02
3.368068279999999959e+02
3.373393644999999879e+02
3.378473295000000007e+02
3.383523524999999950e+02
3.388248820000000023e+02
3.393509174999999800e+02
3.398732519999999795e+02
3.403181369999999788e+02
3.408234514999999760e+02
3.413402914999999780e+02
3.418304785000000265e+02
3.423286650000000009e+02
3.428340610000000197e+02
3.433395204999999919e+02
3.438977404999999976e+02
3.443827120000000264e+02
3.448673190000000091e+02
3.454004894999999919e+02
3.458453450000000089e+02
3.463706700000000183e+02
3.468506960000000277e+02
3.473960829999999760e+02
3.478878639999999791e+02
3.483985685000000103e+02
3.488850024999999846e+02
3.493733240000000251e+02
3.499045815000000061e+02
3.503737014999999815e+02
3.509074420000000032e+02
3.513964814999999930e+02
3.519468635000000063e+02
3.523811469999999986e+02
3.529025100000000066e+02
3.534153334999999743e+02
3.539152060000000120e+02
3.544447495000000004e+02
3.549131745000000251e+02
3.418591845000000262e+02
3.276502664999999865e+02
3.192209685000000263e+02
3.125758865000000242e+02
3.068850689999999872e+02
3.018337319999999977e+02
2.973174940000000106e+02
2.931535059999999930e+02
2.892964124999999740e+02
2.856346700000000283e+02
2.822459645000000137e+02
2.789371095000000196e+02
2.758992054999999937e+02
2.729626685000000066e+02
2.701176869999999894e+02
2.673763339999999857e+02
2.647523029999999835e+02
2.622108259999999973e+02
2.597571125000000052e+02
2.573408094999999776e+02
2.550341224999999952e+02
2.527453805000000102e+02
2.505272224999999935e+02
2.483744115000000079e+02
2.462829140000000052e+02
2.442167795000000012e+02
2.422380494999999883e+02
2.402678080000000023e+02
2.383298404999999889e+02
2.364483580000000131e+02
2.345843849999999975e+02
2.327649384999999995e+02
2.309814504999999940e+02
2.291669435000000021e+02
2.274320069999999987e+02
2.257801660000000084e+02
2.241039900000000102e+02
2.224729345000000080e+02
2.208216515000000015e+02
2.191956959999999981e+02
2.176193989999999872e+02
2.160488349999999969e+02
2.145099299999999971e+02
2.130017369999999914e+02
2.114593050000000005e+02
2.099846039999999903e+02
2.085132869999999912e+02
2.070937664999999868e+02
2.056233320000000049e+02
2.042175379999999905e+02
2.028140865000000019e+02
2.014369785000000093e+02
2.000380884999999864e+02
1.986705694999999992e+02
1.973175824999999861e+02
1.960159600000000069e+02
1.946853025000000059e+02
1.933593999999999937e+02
1.920847775000000013e+02
1.907883469999999875e+02
1.895226900000000114e+02
1.882640729999999962e+02
1.870106429999999875e+02
1.857537345000000073e+02
1.845287744999999973e+02
1.832915465000000097e+02
1.820671020000000055e+02
1.809083699999999908e+02
1.797011354999999924e+02
1.784949254999999937e+02
1.773534099999999967e+02
1.761800644999999861e+02
1.749914285000000120e+02
1.738729485000000068e+02
1.726811005000000137e+02
1.716099994999999865e+02
1.704424884999999961e+02
1.693217865000000018e+02
1.682171114999999872e+02
1.671370890000000031e+02
1.660353719999999953e+02
1.649373579999999890e+02
1.638328574999999887e+02
1.627781249999999886e+02
1.616861434999999858e+02
1.606268134999999972e+02
1.595800790000000120e+02
1.585131499999999960e+02
1.575105205000000126e+02
1.564353729999999985e+02
1.554118410000000097e+02
1.543759985000000086e+02
1.533533140000000117e+02
1.523450929999999914e+02
1.513221844999999917e+02
1.503267454999999870e+02
1.493204719999999952e+02
1.483040110000000027e+02
1.473127289999999903e+02
1.463312770000000000e+02
1.453605005000000006e+02
1.443816070000000025e+02
1.434240675000000067e+02
1.424324819999999931e+02
1.414602020000000095e+02
1.405096514999999897e+02
1.395626809999999978e+02
1.386105340000000012e+02
1.376726730000000032e+02
1.367047745000000134e+02
1.357890899999999874e+02
1.348453054999999949e+02
1.339166030000000092e+02
1.329918570000000102e+02
1.320696795000000066e+02
1.311350525000000005e+02
1.302646809999999959e+02
1.293520829999999933e+02
1.283917989999999918e+02
1.274975110000000029e+02
1.266067945000000066e+02
1.257044994999999972e+02
1.247996224999999981e+02
1.239220459999999946e+02
1.230453645000000051e+02
1.221533770000000061e+02
1.212791464999999960e+02
1.203829139999999995e+02
1.194975074999999975e+02
1.186452060000000017e+02
1.177645830000000018e+02
1.169154190000000000e+02
1.160379674999999935e+02
1.151698690000000056e+02
1.143122979999999984e+02
1.134772174999999947e+02
1.126278345000000058e+02
1.117811540000000008e+02
1.109386580000000038e+02
1.100884025000000008e+02
1.092725949999999955e+02
1.084253084999999999e+02
1.075650964999999957e+02
1.067241850000000056e+02
1.059227575000000030e+02
1.050775425000000070e+02
1.042519384999999943e+02
1.034435574999999972e+02
1.026049100000000038e+02
1.018091294999999974e+02
1.009888265000000018e+02
1.001962029999999970e+02
9.934530399999999872e+01
9.856074649999999338e+01
9.773982349999999997e+01
9.692158100000000331e+01
9.615109400000000051e+01
9.534200649999999655e+01
9.453970800000000452e+01
9.374910099999999602e+01
9.293998050000000433e+01
9.216357949999999732e+01
9.137642449999999883e+01
9.057724349999999447e+01
8.979524750000000211e+01
8.901662600000000225e+01
8.821630749999999921e+01
8.745249200000000656e+01
8.666664699999999755e+01
8.587923399999999674e+01
8.513319350000000441e+01
8.434352549999999837e+01
8.358431450000000495e+01
8.278194899999999734e+01
8.203414050000000657e+01
8.126977549999999439e+01
8.049756200000000206e+01
7.975097200000000441e+01
7.900247550000000274e+01
7.822033799999999815e+01
7.746873449999999650e+01
7.670232450000000313e+01
7.596708099999999320e+01
7.519801900000000217e+01
7.447112199999999405e+01
7.369674750000000074e+01
7.295629350000000102e+01
7.222759449999999504e+01
7.147876999999999725e+01
7.074899550000000659e+01
6.999940200000000345e+01
6.926686449999999695e+01
6.851972750000000190e+01
6.777185500000000218e+01
6.704388050000000021e+01
6.631434199999999635e+01
6.556809699999999452e+01
6.483992150000000265e+01
6.412068750000000250e+01
6.338835300000000217e+01
6.266198899999999838e+01
6.194903399999999749e+01
6.122933650000000227e+01
6.048989300000000213e+01
5.979221249999999799e+01
5.904663149999999661e+01
5.835552849999999836e+01
5.760088100000000111e+01
5.691225699999999676e+01
5.618584200000000095e+01
5.546427750000000145e+01
5.474688900000000302e+01
5.405850999999999829e+01
5.331875449999999717e+01
5.264158299999999713e+01
5.191340600000000194e+01
5.121234299999999706e+01
5.051138000000000261e+01
4.979669849999999798e+01
4.909877649999999960e+01
4.840104250000000263e+01
4.770068700000000206e+01
4.698384599999999978e+01
4.629641850000000147e+01
4.560214100000000315e+01
4.489736599999999811e+01
4.421797000000000111e+01
4.351910250000000246e+01
4.282740950000000169e+01
4.214962100000000333e+01
4.143675549999999674e+01
4.073673349999999971e+01
4.004940450000000141e+01
3.937974750000000057e+01
3.867788099999999929e+01
3.801185300000000211e+01
3.731634900000000243e+01
3.661742199999999769e+01
3.594155549999999977e+01
3.525397000000000247e+01
3.459328049999999877e+01
3.390135949999999809e+01
3.322384449999999845e+01
3.255266050000000178e+01
3.185873199999999983e+01
3.118472900000000081e+01
3.052500149999999834e+01
2.983637600000000134e+01
2.916776049999999998e+01
2.849969850000000093e+01
2.783352800000000116e+01
2.715112849999999867e+01
2.648646049999999974e+01
2.581485599999999891e+01
2.514839399999999969e+01
2.448073899999999981e+01
2.380884650000000136e+01
2.314376049999999907e+01
2.248202450000000141e+01
2.180637850000000100e+01
2.115785149999999959e+01
2.049111350000000087e+01
1.983128200000000163e+01
1.916298300000000054e+01
1.851424150000000068e+01
1.784324700000000163e+01
1.718722999999999956e+01
1.653243700000000160e+01
1.586214949999999924e+01
1.521338599999999985e+01
1.456392100000000056e+01
1.390088100000000004e+01
1.325426049999999911e+01
1.259930849999999936e+01
1.194319100000000056e+01
1.129810299999999934e+01
1.064335799999999921e+01
9.992730500000000404e+00
9.347082500000000849e+00
8.701712999999999809e+00
8.046461000000000752e+00
7.402646500000000351e+00
6.752582000000000306e+00
6.106114500000000334e+00
5.461196000000000161e+00
4.815125499999999725e+00
4.175656499999999660e+00
3.527314000000000060e+00
2.888710500000000181e+00
2.242071000000000147e+00
1.598962500000000064e+00
9.592085000000000194e-01
3.205509999999999748e-01
L=10.0,N=400,T=1.0,r=0.16,eta=0.32169908772759487,t=1990.6432762145996s