0.000000000000000000e+00
0.000000000000000000e+00
0.000000000000000000e+00
0.000000000000000000e+00
0.000000000000000000e+00
0.000000000000000000e+00
0.000000000000000000e+00
0.000000000000000000e+00
0.000000000000000000e+00
0.000000000000000000e+00
0.000000000000000000e+00
0.000000000000000000e+00
0.000000000000000000e+00
0.000000000000000000e+00
0.000000000000000000e+00
0.000000000000000000e+00
0.000000000000000000e+00
0.000000000000000000e+00
0.000000000000000000e+00
0.000000000000000000e+00
0.000000000000000000e+00
0.000000000000000000e+00
0.000000000000000000e+00
0.000000000000000000e+00
0.000000000000000000e+00
0.000000000000000000e+00
0.000000000000000000e+00
0.000000000000000000e+00
0.000000000000000000e+00
0.000000000000000000e+00
0.000000000000000000e+00
0.000000000000000000e+00
0.000000000000000000e+00
0.000000000000000000e+00
1.102515000000000023e-01
9.666150000000000020e-01
2.358009000000000022e+00
3.998356999999999939e+00
5.684503499999999931e+00
7.505207000000000406e+00
9.456096499999999239e+00
1.146254549999999917e+01
1.368081500000000084e+01
1.641035199999999961e+01
2.025672649999999919e+01
4.976137979999999743e+02
5.745995265000000245e+02
4.928275390000000016e+02
4.234469485000000191e+02
3.649484190000000012e+02
3.153010995000000207e+02
2.730504750000000058e+02
2.374269505000000038e+02
2.074815884999999867e+02
1.822761444999999867e+02
1.615495490000000132e+02
1.453319644999999980e+02
1.304740989999999954e+02
1.169028469999999942e+02
1.052063665000000015e+02
9.517156500000000108e+01
8.678535100000000568e+01
7.954573800000000006e+01
7.358221149999999966e+01
6.872985799999999301e+01
6.483510350000000244e+01
6.177982200000000290e+01
5.943207850000000292e+01
5.789424900000000207e+01
5.692294799999999810e+01
5.691230800000000301e+01
5.760396899999999931e+01
5.944962149999999923e+01
6.237246999999999986e+01
6.657753350000000125e+01
7.238187650000000417e+01
7.998225150000000383e+01
8.960703850000000159e+01
1.019031954999999954e+02
1.170759630000000016e+02
1.350795300000000054e+02
1.547355614999999887e+02
1.748246770000000083e+02
1.940728550000000041e+02
2.122235234999999989e+02
2.281875939999999900e+02
2.421175934999999981e+02
2.547301109999999937e+02
2.669029835000000048e+02
2.816791484999999966e+02
3.095940175000000067e+02
3.503708980000000111e+02
3.748992964999999913e+02
3.851399205000000165e+02
3.855588109999999915e+02
3.792500024999999937e+02
3.680230859999999780e+02
3.535677575000000274e+02
3.376913840000000278e+02
3.207061330000000225e+02
3.038940999999999804e+02
2.869745629999999892e+02
2.712942734999999743e+02
2.561272905000000151e+02
2.417215815000000134e+02
2.281113004999999987e+02
2.155083275000000071e+02
2.041811815000000081e+02
1.936133629999999926e+02
1.845456670000000088e+02
1.766944614999999885e+02
1.697891354999999862e+02
1.642507720000000120e+02
1.600164315000000101e+02
1.571544030000000021e+02
1.557628364999999917e+02
1.560007960000000082e+02
1.580186595000000125e+02
1.617610814999999889e+02
1.680905644999999993e+02
1.762306634999999915e+02
1.873538504999999930e+02
2.009833399999999983e+02
2.171669170000000122e+02
2.358115280000000098e+02
2.563627349999999865e+02
2.782340469999999755e+02
3.004807104999999865e+02
3.224100824999999872e+02
3.425901670000000081e+02
3.607938164999999913e+02
3.764328244999999811e+02
3.888427345000000059e+02
3.992357534999999871e+02
4.072619374999999877e+02
4.134154545000000098e+02
4.187668744999999717e+02
4.235834409999999934e+02
4.261061085000000048e+02
4.261670780000000036e+02
4.239211040000000139e+02
4.199025199999999813e+02
4.141723569999999768e+02
4.069219095000000266e+02
3.985795014999999921e+02
3.893049545000000080e+02
3.794794655000000034e+02
3.697211914999999749e+02
3.595971620000000257e+02
3.496655514999999923e+02
3.401367829999999799e+02
3.306303209999999808e+02
3.219548315000000116e+02
3.135274395000000140e+02
3.058297585000000254e+02
2.986606755000000248e+02
2.929040504999999825e+02
2.880036385000000223e+02
2.845520255000000134e+02
2.818498769999999922e+02
2.812634424999999965e+02
2.816657099999999900e+02
2.841705845000000181e+02
2.884995969999999943e+02
2.946094855000000052e+02
3.027405875000000037e+02
3.131891120000000228e+02
3.249006454999999960e+02
3.388762034999999742e+02
3.540198340000000030e+02
3.704770735000000172e+02
3.878173760000000243e+02
4.057915530000000217e+02
4.231687840000000165e+02
4.399873099999999795e+02
4.558136680000000069e+02
4.698099664999999732e+02
4.822921380000000227e+02
4.923668000000000120e+02
5.004891180000000190e+02
5.062396694999999909e+02
5.096353740000000130e+02
5.115196710000000166e+02
5.116127844999999752e+02
5.098719780000000128e+02
5.063198585000000094e+02
5.021592170000000124e+02
4.962690719999999942e+02
4.901104384999999866e+02
4.830351954999999862e+02
4.760788410000000113e+02
4.681830575000000181e+02
4.606297040000000038e+02
4.529576774999999884e+02
4.456789719999999875e+02
4.389957850000000121e+02
4.329161545000000046e+02
4.267491319999999746e+02
4.215609885000000077e+02
4.171355535000000145e+02
4.131770460000000185e+02
4.099708079999999768e+02
4.079865174999999908e+02
4.067197959999999739e+02
4.072119734999999991e+02
4.080486535000000003e+02
4.103741259999999897e+02
4.140962559999999826e+02
4.195761919999999918e+02
4.257283805000000143e+02
4.333925169999999980e+02
4.422437380000000076e+02
4.520026105000000030e+02
4.631851710000000253e+02
4.749239680000000021e+02
4.869687640000000215e+02
4.996100614999999721e+02
5.119026395000000207e+02
5.244896754999999757e+02
5.364058479999999918e+02
5.479422160000000304e+02
5.583168924999999945e+02
5.680164979999999559e+02
5.764120910000000322e+02
5.833530835000000252e+02
5.888448929999999564e+02
5.930081050000000005e+02
5.951966419999999971e+02
5.967813704999999800e+02
5.961707824999999730e+02
5.946238200000000234e+02
5.917396704999999884e+02
5.879561864999999443e+02
5.833597065000000157e+02
5.779418695000000525e+02
5.722759079999999585e+02
5.660738814999999704e+02
5.599582305000000133e+02
5.537536350000000311e+02
5.478785064999999577e+02
5.425398300000000518e+02
5.378666670000000067e+02
5.331793075000000499e+02
5.295715609999999742e+02
5.268073375000000169e+02
5.246996265000000221e+02
5.235858074999999872e+02
5.230095199999999522e+02
5.241442755000000489e+02
5.255136959999999817e+02
5.284400669999999991e+02
5.320563614999999800e+02
5.370594995000000154e+02
5.427418569999999818e+02
5.492169460000000072e+02
5.568325905000000375e+02
5.647588389999999663e+02
5.735525360000000319e+02
5.824175774999999931e+02
5.918549990000000207e+02
6.011960400000000391e+02
6.109227425000000267e+02
6.202388744999999517e+02
6.292885674999999992e+02
6.379898799999999710e+02
6.457511684999999488e+02
6.530128604999999880e+02
6.597065025000000560e+02
6.655688569999999800e+02
6.707912965000000440e+02
6.749392954999999574e+02
6.783375819999999976e+02
6.806485095000000456e+02
6.821709859999999708e+02
6.824466979999999694e+02
6.821750670000000127e+02
6.809493850000000066e+02
6.790588709999999537e+02
6.762522384999999758e+02
6.728772549999999910e+02
6.695163639999999532e+02
6.656460335000000441e+02
6.616817555000000084e+02
6.575804084999999759e+02
6.531796060000000352e+02
6.496353970000000118e+02
6.465995430000000397e+02
6.435625684999999976e+02
6.409691719999999577e+02
6.397555614999999989e+02
6.386630024999999478e+02
6.384442669999999680e+02
6.390070610000000215e+02
6.401412259999999605e+02
6.426127040000000079e+02
6.454902859999999691e+02
6.491889314999999669e+02
6.541021564999999782e+02
6.597893639999999778e+02
6.655331179999999449e+02
6.726547454999999900e+02
6.795467939999999771e+02
6.871681459999999788e+02
6.950155465000000277e+02
7.026872059999999465e+02
7.105168125000000146e+02
7.186971515000000181e+02
7.256536525000000211e+02
7.332054755000000341e+02
7.399058625000000120e+02
7.459578524999999445e+02
7.517081839999999602e+02
7.558864825000000565e+02
7.604138149999999996e+02
7.642522940000000062e+02
7.674200200000000223e+02
7.701933360000000448e+02
7.718779385000000275e+02
7.732092075000000477e+02
7.739201034999999820e+02
7.733767830000000458e+02
7.736034075000000030e+02
7.718309219999999868e+02
7.703456029999999828e+02
7.688931744999999864e+02
7.670917279999999892e+02
7.648006924999999683e+02
7.623816524999999729e+02
7.602261624999999867e+02
7.580377055000000155e+02
7.563420519999999669e+02
7.548568245000000161e+02
7.532758159999999634e+02
7.521770299999999452e+02
7.524225595000000339e+02
7.524354174999999714e+02
7.529750394999999799e+02
7.541132489999999962e+02
7.561939605000000029e+02
7.581219794999999522e+02
7.615146855000000414e+02
7.649733370000000150e+02
7.688308385000000271e+02
7.742230735000000550e+02
7.792475249999999960e+02
7.847748990000000049e+02
7.908604269999999588e+02
7.974095529999999599e+02
8.034687854999999672e+02
8.102190785000000233e+02
8.167480110000000195e+02
8.231564845000000332e+02
8.290777070000000322e+02
8.349333709999999655e+02
8.406322294999999940e+02
8.451706930000000284e+02
8.498458484999999882e+02
8.535334864999999809e+02
8.573685604999999441e+02
8.606677290000000085e+02
8.632402590000000373e+02
8.655451675000000478e+02
8.677732234999999719e+02
8.685569964999999684e+02
8.696732650000000149e+02
8.697951855000000023e+02
8.698546619999999621e+02
8.694769639999999526e+02
8.686614070000000538e+02
8.677782274999999572e+02
8.666923134999999547e+02
8.659389400000000023e+02
8.648616849999999658e+02
8.631593834999999899e+02
8.625999295000000302e+02
8.617526195000000371e+02
8.616158820000000560e+02
8.619077365000000555e+02
8.618098019999999906e+02
8.623314484999999650e+02
8.636546785000000455e+02
8.651167665000000397e+02
8.669799355000000105e+02
8.689359815000000253e+02
8.720113720000000512e+02
8.751478684999999587e+02
8.784849454999999807e+02
8.818428770000000441e+02
8.864501430000000255e+02
8.906333025000000134e+02
8.955431314999999586e+02
9.006957919999999831e+02
9.060846074999999473e+02
9.113537025000000540e+02
9.163616475000000037e+02
9.215712455000000318e+02
9.269870670000000246e+02
9.315410689999999931e+02
9.364756300000000238e+02
9.409470219999999472e+02
9.452267484999999851e+02
9.488064624999999523e+02
9.521518270000000257e+02
9.557793619999999919e+02
9.581150790000000370e+02
9.606209535000000415e+02
9.626532525000000078e+02
9.648934524999999667e+02
9.663594440000000532e+02
9.675783810000000358e+02
9.683404494999999770e+02
9.690659365000000207e+02
9.693385819999999740e+02
9.694734049999999570e+02
9.696281255000000101e+02
9.692119089999999915e+02
9.687483875000000353e+02
9.686446059999999534e+02
9.682407474999999977e+02
9.679892119999999522e+02
9.679183769999999640e+02
9.684213495000000194e+02
9.688953374999999824e+02
9.702097820000000183e+02
9.714110309999999799e+02
9.731829380000000356e+02
9.748643650000000207e+02
9.772628714999999602e+02
9.799142265000000407e+02
9.826154229999999643e+02
9.857457650000000058e+02
9.888009720000000016e+02
9.926568344999999454e+02
9.963003569999999627e+02
1.000682621499999982e+03
1.004722205000000031e+03
1.008662693500000046e+03
1.012918476499999997e+03
1.017941366499999958e+03
1.022622595000000047e+03
1.026332203500000105e+03
1.030494040000000041e+03
1.034390855500000043e+03
1.038865152500000022e+03
1.042424823500000002e+03
1.046132373500000085e+03
1.049195240999999896e+03
1.051548295999999937e+03
1.054562785500000018e+03
1.057557098499999938e+03
1.059542557499999930e+03
1.061685089999999946e+03
1.063747714000000087e+03
1.065627039499999910e+03
1.067097059499999887e+03
1.068675388500000054e+03
1.069502759499999911e+03
1.070878764999999930e+03
1.071043489500000078e+03
1.071543771000000106e+03
1.072476439999999911e+03
1.072940620999999965e+03
1.073738194000000021e+03
1.073663882999999942e+03
1.074179305500000055e+03
1.074573282500000005e+03
1.075343591500000002e+03
1.076325115500000038e+03
1.078195506499999965e+03
1.079820247999999992e+03
1.081976040999999896e+03
1.083859230499999967e+03
1.085744989499999974e+03
1.089078361000000086e+03
1.091321220499999981e+03
1.094531948999999940e+03
1.097466869999999972e+03
1.101166084499999897e+03
1.104083811499999911e+03
1.107765588499999922e+03
1.111664148999999952e+03
1.115494451999999910e+03
1.119176875000000109e+03
1.123132959499999970e+03
1.126850822999999991e+03
1.131357248499999969e+03
1.134909592499999917e+03
1.138073799499999950e+03
1.141656899999999951e+03
1.144371932499999957e+03
1.147940673000000061e+03
1.150290975500000059e+03
1.153533168500000102e+03
1.155173670500000071e+03
1.158286798000000090e+03
1.159780594999999948e+03
1.161689814500000011e+03
1.164437687500000038e+03
1.166289012499999899e+03
1.168313050499999918e+03
1.169288230000000112e+03
1.171371491999999989e+03
1.173011543500000016e+03
1.173712926500000094e+03
1.175109846999999945e+03
1.175896160000000009e+03
1.177301221500000111e+03
1.178022917000000007e+03
1.179324497000000065e+03
1.180332366500000035e+03
1.181123016499999949e+03
1.182374456999999893e+03
1.183366226999999981e+03
1.185132652000000007e+03
1.187015650000000051e+03
1.189385471499999994e+03
1.191413833500000010e+03
1.194252604499999961e+03
1.196750232000000096e+03
1.199199264000000085e+03
1.202055638499999986e+03
1.205183945499999936e+03
1.208166472000000113e+03
1.211381027500000073e+03
1.214740262000000030e+03
1.217833517000000029e+03
1.221335637500000075e+03
1.224500697499999887e+03
1.228135115999999925e+03
1.232088889999999992e+03
1.235262286500000073e+03
1.238022021499999937e+03
1.241286080999999967e+03
1.244175721999999951e+03
1.247430320500000107e+03
1.249953034500000058e+03
1.252566733500000055e+03
1.254910832000000028e+03
1.257081768499999953e+03
1.259712586500000043e+03
1.261866232000000082e+03
1.263995620500000086e+03
1.266259811500000069e+03
1.267982672999999977e+03
1.269977517499999976e+03
1.271878267999999935e+03
1.274258278000000018e+03
1.275384457999999995e+03
1.277217873000000054e+03
1.278834425999999894e+03
1.280285394499999938e+03
1.281264902500000062e+03
1.282902220500000112e+03
1.284123690500000066e+03
1.286359058499999946e+03
1.286824611499999946e+03
1.288611988500000052e+03
1.290534499999999980e+03
1.291853332500000079e+03
1.294132201500000065e+03
1.296289794000000029e+03
1.298416711999999961e+03
1.300690641500000083e+03
1.303100206000000071e+03
1.306297137000000021e+03
1.309056331000000000e+03
1.311621399500000052e+03
1.315132895499999904e+03
1.318097960999999941e+03
1.321049815500000022e+03
1.323875594999999976e+03
1.326836023000000068e+03
1.329949037500000031e+03
1.333009487000000036e+03
1.335733238000000028e+03
1.338973870999999917e+03
1.342070232000000033e+03
1.344801138499999979e+03
1.347549555499999997e+03
1.350175167500000043e+03
1.352783177000000023e+03
1.355421978000000081e+03
1.357115197999999964e+03
1.359274309500000072e+03
1.361827320000000100e+03
1.364221976499999982e+03
1.366015247000000045e+03
1.368133376499999940e+03
1.370252507500000092e+03
1.372508016499999940e+03
1.374803409999999985e+03
1.377507623499999909e+03
1.379245545499999935e+03
1.381215956999999889e+03
1.383178482000000031e+03
1.384882211500000039e+03
1.386565470000000005e+03
1.387941818499999954e+03
1.389767691999999897e+03
1.390583540000000085e+03
1.393082554000000073e+03
1.394730700000000070e+03
1.396227114999999912e+03
1.398471733500000028e+03
1.400176693999999998e+03
1.402862157999999908e+03
1.404950411000000031e+03
1.407382832000000008e+03
1.409812109499999906e+03
1.412221269500000062e+03
1.415268358000000035e+03
1.418018393000000060e+03
1.420910930000000008e+03
1.423810003000000052e+03
1.426088504000000057e+03
1.429391628999999966e+03
1.431672514500000034e+03
1.435311347000000069e+03
1.437520062499999995e+03
1.440447732000000087e+03
1.443035200000000032e+03
1.445880333999999948e+03
1.448395003999999972e+03
1.450948331499999995e+03
1.453175910500000100e+03
1.455553531000000021e+03
1.458015231999999969e+03
1.460676002500000095e+03
1.462404062999999951e+03
1.464959437499999922e+03
1.466600065000000086e+03
1.468936928500000022e+03
1.470841001000000006e+03
1.473245040999999901e+03
1.475953108500000099e+03
1.477968982999999980e+03
1.480616395499999953e+03
1.482534732000000076e+03
1.484931816499999968e+03
1.487608185499999990e+03
1.489559752500000059e+03
1.491320188500000086e+03
1.492976264500000070e+03
1.495063455499999918e+03
1.496664185000000089e+03
1.499012932500000034e+03
1.501110503500000050e+03
1.502447542000000112e+03
1.504197798500000090e+03
1.506434748500000069e+03
1.508367291499999965e+03
1.510906521999999995e+03
1.513509366499999942e+03
1.515625192499999912e+03
1.518121694500000103e+03
1.521563486000000012e+03
1.523308466499999895e+03
1.526164739499999996e+03
1.529170528999999988e+03
1.531853444999999965e+03
1.534286755999999968e+03
1.536568426499999987e+03
1.539377092499999890e+03
1.541676752500000021e+03
1.543989123500000005e+03
1.547244617500000004e+03
1.549999954500000058e+03
1.552552521999999954e+03
1.554525362000000086e+03
1.556893481500000007e+03
1.559479276000000027e+03
1.561971903999999995e+03
1.563610610499999893e+03
1.565732396000000108e+03
1.567607361000000083e+03
1.570184361000000081e+03
1.572298878000000059e+03
1.574225426499999912e+03
1.576693121999999903e+03
1.579287319000000025e+03
1.581610304999999926e+03
1.584152430999999979e+03
1.586325491000000056e+03
1.588851627499999950e+03
1.591689648000000034e+03
1.593657214000000067e+03
1.596039318500000036e+03
1.598781404000000066e+03
1.600592032999999901e+03
1.602398000500000080e+03
1.604361850499999946e+03
1.606211424000000079e+03
1.608337487499999952e+03
1.610380846499999961e+03
1.612178777000000082e+03
1.614374452000000019e+03
1.616484588999999914e+03
1.618980683499999941e+03
1.621192739999999958e+03
1.624046391999999969e+03
1.626384234000000106e+03
1.628991477000000032e+03
1.630998227000000043e+03
1.634336014499999919e+03
1.636392540000000054e+03
1.638986629499999935e+03
1.641797953499999949e+03
1.581748614999999972e+03
1.515813941000000113e+03
1.476644616499999984e+03
1.446302809499999967e+03
1.420317031499999985e+03
1.397857467000000042e+03
1.376264638000000105e+03
1.356684504999999945e+03
1.339074898500000018e+03
1.322640867500000013e+03
1.306662895500000104e+03
1.291183557500000006e+03
1.276673841499999980e+03
1.262975020500000028e+03
1.249743635000000040e+03
1.237087041499999941e+03
1.224746283499999890e+03
1.212109940000000051e+03
1.201105575499999986e+03
1.190159810000000107e+03
1.179172654499999908e+03
1.169120795999999928e+03
1.158051048000000037e+03
1.148417596999999887e+03
1.138679679999999962e+03
1.128799066000000039e+03
1.119710732999999891e+03
1.110707218000000012e+03
1.101396919000000025e+03
1.093153557000000092e+03
1.084368154499999946e+03
1.076199857999999949e+03
1.067872164000000112e+03
1.059657087999999931e+03
1.051932013000000097e+03
1.044070192500000076e+03
1.035849105499999951e+03
1.028683136000000104e+03
1.020580114999999978e+03
1.013776048500000002e+03
1.006109505000000013e+03
9.993845280000000457e+02
9.922226670000000013e+02
9.853793594999999641e+02
9.782353974999999764e+02
9.717864240000000109e+02
9.653733045000000175e+02
9.581756589999999960e+02
9.518128249999999753e+02
9.453865080000000489e+02
9.384863374999999905e+02
9.321097614999999905e+02
9.256332644999999957e+02
9.190441845000000285e+02
9.130632825000000139e+02
9.064589549999999463e+02
9.007568469999999934e+02
8.944131615000000011e+02
8.884946905000000470e+02
8.824551159999999754e+02
8.767632409999999936e+02
8.709844590000000153e+02
8.650924840000000131e+02
8.591985230000000229e+02
8.531237039999999752e+02
8.477357134999999744e+02
8.422070985000000292e+02
8.365041035000000420e+02
8.309185370000000148e+02
8.253540375000000040e+02
8.190761850000000095e+02
8.141577714999999671e+02
8.091137834999999541e+02
8.038212869999999839e+02
7.987018325000000232e+02
7.932137275000000045e+02
7.881728245000000470e+02
7.828963374999999587e+02
7.777109295000000202e+02
7.725464905000000044e+02
7.675556400000000394e+02
7.627727300000000241e+02
7.576763869999999770e+02
7.526776495000000295e+02
7.480616374999999607e+02
7.431866800000000239e+02
7.383245239999999967e+02
7.332154735000000301e+02
7.284409299999999803e+02
7.236604555000000119e+02
7.187783210000000054e+02
7.138893665000000510e+02
7.095105455000000347e+02
7.046030775000000403e+02
7.002740254999999934e+02
6.955141985000000204e+02
6.908441309999999476e+02
6.860636170000000220e+02
6.815844280000000026e+02
6.768176140000000487e+02
6.722902659999999742e+02
6.679707439999999679e+02
6.634338289999999461e+02
6.590021524999999656e+02
6.544049079999999776e+02
6.499672024999999849e+02
6.458119374999999991e+02
6.413003284999999778e+02
6.369133524999999736e+02
6.325125235000000430e+02
6.279049420000000055e+02
6.240471290000000408e+02
6.194152129999999943e+02
6.149587334999999939e+02
6.104401609999999891e+02
6.062390010000000302e+02
6.020906230000000505e+02
5.977557689999999866e+02
5.938517319999999700e+02
5.894246574999999666e+02
5.852575100000000248e+02
5.815272965000000340e+02
5.772343359999999848e+02
5.733891180000000531e+02
5.689318799999999783e+02
5.646889155000000073e+02
5.606851514999999608e+02
5.568783939999999575e+02
5.529681160000000091e+02
5.488974745000000439e+02
5.447716500000000224e+02
5.405868379999999433e+02
5.366603109999999788e+02
5.327586820000000216e+02
5.290268825000000561e+02
5.248274565000000393e+02
5.209908004999999775e+02
5.169187779999999748e+02
5.128338059999999814e+02
5.089521899999999732e+02
5.051485604999999737e+02
5.012798574999999914e+02
4.976898719999999798e+02
4.937569095000000061e+02
4.900119334999999978e+02
4.860909444999999778e+02
4.826062875000000076e+02
4.785289149999999836e+02
4.748252934999999866e+02
4.711709000000000174e+02
4.672866050000000087e+02
4.635555444999999963e+02
4.596308584999999880e+02
4.561023764999999912e+02
4.523372504999999819e+02
4.487735615000000280e+02
4.451747510000000148e+02
4.411655079999999884e+02
4.371883510000000115e+02
4.335347649999999931e+02
4.298282389999999964e+02
4.259900180000000205e+02
4.222003629999999816e+02
4.188609059999999999e+02
4.149095229999999788e+02
4.113911390000000097e+02
4.077401735000000258e+02
4.041578544999999849e+02
4.005867064999999911e+02
3.971100490000000036e+02
3.931952355000000239e+02
3.898514400000000251e+02
3.864708959999999820e+02
3.830042910000000234e+02
3.793696550000000229e+02
3.757779175000000009e+02
3.724791695000000118e+02
3.689272664999999733e+02
3.655655290000000264e+02
3.619560114999999882e+02
3.584663519999999721e+02
3.551124204999999847e+02
3.516114749999999844e+02
3.479884460000000104e+02
3.444843109999999911e+02
3.411149209999999812e+02
3.375168145000000095e+02
3.339528060000000096e+02
3.307531349999999861e+02
3.270713294999999903e+02
3.236667815000000132e+02
3.204658114999999725e+02
3.169852084999999988e+02
3.135349765000000275e+02
3.100060755000000086e+02
3.064725129999999922e+02
3.035568729999999960e+02
2.998567990000000236e+02
2.966204079999999976e+02
2.929030314999999973e+02
2.898950785000000110e+02
2.865183044999999993e+02
2.829759925000000180e+02
2.798323819999999955e+02
2.765519760000000247e+02
2.731019549999999754e+02
2.700331390000000056e+02
2.666753434999999968e+02
2.632031779999999799e+02
2.598407270000000153e+02
2.566203090000000202e+02
2.534417899999999975e+02
2.500496880000000033e+02
2.467144069999999942e+02
2.433099420000000066e+02
2.400862314999999967e+02
2.366821405000000027e+02
2.336480774999999994e+02
2.301125164999999981e+02
2.268923125000000027e+02
2.238045265000000086e+02
2.204193755000000010e+02
2.172663589999999942e+02
2.140049884999999961e+02
2.108619865000000004e+02
2.076353924999999947e+02
2.045373544999999922e+02
2.013295559999999966e+02
1.982614989999999864e+02
1.948263540000000091e+02
1.917946200000000090e+02
1.883275720000000035e+02
1.852194394999999929e+02
1.820773639999999887e+02
1.789838234999999997e+02
1.757162774999999897e+02
1.726467820000000017e+02
1.697864385000000027e+02
1.664778570000000002e+02
1.631267105000000015e+02
1.600969535000000121e+02
1.569033234999999991e+02
1.538334265000000016e+02
1.506337885000000085e+02
1.475877839999999992e+02
1.443165199999999970e+02
1.410508240000000058e+02
1.379341995000000054e+02
1.347321389999999894e+02
1.317169634999999914e+02
1.285806164999999908e+02
1.254775620000000060e+02
1.224286649999999952e+02
1.192936909999999955e+02
1.160832975000000005e+02
1.130369649999999950e+02
1.100003334999999964e+02
1.069992430000000070e+02
1.039063225000000017e+02
1.010122259999999983e+02
9.785585799999999779e+01
9.466697849999999903e+01
9.176332949999999755e+01
8.873300799999999811e+01
8.565459049999999763e+01
8.258852950000000703e+01
7.948949000000000353e+01
7.656593700000000524e+01
7.355691450000000486e+01
7.046838700000000699e+01
6.741967850000000340e+01
6.444808899999999596e+01
6.141249150000000157e+01
5.844245149999999711e+01
5.541433299999999917e+01
5.228072850000000216e+01
4.932629699999999673e+01
4.614486699999999786e+01
4.312337850000000117e+01
4.017038850000000139e+01
3.709028849999999977e+01
3.405084949999999822e+01
3.106915800000000161e+01
2.808619549999999876e+01
2.517262750000000082e+01
2.216514099999999843e+01
1.920518500000000017e+01
1.618063550000000106e+01
1.326597250000000017e+01
1.032479649999999971e+01
7.383011500000000282e+00
4.398921999999999777e+00
1.466156500000000085e+00
L=10.0,N=860,T=1.0,r=0.16,eta=0.6916530386143289,t=8724.199125289917s