0.000000000000000000e+00
0.000000000000000000e+00
0.000000000000000000e+00
0.000000000000000000e+00
0.000000000000000000e+00
0.000000000000000000e+00
0.000000000000000000e+00
0.000000000000000000e+00
0.000000000000000000e+00
0.000000000000000000e+00
0.000000000000000000e+00
0.000000000000000000e+00
0.000000000000000000e+00
0.000000000000000000e+00
0.000000000000000000e+00
0.000000000000000000e+00
0.000000000000000000e+00
0.000000000000000000e+00
0.000000000000000000e+00
0.000000000000000000e+00
0.000000000000000000e+00
0.000000000000000000e+00
0.000000000000000000e+00
0.000000000000000000e+00
0.000000000000000000e+00
0.000000000000000000e+00
1.656349999999999836e-02
1.218224999999999891e+00
4.699911499999999798e+00
9.041829999999999146e+00
1.413954449999999952e+01
1.974549999999999983e+01
2.640341649999999873e+01
3.526276550000000043e+01
8.062809754999999541e+02
1.368786427499999945e+03
1.121982473999999911e+03
9.209671005000000150e+02
7.576725569999999834e+02
6.249227274999999509e+02
5.165209740000000238e+02
4.302211080000000152e+02
3.620016575000000216e+02
3.091270480000000020e+02
2.619862570000000233e+02
2.227751979999999890e+02
1.910799120000000073e+02
1.661682470000000080e+02
1.464877270000000067e+02
1.314069979999999873e+02
1.204397950000000037e+02
1.128494715000000070e+02
1.082841540000000009e+02
1.071742899999999992e+02
1.096136390000000063e+02
1.165656405000000007e+02
1.286883559999999989e+02
1.478552505000000110e+02
1.760446129999999982e+02
2.157056320000000085e+02
2.704044284999999945e+02
3.387356075000000146e+02
4.142349795000000086e+02
4.855831704999999943e+02
5.457975989999999911e+02
5.918838359999999739e+02
6.236921565000000101e+02
6.468440249999999878e+02
6.809050230000000283e+02
7.882962774999999738e+02
8.791376894999999649e+02
9.120013420000000224e+02
9.063901769999999942e+02
8.767687300000000050e+02
8.321787785000000213e+02
7.791069199999999455e+02
7.233790320000000520e+02
6.663603845000000092e+02
6.114255980000000363e+02
5.593258090000000493e+02
5.103650420000000167e+02
4.654863060000000132e+02
4.252768325000000118e+02
3.907054939999999874e+02
3.617245864999999867e+02
3.384539834999999925e+02
3.214101044999999885e+02
3.110995540000000119e+02
3.076725405000000251e+02
3.132677165000000059e+02
3.283495800000000031e+02
3.551401515000000018e+02
3.958192260000000147e+02
4.515616800000000239e+02
5.219668490000000247e+02
6.043908384999999726e+02
6.937871139999999741e+02
7.810975865000000340e+02
8.600395045000000209e+02
9.233825084999999717e+02
9.697121180000000322e+02
9.968097344999999905e+02
1.008105952000000002e+03
1.009858929999999987e+03
1.008961832500000014e+03
1.004586672000000021e+03
9.946398255000000290e+02
9.783640129999999999e+02
9.566863405000000284e+02
9.318723499999999831e+02
9.033522659999999860e+02
8.730191654999999855e+02
8.410135725000000093e+02
8.076914299999999685e+02
7.750218230000000403e+02
7.420325554999999440e+02
7.106367474999999558e+02
6.801124499999999671e+02
6.521147210000000314e+02
6.289497374999999693e+02
6.107852834999999914e+02
5.985886120000000119e+02
5.940262944999999490e+02
5.986306879999999637e+02
6.132433885000000373e+02
6.384509980000000269e+02
6.751309469999999919e+02
7.232286940000000186e+02
7.818501089999999749e+02
8.477556994999999915e+02
9.198616719999999987e+02
9.933796125000000075e+02
1.063759266499999967e+03
1.126675743499999953e+03
1.178239141499999960e+03
1.217927005999999892e+03
1.242574232500000107e+03
1.253036043500000005e+03
1.250907341500000030e+03
1.238060300000000097e+03
1.217629759500000091e+03
1.191904294500000105e+03
1.161220356000000038e+03
1.129192831500000011e+03
1.096685397499999908e+03
1.064768266999999923e+03
1.034607618499999944e+03
1.007016444999999976e+03
9.808332739999999603e+02
9.587082924999999705e+02
9.390131225000000086e+02
9.223447905000000446e+02
9.087132890000000316e+02
8.980198159999999916e+02
8.926456624999999576e+02
8.916578254999999444e+02
8.965883374999999660e+02
9.085473670000000084e+02
9.269507290000000239e+02
9.536296915000000354e+02
9.868160064999999577e+02
1.026597997999999961e+03
1.072058087999999998e+03
1.120427067000000079e+03
1.171717000999999982e+03
1.222909062499999891e+03
1.272834248500000058e+03
1.318228030499999932e+03
1.358537240000000111e+03
1.392270324500000015e+03
1.417533742999999959e+03
1.433859204999999974e+03
1.441587481000000025e+03
1.440503053500000078e+03
1.431471266499999956e+03
1.415319058499999983e+03
1.392696830999999975e+03
1.366124620000000050e+03
1.335893166000000065e+03
1.304464566500000046e+03
1.273334500500000104e+03
1.242901174000000083e+03
1.214686308499999996e+03
1.190614177500000096e+03
1.171141572499999938e+03
1.157030543000000080e+03
1.147813204000000042e+03
1.144520256999999901e+03
1.147007650000000012e+03
1.155639512499999910e+03
1.170050102500000094e+03
1.190581685000000107e+03
1.215803101499999912e+03
1.246663235499999928e+03
1.281480256000000054e+03
1.319374728000000005e+03
1.359855428999999958e+03
1.400133594500000072e+03
1.440576884500000006e+03
1.477668042499999956e+03
1.512276894999999968e+03
1.543218104000000039e+03
1.568723402999999962e+03
1.590489388499999905e+03
1.606192571000000044e+03
1.616334818499999983e+03
1.621798330999999962e+03
1.622411607499999946e+03
1.617692680999999993e+03
1.609819844000000103e+03
1.597155261500000051e+03
1.581071707000000060e+03
1.562060201999999890e+03
1.540680036499999915e+03
1.517586348499999986e+03
1.495008688500000062e+03
1.472213048000000072e+03
1.450810255500000039e+03
1.433059740500000089e+03
1.419350805000000037e+03
1.409750838500000100e+03
1.406541081500000018e+03
1.409195496999999932e+03
1.418603253499999937e+03
1.433745699000000059e+03
1.455005686499999911e+03
1.481110667500000091e+03
1.512021592999999939e+03
1.545934461999999940e+03
1.582970804499999986e+03
1.620715392000000065e+03
1.657155976000000010e+03
1.693303540000000112e+03
1.725383531499999890e+03
1.755208040499999925e+03
1.779429473500000086e+03
1.798374119999999948e+03
1.812660011500000110e+03
1.822682835500000010e+03
1.827514656000000059e+03
1.827719149999999900e+03
1.823942215499999975e+03
1.817702576500000077e+03
1.808804870500000106e+03
1.798542059999999992e+03
1.786130010999999968e+03
1.773823688499999889e+03
1.759307822499999929e+03
1.744957697999999937e+03
1.730910491999999977e+03
1.717205598499999951e+03
1.705095117000000073e+03
1.694909959000000072e+03
1.686959949999999935e+03
1.682808946999999989e+03
1.681874381500000027e+03
1.685816456999999900e+03
1.693758565999999973e+03
1.707646150999999918e+03
1.725704355000000078e+03
1.747728133000000071e+03
1.774659632999999985e+03
1.803308445500000062e+03
1.834403012499999932e+03
1.865431696500000044e+03
1.897800260499999922e+03
1.928039181000000099e+03
1.957257777000000033e+03
1.983341602499999908e+03
2.004374890000000050e+03
2.022401917500000081e+03
2.035701864999999998e+03
2.044391179499999907e+03
2.048049415500000123e+03
2.048463392499999827e+03
2.044405110500000092e+03
2.037154786000000058e+03
2.028570304999999962e+03
2.017593706500000053e+03
2.005806138500000088e+03
1.994287299500000017e+03
1.982925192500000094e+03
1.972699771000000055e+03
1.962703693500000099e+03
1.954497372499999983e+03
1.947594873999999891e+03
1.943454822500000091e+03
1.941958255000000008e+03
1.943172806999999921e+03
1.948154522999999926e+03
1.955746834499999977e+03
1.966394291999999950e+03
1.980948493000000099e+03
1.998229353499999888e+03
2.017833116499999960e+03
2.039611067000000048e+03
2.063958240500000102e+03
2.089491897500000050e+03
2.114358666499999799e+03
2.139855219999999917e+03
2.163816561000000092e+03
2.185959306000000197e+03
2.207887435999999980e+03
2.225398709000000053e+03
2.239874094499999956e+03
2.252027420500000062e+03
2.260391438499999822e+03
2.264928123499999856e+03
2.266588827999999921e+03
2.265085105499999827e+03
2.260931621000000177e+03
2.254926329500000065e+03
2.246384606499999791e+03
2.237036065499999950e+03
2.227756080999999995e+03
2.218514896499999850e+03
2.210125228500000048e+03
2.203399741000000176e+03
2.197187257500000214e+03
2.194210391499999787e+03
2.191678969500000221e+03
2.193373509999999897e+03
2.197012834000000112e+03
2.203489798000000064e+03
2.213716953000000103e+03
2.226065010499999971e+03
2.241905388000000130e+03
2.259771057500000097e+03
2.279335318500000085e+03
2.299801167000000078e+03
2.321637240999999904e+03
2.343075427000000218e+03
2.364222144500000013e+03
2.384609960499999943e+03
2.404134457499999826e+03
2.422741129000000001e+03
2.437984397499999886e+03
2.451541691500000070e+03
2.462702506499999799e+03
2.472227739999999812e+03
2.478720687999999882e+03
2.482870329500000025e+03
2.484784037500000068e+03
2.484909235999999964e+03
2.482540911500000220e+03
2.479074082999999973e+03
2.474540042999999969e+03
2.467961084000000028e+03
2.463050659999999880e+03
2.456317231999999876e+03
2.451533148500000152e+03
2.447972198500000104e+03
2.445627456499999880e+03
2.443768723000000136e+03
2.444977348999999776e+03
2.448283276499999829e+03
2.452796276000000034e+03
2.459817105000000083e+03
2.470270086500000161e+03
2.482322794499999873e+03
2.496319465000000037e+03
2.511760142999999971e+03
2.531128232500000195e+03
2.550890280499999790e+03
2.570025939999999991e+03
2.589302974000000177e+03
2.608780568000000130e+03
2.627275736500000221e+03
2.642633464500000173e+03
2.658383992000000035e+03
2.672179386499999964e+03
2.683479913000000124e+03
2.692583876000000146e+03
2.699784482500000195e+03
2.704419053999999960e+03
2.707077471499999774e+03
2.709401831499999844e+03
2.708708086999999978e+03
2.707885532499999954e+03
2.705946406000000025e+03
2.703205360999999812e+03
2.698756205499999851e+03
2.696248116499999924e+03
2.694009271500000068e+03
2.690963292500000080e+03
2.690656097500000214e+03
2.691222306000000117e+03
2.692765796499999851e+03
2.696327779499999906e+03
2.701639327500000036e+03
2.708495817500000157e+03
2.716570725500000208e+03
2.727365789999999834e+03
2.738350842499999999e+03
2.751333428999999796e+03
2.765608532499999910e+03
2.780870935500000087e+03
2.797285617000000002e+03
2.814480223000000024e+03
2.831920466500000202e+03
2.847621091500000148e+03
2.863705861999999797e+03
2.879595674000000145e+03
2.892576286500000151e+03
2.905171320500000093e+03
2.914092243000000053e+03
2.922635880499999985e+03
2.928899281500000143e+03
2.934079717999999957e+03
2.937256906000000072e+03
2.939155338500000198e+03
2.939065066000000115e+03
2.938596377500000017e+03
2.937534966000000168e+03
2.935790782500000205e+03
2.934727621500000168e+03
2.933307532499999979e+03
2.930640248000000156e+03
2.930911942499999896e+03
2.932590593500000068e+03
2.935093679000000066e+03
2.939025469499999872e+03
2.944059608500000195e+03
2.950636698499999966e+03
2.959410050999999839e+03
2.968604120999999850e+03
2.980390610500000093e+03
2.991815890500000023e+03
3.003920778499999869e+03
3.017653574500000104e+03
3.031638429999999971e+03
3.045582379500000116e+03
3.059403723500000069e+03
3.073771741000000020e+03
3.087727343000000019e+03
3.101722621999999774e+03
3.114474248999999872e+03
3.126109794999999849e+03
3.135786113000000114e+03
3.145948537000000215e+03
3.152665319000000181e+03
3.158816900499999974e+03
3.163899639000000207e+03
3.167842150999999831e+03
3.170193840500000078e+03
3.171842092500000035e+03
3.172282665499999894e+03
3.173315854999999829e+03
3.172476404500000172e+03
3.172736085500000172e+03
3.171226274499999818e+03
3.172551347499999792e+03
3.173400218000000223e+03
3.175528804500000206e+03
3.179642718000000059e+03
3.183652200999999877e+03
3.190625232500000038e+03
3.198437939500000084e+03
3.206203415999999834e+03
3.217019995499999823e+03
3.228886673999999857e+03
3.240082726000000093e+03
3.252602519999999913e+03
3.265790993000000071e+03
3.278700618500000019e+03
3.292191377000000102e+03
3.303610486000000037e+03
3.316805927500000053e+03
3.328456191000000217e+03
3.339840392499999780e+03
3.351584894999999960e+03
3.361421903999999813e+03
3.370982117500000186e+03
3.378669300500000190e+03
3.384364023999999972e+03
3.391046214999999847e+03
3.395320296500000040e+03
3.399157525499999792e+03
3.402381045499999800e+03
3.404594109000000117e+03
3.406583984500000042e+03
3.409218194999999923e+03
3.409597812999999860e+03
3.411413920500000131e+03
3.412626882999999907e+03
3.414131898999999976e+03
3.417169765499999812e+03
3.419851023499999883e+03
3.424186951499999850e+03
3.429785896500000035e+03
3.436264493499999844e+03
3.444559594500000003e+03
3.453486955500000022e+03
3.462715940999999930e+03
3.474612636500000008e+03
3.486508125500000006e+03
3.499309395000000222e+03
3.510127098999999816e+03
3.522441826000000219e+03
3.535799508999999944e+03
3.546603466000000026e+03
3.558027192500000183e+03
3.569022402000000056e+03
3.579244732999999997e+03
3.587414365499999803e+03
3.598128759000000173e+03
3.606159622000000127e+03
3.614032285499999944e+03
3.618842844499999956e+03
3.625219214000000193e+03
3.629618782500000179e+03
3.633385378500000115e+03
3.636877170000000206e+03
3.639948484500000177e+03
3.641919002999999975e+03
3.644153604999999970e+03
3.647612217500000042e+03
3.650505645000000186e+03
3.653575874000000113e+03
3.657104578999999831e+03
3.659618934999999965e+03
3.663288771999999881e+03
3.668745593000000099e+03
3.674486130499999945e+03
3.682248464499999955e+03
3.689262353999999959e+03
3.699940399999999954e+03
3.708972380499999872e+03
3.719780761999999868e+03
3.731034208999999919e+03
3.742126260999999886e+03
3.754660814500000015e+03
3.766295274000000063e+03
3.777193455000000085e+03
3.788941118499999902e+03
3.798068366999999853e+03
3.807220542000000023e+03
3.817546394500000133e+03
3.825526284500000202e+03
3.834085336499999812e+03
3.841761610000000019e+03
3.848696840499999780e+03
3.855171116999999867e+03
3.861083192000000054e+03
3.866357500000000073e+03
3.869039225999999871e+03
3.873287855999999920e+03
3.876321609499999795e+03
3.879860677499999838e+03
3.882057525499999883e+03
3.886385921500000222e+03
3.890072332499999902e+03
3.894202611499999875e+03
3.898627431500000057e+03
3.902901273500000116e+03
3.907425709499999812e+03
3.913169512500000110e+03
3.919064006999999947e+03
3.925733543499999996e+03
3.934481846000000132e+03
3.943887397500000134e+03
3.953204431499999828e+03
3.963298278000000209e+03
3.973665108499999860e+03
3.984799781000000166e+03
3.996534681999999975e+03
4.007715168000000176e+03
4.017776260000000093e+03
4.031121518999999807e+03
4.038534491999999773e+03
4.047629321500000060e+03
4.054985129499999857e+03
4.063578563999999915e+03
4.070797759500000211e+03
4.078417503499999839e+03
4.085948567999999796e+03
4.092118282500000078e+03
4.097941673999999693e+03
4.101523560999999972e+03
4.106974005000000034e+03
4.109883405499999753e+03
4.115150580999999875e+03
4.118766627500000141e+03
4.121585647500000050e+03
4.125889861999999994e+03
4.129877037999999629e+03
4.134408190500000273e+03
4.139714025000000220e+03
4.145564901499999905e+03
4.150969713499999671e+03
4.156955479000000196e+03
4.163418544000000111e+03
4.171222753500000181e+03
4.177522413499999857e+03
4.186453602999999930e+03
4.195994264500000099e+03
4.206883936999999605e+03
4.216179277999999613e+03
4.225696090999999797e+03
4.237202202000000398e+03
4.247716984499999853e+03
4.258397321999999804e+03
4.268400442000000112e+03
4.278970522999999957e+03
4.287266378000000259e+03
4.295727766500000143e+03
4.302219952999999805e+03
4.310045770499999890e+03
4.316261437500000284e+03
4.322386737499999981e+03
4.329104070499999580e+03
4.335486681499999577e+03
4.339747916500000429e+03
4.345501468999999815e+03
4.349006784500000322e+03
4.352359709499999553e+03
4.358096164499999759e+03
4.361955936999999722e+03
4.366070254000000205e+03
4.370671336499999597e+03
4.375598120499999823e+03
4.381569741999999678e+03
4.386932818500000394e+03
4.391875882000000274e+03
4.399958743000000140e+03
4.406543437500000437e+03
4.414172051999999894e+03
4.421684009499999775e+03
4.429461803999999574e+03
4.439157702000000427e+03
4.447857620499999939e+03
4.458382642499999747e+03
4.467596453000000110e+03
4.477843137500000012e+03
4.486467733499999667e+03
4.497956551999999647e+03
4.507801609500000268e+03
4.517243510000000242e+03
4.526775832999999693e+03
4.535167505499999606e+03
4.541829012000000148e+03
4.549090771999999561e+03
4.555040610500000184e+03
4.561409197500000118e+03
4.566989177999999811e+03
4.572624554500000158e+03
4.578157709000000068e+03
4.583216685499999585e+03
4.588403014499999699e+03
4.593013419500000055e+03
4.597112468000000263e+03
4.601993163000000095e+03
4.606826173499999641e+03
4.611232887000000119e+03
4.617395559499999763e+03
4.622561355499999991e+03
4.629083112000000256e+03
4.634595223000000260e+03
4.641555296000000453e+03
4.649670241499999975e+03
4.656431182500000432e+03
4.664613107500000297e+03
4.671876027000000249e+03
4.681198035999999775e+03
4.689344146999999793e+03
4.699439180499999566e+03
4.707838039500000377e+03
4.718262168000000202e+03
4.726656845999999859e+03
4.736925744999999552e+03
4.746333332999999584e+03
4.756351546500000040e+03
4.764889128499999970e+03
4.774199829000000136e+03
4.781155870499999764e+03
4.788621027000000140e+03
4.794754174499999863e+03
4.799852993000000424e+03
4.806868496000000050e+03
4.812207423500000004e+03
4.816263200000000325e+03
4.822736989500000163e+03
4.826255025000000387e+03
4.832446697999999742e+03
4.837535234500000115e+03
4.842460012999999890e+03
4.847954101999999693e+03
4.853782557000000452e+03
4.858189808500000254e+03
4.864010392500000307e+03
4.869576150500000040e+03
4.876746871999999712e+03
4.883444319999999607e+03
4.891170626500000253e+03
4.898900150000000394e+03
4.906860378000000310e+03
4.913572893499999736e+03
4.922962908999999854e+03
4.931596424499999557e+03
4.940503576000000066e+03
4.949294985000000452e+03
4.957172373499999594e+03
4.966925772499999766e+03
4.976148750999999720e+03
4.984647436000000198e+03
4.994886762000000090e+03
5.004026106500000424e+03
4.820252999999999702e+03
4.618863581999999951e+03
4.498765664999999899e+03
4.404504858999999669e+03
4.322720178999999916e+03
4.252771136999999726e+03
4.187839106499999616e+03
4.127687057000000095e+03
4.073210074000000077e+03
4.019833365999999842e+03
3.970072975500000211e+03
3.924438902500000040e+03
3.879451291500000025e+03
3.837931309999999939e+03
3.796612046000000191e+03
3.757930388499999935e+03
3.721844795999999860e+03
3.684422335000000203e+03
3.649983567000000221e+03
3.617145797000000130e+03
3.585478256500000043e+03
3.553566625500000100e+03
3.522059742500000084e+03
3.492531051999999818e+03
3.464563967000000048e+03
3.435186572000000069e+03
3.408796589000000040e+03
3.381759987500000079e+03
3.355636524999999892e+03
3.329177783499999805e+03
3.302968285500000093e+03
3.277580314499999986e+03
3.252877866499999982e+03
3.227909947999999986e+03
3.204112774000000172e+03
3.179330953499999850e+03
3.157410983000000215e+03
3.133228220999999849e+03
3.109666894500000126e+03
3.086911692499999845e+03
3.064144256000000041e+03
3.040820956500000193e+03
3.019420382499999960e+03
2.996417942999999923e+03
2.974705148999999892e+03
2.953090180499999860e+03
2.932636814999999842e+03
2.911942108000000189e+03
2.890923330999999962e+03
2.871465227000000141e+03
2.851309572499999831e+03
2.831641579499999807e+03
2.812688393500000075e+03
2.793458654000000024e+03
2.774459859000000051e+03
2.756184236500000225e+03
2.737831572999999935e+03
2.718967624500000056e+03
2.701732093000000077e+03
2.683826527000000169e+03
2.666453614999999900e+03
2.648990478499999881e+03
2.631846529999999802e+03
2.615654967500000112e+03
2.597649157500000001e+03
2.581428445500000180e+03
2.564141796500000055e+03
2.547300377500000195e+03
2.530563047999999981e+03
2.513220197000000098e+03
2.496551650500000051e+03
2.480191424999999981e+03
2.464190460499999972e+03
2.447108100500000091e+03
2.430850734999999986e+03
2.414989122999999836e+03
2.398797107500000038e+03
2.382853573500000039e+03
2.367295822000000044e+03
2.351745155499999782e+03
2.335709503999999924e+03
2.319506652000000031e+03
2.304233945999999833e+03
2.288274801500000194e+03
2.273524297999999817e+03
2.258821448499999860e+03
2.244128775000000132e+03
2.229181497999999920e+03
2.214940506999999798e+03
2.200343460999999934e+03
2.185472149499999887e+03
2.171324467500000083e+03
2.157297986000000037e+03
2.143577311999999893e+03
2.128808629499999824e+03
2.115578800499999943e+03
2.101566154999999981e+03
2.087082213000000138e+03
2.074028605999999854e+03
2.060143490999999813e+03
2.045723506999999927e+03
2.032036873499999956e+03
2.017952130500000067e+03
2.004708793000000014e+03
1.991085594500000070e+03
1.977844645500000070e+03
1.964551981999999953e+03
1.951318589499999916e+03
1.938233725999999933e+03
1.924121922999999924e+03
1.911200859999999921e+03
1.897894720999999890e+03
1.884827844500000083e+03
1.872038860999999997e+03
1.859059994499999902e+03
1.845662857999999915e+03
1.832822842999999921e+03
1.818343602500000088e+03
1.805264930499999991e+03
1.793353061499999967e+03
1.780449726999999939e+03
1.768348240000000033e+03
1.754579916500000081e+03
1.742167175000000043e+03
1.730112797000000000e+03
1.717585653999999977e+03
1.705593034499999931e+03
1.693346425499999896e+03
1.681954183499999999e+03
1.669072158499999887e+03
1.657725993999999901e+03
1.645632182499999999e+03
1.633167682000000013e+03
1.621606543500000043e+03
1.609222937000000002e+03
1.597746885000000020e+03
1.585130730999999969e+03
1.573216369499999928e+03
1.561503755499999897e+03
1.549339143500000091e+03
1.537831167000000050e+03
1.525864238999999998e+03
1.514341840499999989e+03
1.502678294499999993e+03
1.491089695500000062e+03
1.478956805499999973e+03
1.467533744000000070e+03
1.456032353000000057e+03
1.443891276999999945e+03
1.432431215000000066e+03
1.420523627999999917e+03
1.409943121499999961e+03
1.397773263000000043e+03
1.386028152500000033e+03
1.374769987500000070e+03
1.363465416000000005e+03
1.352084671500000013e+03
1.340820628500000112e+03
1.328396416999999929e+03
1.317808856999999989e+03
1.306837087999999994e+03
1.295755130499999950e+03
1.284798588000000109e+03
1.274229298499999913e+03
1.263640840999999909e+03
1.252653817500000059e+03
1.241884929000000056e+03
1.231149188999999978e+03
1.220095925500000021e+03
1.210086432999999943e+03
1.198671706000000086e+03
1.187805264000000079e+03
1.176888705000000073e+03
1.166233885999999984e+03
1.155365230000000111e+03
1.144173999500000036e+03
1.133047135000000026e+03
1.122341104500000029e+03
1.111602704500000073e+03
1.100880615499999976e+03
1.090095968000000084e+03
1.079063963999999942e+03
1.068263447999999926e+03
1.057771341500000062e+03
1.046768998000000011e+03
1.036323134499999924e+03
1.026208918499999982e+03
1.015936140000000023e+03
1.005326667000000043e+03
9.946118279999999459e+02
9.844078970000000481e+02
9.739817460000000438e+02
9.636105884999999489e+02
9.535426850000000059e+02
9.431972944999999982e+02
9.333436199999999872e+02
9.226208129999999983e+02
9.122448859999999513e+02
9.018858770000000504e+02
8.918185899999999720e+02
8.815405839999999671e+02
8.712579859999999599e+02
8.614987270000000308e+02
8.511648099999999886e+02
8.412459209999999530e+02
8.313032875000000104e+02
8.214459655000000566e+02
8.110034900000000562e+02
8.013702170000000251e+02
7.911240470000000187e+02
7.809957030000000486e+02
7.707700089999999591e+02
7.609425545000000284e+02
7.513081789999999955e+02
7.412964279999999917e+02
7.311909630000000107e+02
7.214197840000000497e+02
7.109666965000000118e+02
7.005116610000000037e+02
6.907693185000000540e+02
6.805583145000000513e+02
6.709260389999999461e+02
6.603655515000000378e+02
6.508884819999999536e+02
6.409266575000000330e+02
6.308905839999999898e+02
6.212495360000000346e+02
6.118066095000000360e+02
6.018897020000000566e+02
5.926341629999999441e+02
5.826463485000000446e+02
5.731728735000000370e+02
5.640569825000000037e+02
5.541888744999999972e+02
5.444388814999999795e+02
5.352694179999999733e+02
5.254465880000000197e+02
5.159671889999999621e+02
5.064054714999999760e+02
4.963940825000000245e+02
4.875239720000000148e+02
4.781794484999999781e+02
4.683796239999999784e+02
4.586420904999999948e+02
4.489998625000000061e+02
4.389744334999999751e+02
4.294005594999999857e+02
4.197756669999999986e+02
4.103533085000000256e+02
4.009611065000000281e+02
3.913531679999999824e+02
3.818602195000000279e+02
3.724860214999999926e+02
3.627998690000000011e+02
3.531853454999999826e+02
3.437218080000000100e+02
3.346945049999999924e+02
3.252479720000000043e+02
3.160535390000000007e+02
3.066363395000000196e+02
2.975399150000000077e+02
2.882869114999999738e+02
2.788951945000000023e+02
2.698649169999999913e+02
2.604622430000000008e+02
2.514577170000000024e+02
2.420499299999999891e+02
2.328654204999999990e+02
2.233662444999999934e+02
2.142416594999999973e+02
2.047904650000000117e+02
1.956130410000000097e+02
1.864725909999999942e+02
1.771936005000000023e+02
1.681386175000000094e+02
1.589273164999999892e+02
1.498824295000000006e+02
1.407225599999999872e+02
1.315525335000000098e+02
1.224208730000000003e+02
1.132580789999999951e+02
1.040158430000000038e+02
9.505714899999999545e+01
8.603078750000000241e+01
7.680766099999999597e+01
6.773154399999999953e+01
5.882010400000000061e+01
4.977454449999999753e+01
4.067770949999999885e+01
3.171079500000000095e+01
2.272099649999999826e+01
1.363373600000000074e+01
4.548083499999999724e+00
L=10.0,N=1500,T=1.0,r=0.122,eta=0.7013919758404571,t=25051.1730632782s