0.000000000000000000e+00
0.000000000000000000e+00
0.000000000000000000e+00
0.000000000000000000e+00
0.000000000000000000e+00
0.000000000000000000e+00
0.000000000000000000e+00
0.000000000000000000e+00
0.000000000000000000e+00
0.000000000000000000e+00
0.000000000000000000e+00
0.000000000000000000e+00
0.000000000000000000e+00
0.000000000000000000e+00
0.000000000000000000e+00
0.000000000000000000e+00
0.000000000000000000e+00
0.000000000000000000e+00
0.000000000000000000e+00
0.000000000000000000e+00
0.000000000000000000e+00
0.000000000000000000e+00
0.000000000000000000e+00
0.000000000000000000e+00
0.000000000000000000e+00
0.000000000000000000e+00
1.596464999999999967e-01
2.282427499999999831e+00
6.168964500000000406e+00
1.114247199999999971e+01
1.680971750000000142e+01
2.305860300000000151e+01
3.035304749999999885e+01
3.980848950000000031e+01
5.403197349999999943e+01
1.074732408999999961e+03
1.427899347000000034e+03
1.211597582500000044e+03
1.017143016500000044e+03
8.441117540000000190e+02
6.926492174999999634e+02
5.609607495000000199e+02
4.508371430000000259e+02
3.600527690000000121e+02
2.884899374999999964e+02
2.237272394999999960e+02
1.707726994999999874e+02
1.290799240000000054e+02
9.685963950000000011e+01
7.286921049999999411e+01
5.524338449999999767e+01
4.299590700000000254e+01
3.525028499999999809e+01
3.122339900000000057e+01
3.085826300000000089e+01
3.476470199999999977e+01
4.408681349999999810e+01
6.050506949999999762e+01
8.716120650000000580e+01
1.277183545000000038e+02
1.864252974999999992e+02
2.690061910000000012e+02
3.776240075000000047e+02
5.039190459999999803e+02
6.263132160000000113e+02
7.247305499999999938e+02
7.841182810000000245e+02
8.030056234999999560e+02
7.837661765000000287e+02
7.415537749999999733e+02
7.218125139999999647e+02
8.122744995000000472e+02
8.904928704999999809e+02
9.324242655000000468e+02
9.455196879999999737e+02
9.318435080000000426e+02
8.961545354999999518e+02
8.434634264999999687e+02
7.765328630000000203e+02
7.007962009999999964e+02
6.208127170000000206e+02
5.387302244999999630e+02
4.578562734999999861e+02
3.823339465000000246e+02
3.143868674999999939e+02
2.555581400000000087e+02
2.066852754999999888e+02
1.685975439999999992e+02
1.414486165000000142e+02
1.253371254999999991e+02
1.214940260000000052e+02
1.320740145000000041e+02
1.597791704999999922e+02
2.087124124999999992e+02
2.849786429999999768e+02
3.924854705000000195e+02
5.314675634999999829e+02
6.963524830000000065e+02
8.747739810000000489e+02
1.047434513500000094e+03
1.194008422500000052e+03
1.300735551499999929e+03
1.355523842000000059e+03
1.357246221500000047e+03
1.311946997000000010e+03
1.233534355000000005e+03
1.139574288499999966e+03
1.051994981000000053e+03
9.775799395000000231e+02
9.197783230000000003e+02
8.780009145000000217e+02
8.502648060000000214e+02
8.329371784999999591e+02
8.201617850000000089e+02
8.052634000000000469e+02
7.870451964999999745e+02
7.594496789999999464e+02
7.225232549999999492e+02
6.768256109999999808e+02
6.241025214999999662e+02
5.670847955000000411e+02
5.102871369999999729e+02
4.587327169999999796e+02
4.165130055000000198e+02
3.879129479999999717e+02
3.779272124999999960e+02
3.890155105000000049e+02
4.249269160000000056e+02
4.860924674999999979e+02
5.733596894999999449e+02
6.848641169999999647e+02
8.167491645000000062e+02
9.646593074999999544e+02
1.120442696000000069e+03
1.273623495499999990e+03
1.416267366999999922e+03
1.533788938500000086e+03
1.621788506999999981e+03
1.669405755499999941e+03
1.674229364999999916e+03
1.639423548499999924e+03
1.570005447999999888e+03
1.472723851499999910e+03
1.358258041499999990e+03
1.238251029000000017e+03
1.120791697500000055e+03
1.016081613500000003e+03
9.274357079999999769e+02
8.593046255000000428e+02
8.108482559999999921e+02
7.802583349999999882e+02
7.630430274999999938e+02
7.563032154999999648e+02
7.530337459999999510e+02
7.521514475000000175e+02
7.482768009999999776e+02
7.438978315000000521e+02
7.397799764999999752e+02
7.385126199999999699e+02
7.447879329999999527e+02
7.632962344999999686e+02
7.986036480000000211e+02
8.515709335000000237e+02
9.231907645000000002e+02
1.011093192499999986e+03
1.110098539000000073e+03
1.217410873000000038e+03
1.325120208999999932e+03
1.427772836000000098e+03
1.523255135000000109e+03
1.606855103500000041e+03
1.677128384500000038e+03
1.732358071000000109e+03
1.770234277999999904e+03
1.789298211999999921e+03
1.787975781500000039e+03
1.764617189499999995e+03
1.717799376500000108e+03
1.651500733000000082e+03
1.564972815999999966e+03
1.465087473999999929e+03
1.355194189499999993e+03
1.243250814499999933e+03
1.134059936000000107e+03
1.034487247000000025e+03
9.503028689999999870e+02
8.826635384999999587e+02
8.358733365000000504e+02
8.085480559999999741e+02
8.020049900000000207e+02
8.135369375000000218e+02
8.418208694999999580e+02
8.850369845000000169e+02
9.417716655000000401e+02
1.011694137999999953e+03
1.091704844999999978e+03
1.182389124499999980e+03
1.282130498499999931e+03
1.386227386499999966e+03
1.493433620000000019e+03
1.596429948499999909e+03
1.689935288500000070e+03
1.770965026000000080e+03
1.835220016499999929e+03
1.880854276999999911e+03
1.907721847000000025e+03
1.917053397500000074e+03
1.911776616000000104e+03
1.894310881000000109e+03
1.871252430999999888e+03
1.842148183499999959e+03
1.810747239499999978e+03
1.775578242499999988e+03
1.734732398000000103e+03
1.689304613499999959e+03
1.635233347500000036e+03
1.572922491499999978e+03
1.502588651000000027e+03
1.425049861499999906e+03
1.344259273500000063e+03
1.261378995000000032e+03
1.182693514999999934e+03
1.114426471499999934e+03
1.059714707000000089e+03
1.024340096500000072e+03
1.010329619500000035e+03
1.022864842500000009e+03
1.062648711999999932e+03
1.129221092499999941e+03
1.220422010499999942e+03
1.331458202999999912e+03
1.459708267499999920e+03
1.594461193999999978e+03
1.732691890999999941e+03
1.864291167500000029e+03
1.985911675000000059e+03
2.089088074499999948e+03
2.169887380000000121e+03
2.226316192499999943e+03
2.255116431500000090e+03
2.258454024000000118e+03
2.238450227499999983e+03
2.197296910999999909e+03
2.140980448499999966e+03
2.073860995500000172e+03
2.001428139999999985e+03
1.927467140499999914e+03
1.858440794999999980e+03
1.793766278000000057e+03
1.736174941499999932e+03
1.684205128500000001e+03
1.639313528500000075e+03
1.598211753000000044e+03
1.559916157000000112e+03
1.523356140999999980e+03
1.487488589999999931e+03
1.452896259999999984e+03
1.421169444999999996e+03
1.395342298000000028e+03
1.378474296999999979e+03
1.373769982499999969e+03
1.386190309999999954e+03
1.417693794499999967e+03
1.471948644999999942e+03
1.548225615999999945e+03
1.644191632999999911e+03
1.756408796500000108e+03
1.880026540999999952e+03
2.007692373000000089e+03
2.132630813499999931e+03
2.247846762499999841e+03
2.349358558500000072e+03
2.429025260999999773e+03
2.486103078499999810e+03
2.517500160999999935e+03
2.525156045499999891e+03
2.507902579999999944e+03
2.467126767000000200e+03
2.408890351000000010e+03
2.335238393000000087e+03
2.248420392500000162e+03
2.156878118499999800e+03
2.061730364999999892e+03
1.969396670000000086e+03
1.882194835000000012e+03
1.804577896999999894e+03
1.737273417500000050e+03
1.684645203499999980e+03
1.645583822000000055e+03
1.619584089499999891e+03
1.607743335999999999e+03
1.609901298499999939e+03
1.623252555499999971e+03
1.646345694000000094e+03
1.680553335000000061e+03
1.724389694499999905e+03
1.777852498499999911e+03
1.842207118000000037e+03
1.913528894499999979e+03
1.992907114000000092e+03
2.078802165999999943e+03
2.169122153499999968e+03
2.260184553500000220e+03
2.348951924999999846e+03
2.431209127000000080e+03
2.506692763500000183e+03
2.571558211000000028e+03
2.620374177499999860e+03
2.655162083499999881e+03
2.672873476499999924e+03
2.674662169000000176e+03
2.659403919500000029e+03
2.628268481000000065e+03
2.582096829499999785e+03
2.524949313000000075e+03
2.456460492499999873e+03
2.377765159500000209e+03
2.294023365500000182e+03
2.206632620500000030e+03
2.118354562500000156e+03
2.032188266999999996e+03
1.954145033999999896e+03
1.886657748000000083e+03
1.832004808500000081e+03
1.795734648500000048e+03
1.777278914499999928e+03
1.780047220500000094e+03
1.804430225999999948e+03
1.849957310999999891e+03
1.913454070499999943e+03
1.994270320500000025e+03
2.087492910500000107e+03
2.189414316500000041e+03
2.295438458499999797e+03
2.401416283999999905e+03
2.503995138499999939e+03
2.595286954499999865e+03
2.675697776500000145e+03
2.742596445000000131e+03
2.794532792999999856e+03
2.829941854499999863e+03
2.851580163999999968e+03
2.861260017999999945e+03
2.856240640500000154e+03
2.837729727500000081e+03
2.809401163999999881e+03
2.773974438000000191e+03
2.730263899000000038e+03
2.682914590500000031e+03
2.629588945999999851e+03
2.573892731500000082e+03
2.515476803500000187e+03
2.454188678500000151e+03
2.390773720499999854e+03
2.326242721999999958e+03
2.264647810500000105e+03
2.206676121999999850e+03
2.154148565500000132e+03
2.109863670499999898e+03
2.078314847000000100e+03
2.063496437499999956e+03
2.066606769500000155e+03
2.089470323500000177e+03
2.131996091999999862e+03
2.194962982999999895e+03
2.277472916000000168e+03
2.375969187499999862e+03
2.484693182500000148e+03
2.601323863000000074e+03
2.715580156999999872e+03
2.826526612000000114e+03
2.924639367499999935e+03
3.008144105500000023e+03
3.074566277999999784e+03
3.119209510499999851e+03
3.143043025500000113e+03
3.147384203999999954e+03
3.133663387999999941e+03
3.103609404499999982e+03
3.059322892499999853e+03
3.005034326999999848e+03
2.943443587000000207e+03
2.878923474000000169e+03
2.810433472000000165e+03
2.743750692499999786e+03
2.681569627500000024e+03
2.621557721499999843e+03
2.567329049999999825e+03
2.518541866999999911e+03
2.475512726999999813e+03
2.437820290499999828e+03
2.410913857000000007e+03
2.389643605499999921e+03
2.379232508500000222e+03
2.379550897999999961e+03
2.391695702999999867e+03
2.416715408500000194e+03
2.454422924999999850e+03
2.506159794499999862e+03
2.568893234000000120e+03
2.645616991500000040e+03
2.731308193500000016e+03
2.822644149000000198e+03
2.919126075000000128e+03
3.014294910000000073e+03
3.105122167999999874e+03
3.186020223500000156e+03
3.253954682500000217e+03
3.310286734499999966e+03
3.348056368500000190e+03
3.367396211499999936e+03
3.369823038500000166e+03
3.353702690499999790e+03
3.321594149500000185e+03
3.274788568500000110e+03
3.216331418499999927e+03
3.150034849000000122e+03
3.076525282499999776e+03
3.000234513500000048e+03
2.923376808500000152e+03
2.850049030499999844e+03
2.782740409500000169e+03
2.721280699500000082e+03
2.672111347500000193e+03
2.633182992500000182e+03
2.608011602000000039e+03
2.594460513500000161e+03
2.595590953500000069e+03
2.612850011999999879e+03
2.643739468000000215e+03
2.688117212499999823e+03
2.745176160999999865e+03
2.811027257000000191e+03
2.884489230499999849e+03
2.964537613999999849e+03
3.046492721000000074e+03
3.127969454000000042e+03
3.206983121499999925e+03
3.281654934000000139e+03
3.347929243999999926e+03
3.406506971499999963e+03
3.456513984499999879e+03
3.495048242500000015e+03
3.519701935000000049e+03
3.535618691499999841e+03
3.537344368999999915e+03
3.527683266000000003e+03
3.507213933500000167e+03
3.477207788000000164e+03
3.434120914999999968e+03
3.382678732500000024e+03
3.323797387499999786e+03
3.260049043999999867e+03
3.193385329000000183e+03
3.124259312499999851e+03
3.058817034499999863e+03
2.995915396500000043e+03
2.938744451999999910e+03
2.892501775000000180e+03
2.858049269999999979e+03
2.835809262499999932e+03
2.832422864499999832e+03
2.841567950499999824e+03
2.869600547500000175e+03
2.913569513999999799e+03
2.973653792499999781e+03
3.049174735000000055e+03
3.130019574999999804e+03
3.220721360500000173e+03
3.312563656499999979e+03
3.403796879500000159e+03
3.488958328000000165e+03
3.563981785500000115e+03
3.629900674999999865e+03
3.680751766500000031e+03
3.718808464499999900e+03
3.742893868000000111e+03
3.754514939499999855e+03
3.751671577499999785e+03
3.740584464999999909e+03
3.719108855999999832e+03
3.689658879499999784e+03
3.652554363000000194e+03
3.613322478999999930e+03
3.565811850000000049e+03
3.515417476000000079e+03
3.463505231000000094e+03
3.409760131999999885e+03
3.355849342999999863e+03
3.303807728000000225e+03
3.254145349500000066e+03
3.209425122000000101e+03
3.171585038000000168e+03
3.144476024000000052e+03
3.125945147999999790e+03
3.118666413999999804e+03
3.127911935999999969e+03
3.149408242500000142e+03
3.185994732000000113e+03
3.236910238999999819e+03
3.298966230999999880e+03
3.373657106499999827e+03
3.454895756999999776e+03
3.542014257499999985e+03
3.628998470999999881e+03
3.713766724999999951e+03
3.793063071500000206e+03
3.861614961000000221e+03
3.918219485000000077e+03
3.958707393499999853e+03
3.986932554500000151e+03
3.998063874999999825e+03
3.996570447000000058e+03
3.981102142000000185e+03
3.953706954499999938e+03
3.919146861000000172e+03
3.874477754999999888e+03
3.825973351499999808e+03
3.774197837000000163e+03
3.719509923000000072e+03
3.665870173499999964e+03
3.612141012500000215e+03
3.562148001999999906e+03
3.515960733500000060e+03
3.474921675999999934e+03
3.441595811499999854e+03
3.414274037000000135e+03
3.398514615500000218e+03
3.390124743500000022e+03
3.396765952000000198e+03
3.413551084499999888e+03
3.441563379499999883e+03
3.481908848000000035e+03
3.532571921499999917e+03
3.593038619999999810e+03
3.658755823999999848e+03
3.730482914499999879e+03
3.805472881499999858e+03
3.877986181499999930e+03
3.950426188500000080e+03
4.017546245500000168e+03
4.075285036499999933e+03
4.122594457500000317e+03
4.160455848999999944e+03
4.188609494000000268e+03
4.201236995999999635e+03
4.204559425999999803e+03
4.193269835000000057e+03
4.174523525499999778e+03
4.144022522500000377e+03
4.106346177499999612e+03
4.058619074000000182e+03
4.009610538999999790e+03
3.956716374999999971e+03
3.901500154500000008e+03
3.845737458000000061e+03
3.794043305499999860e+03
3.746324255999999878e+03
3.705766317000000072e+03
3.672181501000000026e+03
3.649527043999999933e+03
3.639764016000000083e+03
3.637403503500000170e+03
3.649272824499999842e+03
3.672025791500000196e+03
3.707862036500000158e+03
3.755304647500000101e+03
3.810741669500000171e+03
3.874835638999999901e+03
3.941292330499999935e+03
4.013349956000000020e+03
4.083815103500000077e+03
4.151256319500000245e+03
4.214714355000000069e+03
4.268785590999999840e+03
4.316786809000000176e+03
4.354938491500000055e+03
4.378372661499999595e+03
4.394893320999999560e+03
4.402130905500000154e+03
4.396901836500000172e+03
4.384902490999999827e+03
4.366385986999999659e+03
4.338466634000000340e+03
4.306938020999999935e+03
4.269386577000000216e+03
4.228033092499999839e+03
4.180924713499999598e+03
4.134725042000000030e+03
4.089300389500000165e+03
4.042778178500000195e+03
3.998546701000000212e+03
3.959676502499999970e+03
3.929362649000000147e+03
3.906768781000000217e+03
3.894741132000000107e+03
3.895337031000000025e+03
3.909367201999999907e+03
3.934438394499999958e+03
3.971428269500000170e+03
4.019783386999999948e+03
4.075223801999999978e+03
4.138605255999999827e+03
4.206797975999999835e+03
4.275926133500000105e+03
4.347421603499999947e+03
4.409392898000000059e+03
4.468128996499999630e+03
4.518193666000000121e+03
4.561606950499999584e+03
4.591924240000000282e+03
4.613628418000000238e+03
4.622702220000000125e+03
4.620966379999999845e+03
4.610970111999999972e+03
4.593105081499999869e+03
4.567454584000000068e+03
4.536885935999999674e+03
4.503069682999999714e+03
4.468159154500000113e+03
4.427693528499999957e+03
4.389194065499999851e+03
4.350031600000000253e+03
4.311193032999999559e+03
4.275883704500000022e+03
4.241931467499999599e+03
4.212727741499999865e+03
4.190070154000000002e+03
4.174897504999999910e+03
4.167148259999999937e+03
4.170815735000000132e+03
4.182482473000000027e+03
4.207826766000000134e+03
4.244553538500000286e+03
4.291107083500000044e+03
4.346730244000000312e+03
4.408012749000000440e+03
4.471679867500000000e+03
4.536745284499999798e+03
4.600289469999999710e+03
4.658224000999999589e+03
4.711620319999999992e+03
4.756135537500000282e+03
4.792437478499999997e+03
4.818849802499999896e+03
4.835337245499999881e+03
4.842734982500000115e+03
4.840689575499999592e+03
4.827703832500000317e+03
4.808261145000000397e+03
4.779752900499999669e+03
4.750261887499999830e+03
4.714681090500000209e+03
4.677757244999999784e+03
4.637162857000000258e+03
4.600007254500000272e+03
4.563354185500000312e+03
4.530302150999999867e+03
4.499167698000000200e+03
4.474566927500000020e+03
4.454040230999999949e+03
4.441614729500000067e+03
4.434267856999999822e+03
4.435317165000000386e+03
4.444025810500000262e+03
4.464771365999999944e+03
4.490745957500000259e+03
4.527970744999999624e+03
4.572272594500000196e+03
4.622454925000000003e+03
4.679142165000000205e+03
4.737985343500000454e+03
4.797090101499999946e+03
4.855146648500000083e+03
4.906683885999999802e+03
4.953826173499999641e+03
4.991311188499999844e+03
5.021859220500000447e+03
5.042257764500000121e+03
5.054549144499999784e+03
5.058066243000000213e+03
5.051354402500000106e+03
5.037353535000000193e+03
5.018904579000000012e+03
4.991545183999999608e+03
4.960925661500000388e+03
4.925759536499999740e+03
4.890004066499999681e+03
4.854500294000000395e+03
4.819139266999999563e+03
4.784274506499999916e+03
4.755539624500000173e+03
4.726839658500000041e+03
4.709559205999999904e+03
4.693909693999999945e+03
4.686702113000000281e+03
4.688019712000000254e+03
4.697845016500000384e+03
4.714868492999999944e+03
4.739353315999999722e+03
4.771702869499999906e+03
4.812300653000000239e+03
4.858142015999999785e+03
4.907596170499999971e+03
4.959414772500000254e+03
5.010722928000000138e+03
5.064280246500000430e+03
4.958395052500000020e+03
4.811894495999999890e+03
4.720967006500000025e+03
4.669132914499999970e+03
4.622570628499999657e+03
4.567536884500000269e+03
4.500895279000000301e+03
4.430026813499999662e+03
4.343288115499999549e+03
4.238373329000000012e+03
4.123631239000000278e+03
4.013990897000000132e+03
3.919595217500000217e+03
3.833275970000000143e+03
3.753280996999999843e+03
3.676043722500000058e+03
3.601679283999999825e+03
3.529172359000000142e+03
3.463518098500000178e+03
3.405177311500000087e+03
3.353367527500000051e+03
3.307852904500000022e+03
3.264738492500000120e+03
3.217553987499999948e+03
3.178265907999999854e+03
3.144783801000000039e+03
3.124595511500000157e+03
3.124427689999999984e+03
3.138820830999999998e+03
3.169093927500000063e+03
3.208773157499999797e+03
3.258288597499999923e+03
3.307637073500000042e+03
3.355569738000000143e+03
3.397763468000000103e+03
3.428872511000000031e+03
3.453254740500000025e+03
3.465186793500000022e+03
3.463682426500000020e+03
3.451176557499999944e+03
3.423846384999999827e+03
3.381871896499999821e+03
3.325499276500000178e+03
3.252107438500000171e+03
3.167204983000000084e+03
3.073346481000000040e+03
2.976982505999999830e+03
2.878566432999999961e+03
2.785196537499999977e+03
2.699465127999999822e+03
2.623683799500000077e+03
2.560594694999999774e+03
2.509575867999999900e+03
2.472436410499999965e+03
2.447807717499999853e+03
2.435518103500000052e+03
2.436394307999999910e+03
2.446601793499999985e+03
2.465269989999999780e+03
2.491703607999999804e+03
2.523003758500000004e+03
2.559866863499999909e+03
2.598174817999999959e+03
2.636013750000000073e+03
2.673104985500000112e+03
2.704701442999999927e+03
2.730709731999999804e+03
2.747865843000000041e+03
2.757112044999999853e+03
2.756218671999999970e+03
2.742829989500000011e+03
2.721358869499999855e+03
2.691821938999999929e+03
2.656890558500000225e+03
2.615988430500000050e+03
2.569773526999999831e+03
2.523525492499999928e+03
2.473337539000000106e+03
2.421366126999999778e+03
2.371193266000000222e+03
2.318670535000000200e+03
2.268577331500000128e+03
2.221304297000000133e+03
2.175503880000000208e+03
2.132595378500000152e+03
2.095253587000000152e+03
2.062236487499999839e+03
2.037658417500000041e+03
2.020688803999999891e+03
2.010587080000000014e+03
2.006528767499999958e+03
2.012471264499999961e+03
2.022127261500000031e+03
2.035883267500000102e+03
2.054834091499999886e+03
2.074997820500000216e+03
2.096153703500000120e+03
2.115306547000000137e+03
2.129018789499999912e+03
2.139919175999999879e+03
2.144047309000000041e+03
2.142200361499999872e+03
2.134334636999999930e+03
2.121574939999999970e+03
2.105401771499999995e+03
2.087296811499999876e+03
2.067998245499999939e+03
2.047851380000000063e+03
2.025651879000000008e+03
2.004037758500000109e+03
1.981346628499999952e+03
1.958102276999999958e+03
1.932474397499999895e+03
1.906068890000000010e+03
1.879475153000000091e+03
1.852250676500000054e+03
1.824088839499999949e+03
1.796444437500000049e+03
1.768054249999999911e+03
1.740433856999999989e+03
1.714960493499999984e+03
1.689771619999999984e+03
1.667683774000000085e+03
1.648562611500000003e+03
1.631421083499999895e+03
1.620709267499999896e+03
1.613022530499999903e+03
1.609448304499999949e+03
1.609200747500000034e+03
1.612083873999999923e+03
1.616283627000000024e+03
1.622277920499999937e+03
1.627284655500000099e+03
1.631778154000000086e+03
1.634172532499999988e+03
1.633402413999999908e+03
1.629019483000000037e+03
1.622904852500000061e+03
1.613239246000000094e+03
1.600977147999999943e+03
1.587998573500000020e+03
1.574157678000000033e+03
1.558543529999999919e+03
1.542945075000000088e+03
1.527259706999999935e+03
1.512009806499999968e+03
1.497377688000000035e+03
1.483821128000000044e+03
1.469591078500000094e+03
1.455396128999999974e+03
1.441865137999999888e+03
1.427766990000000078e+03
1.412054397999999992e+03
1.395305584499999895e+03
1.378861787499999991e+03
1.359919135999999980e+03
1.341059389499999952e+03
1.322441025999999965e+03
1.305193293000000040e+03
1.287615555500000028e+03
1.270731363999999985e+03
1.255689347499999940e+03
1.241164240000000063e+03
1.228147602499999948e+03
1.216924880999999914e+03
1.208365727999999990e+03
1.200693183999999974e+03
1.194661722499999996e+03
1.190714514499999950e+03
1.188581613500000003e+03
1.186054847500000051e+03
1.186564444999999978e+03
1.183883052500000076e+03
1.181626456499999904e+03
1.176754697500000020e+03
1.170073092000000088e+03
1.161133495000000039e+03
1.150700123000000076e+03
1.137961115000000063e+03
1.124123755999999958e+03
1.111115599499999917e+03
1.097349879500000043e+03
1.083808534499999951e+03
1.071812877000000071e+03
1.058781766500000003e+03
1.047121356000000105e+03
1.035909047000000101e+03
1.023274019999999950e+03
1.011677004499999953e+03
1.000303423999999950e+03
9.884467389999999796e+02
9.759729264999999714e+02
9.646408065000000533e+02
9.538650330000000395e+02
9.434851595000000088e+02
9.329901039999999739e+02
9.216160250000000360e+02
9.104581070000000409e+02
8.981062050000000454e+02
8.850227875000000495e+02
8.717362094999999726e+02
8.576039250000000038e+02
8.447246095000000423e+02
8.319026880000000119e+02
8.197833644999999478e+02
8.092837664999999561e+02
8.001818224999999529e+02
7.936982540000000199e+02
7.867902374999999893e+02
7.814470205000000078e+02
7.760001670000000331e+02
7.703485355000000254e+02
7.644295234999999593e+02
7.573718039999999974e+02
7.503845069999999851e+02
7.427840254999999843e+02
7.342539424999999937e+02
7.244806149999999434e+02
7.144570654999999988e+02
7.039521489999999631e+02
6.927289785000000393e+02
6.817419700000000375e+02
6.691096854999999550e+02
6.565796104999999443e+02
6.437492485000000215e+02
6.319019714999999451e+02
6.199035730000000513e+02
6.083121844999999439e+02
5.975497880000000350e+02
5.877061565000000201e+02
5.784012095000000500e+02
5.700624344999999948e+02
5.621455680000000257e+02
5.545556954999999562e+02
5.475351054999999860e+02
5.386125680000000102e+02
5.303433919999999944e+02
5.216236699999999473e+02
5.115424029999999789e+02
5.004277124999999842e+02
4.890972704999999792e+02
4.765598640000000046e+02
4.647426815000000033e+02
4.523516989999999964e+02
4.401719524999999749e+02
4.282534190000000081e+02
4.168707534999999780e+02
4.065362339999999790e+02
3.962107804999999985e+02
3.869765209999999911e+02
3.783145119999999793e+02
3.702952119999999923e+02
3.633595864999999776e+02
3.572567460000000210e+02
3.510928895000000125e+02
3.462507269999999835e+02
3.413178624999999897e+02
3.367561524999999847e+02
3.314423954999999751e+02
3.260728455000000281e+02
3.188107684999999947e+02
3.111308080000000018e+02
3.017891774999999939e+02
2.906697449999999776e+02
2.784836235000000215e+02
2.644930289999999786e+02
2.500261979999999937e+02
2.354078959999999938e+02
2.199922454999999957e+02
2.057090320000000077e+02
1.923461470000000020e+02
1.796492974999999888e+02
1.685569335000000137e+02
1.582864529999999945e+02
1.495842485000000011e+02
1.412961640000000045e+02
1.335946790000000135e+02
1.267533320000000003e+02
1.201831300000000056e+02
1.143222255000000018e+02
1.089335580000000050e+02
1.036993039999999979e+02
9.867525550000000578e+01
9.372644449999999949e+01
8.842524899999999377e+01
8.222275249999999858e+01
7.569316999999999496e+01
6.796776549999999872e+01
5.870560700000000054e+01
4.787744099999999747e+01
3.548624999999999829e+01
2.182026049999999984e+01
7.377032500000000326e+00
L=10.0,N=1500,T=1.0,r=0.125,eta=0.7363107781851077,t=25177.157433748245s