0.000000000000000000e+00
0.000000000000000000e+00
0.000000000000000000e+00
0.000000000000000000e+00
0.000000000000000000e+00
0.000000000000000000e+00
0.000000000000000000e+00
0.000000000000000000e+00
0.000000000000000000e+00
0.000000000000000000e+00
0.000000000000000000e+00
0.000000000000000000e+00
0.000000000000000000e+00
0.000000000000000000e+00
0.000000000000000000e+00
0.000000000000000000e+00
0.000000000000000000e+00
0.000000000000000000e+00
0.000000000000000000e+00
0.000000000000000000e+00
0.000000000000000000e+00
0.000000000000000000e+00
0.000000000000000000e+00
0.000000000000000000e+00
0.000000000000000000e+00
3.414739999999999998e-01
3.326823500000000156e+00
7.992562999999999640e+00
1.329720149999999990e+01
1.919513750000000130e+01
2.537297949999999958e+01
3.224082450000000222e+01
4.089786699999999797e+01
8.045172499999999900e+02
1.092820486999999957e+03
9.194334965000000466e+02
7.764572345000000269e+02
6.591203114999999571e+02
5.624841115000000400e+02
4.838131450000000200e+02
4.210871715000000108e+02
3.735076295000000073e+02
3.336668045000000120e+02
2.973518540000000030e+02
2.670897704999999860e+02
2.422575559999999939e+02
2.219355135000000132e+02
2.057159895000000063e+02
1.931824719999999900e+02
1.837016069999999957e+02
1.768474415000000022e+02
1.723789245000000108e+02
1.707120585000000119e+02
1.719958195000000103e+02
1.766404850000000124e+02
1.851897309999999948e+02
1.984845395000000110e+02
2.171945854999999881e+02
2.426845299999999952e+02
2.752456680000000233e+02
3.142080399999999827e+02
3.568538024999999720e+02
4.011695889999999736e+02
4.459535334999999918e+02
4.920196225000000254e+02
5.420254740000000311e+02
6.096609925000000203e+02
7.102808915000000525e+02
7.729895900000000211e+02
7.979671154999999771e+02
7.966975250000000415e+02
7.789536950000000388e+02
7.508339124999999967e+02
7.179886760000000550e+02
6.828043665000000146e+02
6.484462579999999434e+02
6.145731759999999895e+02
5.827250434999999698e+02
5.531318899999999985e+02
5.261037579999999707e+02
5.019774120000000153e+02
4.813904729999999859e+02
4.641283794999999941e+02
4.502903239999999983e+02
4.403201189999999769e+02
4.340366900000000214e+02
4.320392810000000168e+02
4.346053875000000062e+02
4.422107814999999960e+02
4.553911625000000072e+02
4.744363144999999804e+02
4.995890605000000164e+02
5.307647934999999961e+02
5.669782135000000380e+02
6.072332424999999603e+02
6.495271575000000439e+02
6.919232700000000023e+02
7.329015855000000101e+02
7.717203664999999546e+02
8.080631650000000263e+02
8.417872019999999793e+02
8.719406529999999975e+02
8.947579214999999522e+02
9.087382824999999684e+02
9.140823380000000498e+02
9.121580149999999776e+02
9.039014495000000124e+02
8.909293494999999439e+02
8.748551804999999604e+02
8.565205555000000004e+02
8.371595465000000331e+02
8.180864235000000235e+02
7.989834190000000262e+02
7.810044185000000425e+02
7.647912175000000161e+02
7.500739469999999756e+02
7.378912930000000188e+02
7.286410835000000361e+02
7.224124490000000378e+02
7.199621779999999944e+02
7.213037530000000288e+02
7.264565774999999803e+02
7.358936475000000428e+02
7.499922299999999495e+02
7.679557350000000042e+02
7.899208885000000464e+02
8.154770435000000361e+02
8.445389665000000150e+02
8.751830350000000180e+02
9.070706995000000461e+02
9.388146944999999732e+02
9.692803055000000541e+02
9.980428275000000440e+02
1.023533028500000000e+03
1.045826113999999961e+03
1.064080662500000017e+03
1.078024036499999966e+03
1.086794002000000091e+03
1.091869971500000020e+03
1.092270137499999919e+03
1.089669746000000032e+03
1.083707401500000060e+03
1.075771960499999977e+03
1.066307515499999909e+03
1.055829238999999916e+03
1.045402601999999888e+03
1.034448636000000079e+03
1.024961416999999983e+03
1.015989587000000029e+03
1.008324774000000048e+03
1.002531110000000012e+03
9.993263699999999972e+02
9.980413280000000213e+02
9.997663294999999835e+02
1.004401289499999962e+03
1.011681917999999996e+03
1.021858527999999978e+03
1.034782118500000024e+03
1.050363901500000111e+03
1.068715200000000095e+03
1.088111806999999999e+03
1.109524083000000019e+03
1.132091361499999948e+03
1.154617057500000101e+03
1.177409626500000059e+03
1.198798214500000086e+03
1.219797692500000039e+03
1.238378863500000080e+03
1.254651020499999959e+03
1.268327610499999992e+03
1.279016104000000041e+03
1.286645674999999983e+03
1.291669692500000110e+03
1.294343321000000060e+03
1.294598159500000065e+03
1.293242224000000078e+03
1.290200288000000000e+03
1.286503500999999915e+03
1.281771336999999903e+03
1.276904293499999994e+03
1.272527688500000068e+03
1.268288500999999997e+03
1.264955897499999992e+03
1.262452146500000026e+03
1.261278066500000023e+03
1.262230463999999984e+03
1.264508239999999887e+03
1.268947574999999915e+03
1.275022048999999924e+03
1.283663838500000111e+03
1.293447132000000011e+03
1.305172841000000062e+03
1.318207697000000053e+03
1.333010553500000015e+03
1.348495106500000020e+03
1.364598796499999935e+03
1.381274926499999992e+03
1.398473192500000096e+03
1.414948527999999897e+03
1.431134473000000071e+03
1.446179296000000022e+03
1.460628684999999905e+03
1.473146698999999899e+03
1.483780177500000036e+03
1.492854452999999921e+03
1.500079020500000070e+03
1.505340801000000056e+03
1.508700098999999909e+03
1.511438763999999992e+03
1.512924220999999989e+03
1.513613779999999906e+03
1.513522279999999910e+03
1.513053822999999966e+03
1.512712894000000006e+03
1.512198592499999904e+03
1.511794814500000030e+03
1.512398065000000088e+03
1.513876420000000053e+03
1.515777362499999981e+03
1.518925880000000006e+03
1.523688124499999958e+03
1.528922033000000056e+03
1.536202021500000001e+03
1.544582299500000090e+03
1.554151885499999935e+03
1.564889241500000026e+03
1.575566438999999946e+03
1.587515598499999896e+03
1.599969420500000069e+03
1.612875451500000054e+03
1.626173778500000026e+03
1.639351188999999977e+03
1.652410211500000059e+03
1.665112767500000018e+03
1.677483032000000094e+03
1.688719479500000034e+03
1.699121790500000088e+03
1.708325228500000094e+03
1.715990997999999990e+03
1.722422454999999900e+03
1.728136359000000084e+03
1.732952598000000080e+03
1.736731128500000068e+03
1.740358838999999989e+03
1.743070027499999924e+03
1.745587209000000030e+03
1.747814855500000021e+03
1.750461121499999990e+03
1.752747658000000001e+03
1.755257424500000070e+03
1.758609337000000096e+03
1.762063552000000072e+03
1.765761602999999923e+03
1.770833487000000105e+03
1.776488892000000078e+03
1.783036014499999965e+03
1.790566621500000110e+03
1.798431379500000048e+03
1.807378492000000051e+03
1.816592810999999983e+03
1.826093814500000008e+03
1.836424316999999974e+03
1.846631564499999968e+03
1.857639445999999907e+03
1.868296644000000015e+03
1.878751070999999911e+03
1.889918427000000065e+03
1.901091335500000014e+03
1.911588940000000093e+03
1.921317584500000066e+03
1.929908710500000097e+03
1.937974083500000006e+03
1.945136514499999976e+03
1.951685778000000028e+03
1.957803199499999891e+03
1.963077845000000025e+03
1.967889335000000074e+03
1.972213909000000058e+03
1.977144678999999996e+03
1.981110861000000114e+03
1.985235157500000014e+03
1.989476106999999956e+03
1.993993999000000031e+03
1.997716022999999950e+03
2.002609335500000043e+03
2.007636790499999961e+03
2.013083055999999942e+03
2.018792310000000043e+03
2.025280191999999943e+03
2.032457616500000086e+03
2.039594125999999960e+03
2.047578989999999976e+03
2.055545809499999905e+03
2.064440443999999843e+03
2.072138336500000150e+03
2.081773974000000180e+03
2.090344880499999817e+03
2.099914299000000028e+03
2.109293142999999873e+03
2.118630342999999812e+03
2.128467126999999891e+03
2.138356534000000011e+03
2.147101195000000189e+03
2.155969686999999794e+03
2.164462551499999790e+03
2.171401526499999818e+03
2.178797089499999856e+03
2.185235832500000015e+03
2.190916444999999840e+03
2.197152438000000075e+03
2.202511920500000087e+03
2.207750129999999899e+03
2.213046541499999876e+03
2.218894972500000222e+03
2.224066491000000042e+03
2.229332457999999860e+03
2.235292480000000069e+03
2.240346674999999777e+03
2.245661619999999857e+03
2.251774464999999964e+03
2.257836587499999951e+03
2.264195155500000055e+03
2.270757899499999894e+03
2.278068064999999933e+03
2.285631769999999960e+03
2.293089794500000153e+03
2.300809650499999861e+03
2.308862875499999973e+03
2.316360629499999959e+03
2.324726063999999951e+03
2.332351380499999777e+03
2.341398735499999930e+03
2.349582917499999894e+03
2.358557220000000143e+03
2.367520575000000008e+03
2.376495737000000190e+03
2.384810061000000132e+03
2.392976091999999880e+03
2.400630414000000201e+03
2.407690353500000128e+03
2.414451785000000200e+03
2.421410159000000021e+03
2.427101754499999970e+03
2.433597740000000158e+03
2.439375112499999886e+03
2.445043573500000093e+03
2.451324549999999817e+03
2.457174859000000197e+03
2.463644109500000013e+03
2.469714859499999875e+03
2.476056427500000154e+03
2.482168352499999855e+03
2.487947084500000074e+03
2.494481029500000204e+03
2.500842063000000053e+03
2.507802259000000049e+03
2.514873552000000018e+03
2.521600089500000195e+03
2.529299139000000196e+03
2.536784608999999818e+03
2.543956223000000136e+03
2.551310485500000141e+03
2.558922521500000130e+03
2.566738127999999961e+03
2.574337919000000056e+03
2.582259849000000031e+03
2.589758092999999917e+03
2.598318850000000111e+03
2.606827137000000221e+03
2.615286618000000090e+03
2.623261086500000147e+03
2.631225039500000094e+03
2.638905903500000022e+03
2.645389227000000119e+03
2.652198324500000126e+03
2.658516537500000140e+03
2.664950829500000054e+03
2.670979506499999843e+03
2.677341950999999881e+03
2.684051488499999778e+03
2.690352827499999876e+03
2.697176501500000086e+03
2.703610176000000138e+03
2.710189014500000212e+03
2.716691154499999811e+03
2.723310280499999863e+03
2.729571108499999809e+03
2.735997197000000142e+03
2.742940253000000212e+03
2.750377210000000105e+03
2.757412064000000100e+03
2.764367305000000215e+03
2.771626069500000085e+03
2.778673173000000133e+03
2.786099156499999935e+03
2.793327755499999967e+03
2.800416253500000039e+03
2.807438533500000176e+03
2.815477354499999819e+03
2.823015761999999995e+03
2.830196469500000148e+03
2.838324778000000151e+03
2.846457202500000221e+03
2.855160854499999914e+03
2.862856522500000210e+03
2.869970699999999852e+03
2.877134543000000122e+03
2.884126566500000081e+03
2.890526620499999808e+03
2.896975583999999799e+03
2.903353093499999886e+03
2.910423847500000193e+03
2.916265801000000010e+03
2.923318460999999843e+03
2.930369924999999967e+03
2.936881815499999902e+03
2.943852637999999843e+03
2.950730148000000099e+03
2.957633370000000014e+03
2.963794171500000175e+03
2.970621815500000139e+03
2.977649244000000181e+03
2.984546050999999807e+03
2.991503654000000097e+03
2.998944160500000180e+03
3.006346262000000024e+03
3.013319873500000085e+03
3.020753243000000111e+03
3.026992107500000202e+03
3.034579802499999914e+03
3.040909757999999783e+03
3.048276808499999788e+03
3.055781058500000199e+03
3.063118494499999997e+03
3.070808768500000042e+03
3.078688875499999995e+03
3.086866615999999794e+03
3.095014141000000109e+03
3.102057433999999830e+03
3.109613609500000166e+03
3.116512999500000205e+03
3.122994212499999776e+03
3.129722124999999778e+03
3.136179655999999795e+03
3.142752585000000181e+03
3.149573120000000017e+03
3.156821043999999802e+03
3.163123210000000199e+03
3.169618031500000143e+03
3.177015633999999864e+03
3.184160703500000182e+03
3.190935310500000014e+03
3.197952212000000145e+03
3.205012446499999896e+03
3.211817385500000000e+03
3.218827490000000125e+03
3.225875821499999802e+03
3.232863338499999827e+03
3.240191310499999872e+03
3.247108733000000029e+03
3.254160377000000153e+03
3.261655662499999835e+03
3.268267803000000185e+03
3.274707065500000226e+03
3.281724155500000052e+03
3.289135870499999783e+03
3.296257368000000042e+03
3.302899712500000078e+03
3.310912381499999810e+03
3.319165135499999906e+03
3.327066382999999860e+03
3.334860358999999789e+03
3.342112110000000030e+03
3.349300943000000188e+03
3.356380621499999961e+03
3.362629694499999914e+03
3.369048768000000109e+03
3.375822201500000119e+03
3.382454211000000214e+03
3.389424074999999903e+03
3.396186000499999864e+03
3.403267924000000221e+03
3.410515860500000144e+03
3.417502587500000118e+03
3.424446589499999845e+03
3.432017718000000059e+03
3.438636954999999944e+03
3.445239585499999976e+03
3.452310789999999997e+03
3.459825016499999947e+03
3.466361541000000216e+03
3.473785366000000067e+03
3.481021123500000158e+03
3.487671049000000039e+03
3.495150895000000219e+03
3.502102406999999857e+03
3.508839835499999936e+03
3.514921573499999795e+03
3.522223453999999947e+03
3.529117522000000008e+03
3.536313587499999812e+03
3.543728756500000145e+03
3.551686773999999787e+03
3.559732989499999803e+03
3.567040480499999830e+03
3.574864678500000082e+03
3.582816012499999943e+03
3.589230609499999900e+03
3.595679988500000036e+03
3.602333272500000021e+03
3.609185157999999774e+03
3.615639787000000069e+03
3.622642604499999834e+03
3.628997782999999799e+03
3.636317031000000043e+03
3.643487224999999853e+03
3.650888558000000103e+03
3.657578927000000022e+03
3.665290097999999944e+03
3.672456940500000201e+03
3.678993714000000182e+03
3.685961886500000219e+03
3.692917735999999877e+03
3.700282545999999911e+03
3.707503256500000134e+03
3.714628145000000131e+03
3.721613553000000138e+03
3.727922060500000043e+03
3.735801711000000068e+03
3.741952693499999896e+03
3.748414650000000165e+03
3.755936382500000036e+03
3.762245721499999945e+03
3.769514055000000099e+03
3.776766002500000013e+03
3.784428010999999969e+03
3.792030420000000049e+03
3.799663641499999812e+03
3.807690608500000053e+03
3.815612411999999949e+03
3.822515271000000212e+03
3.829242123999999876e+03
3.836182573000000048e+03
3.842679821499999889e+03
3.849697588500000165e+03
3.855312901499999953e+03
3.862667450500000086e+03
3.869450495500000216e+03
3.876466425000000072e+03
3.883527777499999956e+03
3.891363393000000087e+03
3.898027810999999929e+03
3.905186440500000117e+03
3.913192774999999983e+03
3.919179262999999992e+03
3.926397878499999933e+03
3.933072277499999927e+03
3.940274089000000004e+03
3.948063559499999883e+03
3.954976153499999782e+03
3.962015096000000085e+03
3.968817636499999935e+03
3.976129002499999842e+03
3.982177570500000002e+03
3.989359590500000195e+03
3.995775075000000015e+03
4.002661845000000085e+03
4.009590367499999957e+03
4.017501935499999945e+03
4.024869138999999905e+03
4.032683545500000037e+03
4.040497245000000021e+03
4.048034658000000036e+03
4.056466261999999915e+03
4.063205079500000011e+03
4.069903013000000101e+03
4.075832131499999832e+03
4.082562172999999802e+03
4.089030546500000128e+03
4.096107197999999698e+03
4.102693368999999620e+03
4.109313557000000401e+03
4.116363153000000239e+03
4.123671827000000121e+03
4.131158685499999592e+03
4.138587280499999906e+03
4.145827914000000419e+03
4.152642832000000453e+03
4.159709435499999927e+03
4.166834297499999593e+03
4.173738668500000131e+03
4.181257566500000394e+03
4.187952807499999835e+03
4.195280724999999620e+03
4.202431636999999682e+03
4.209767827499999839e+03
4.216566993499999626e+03
4.223146088999999847e+03
4.229135409499999696e+03
4.236222482999999556e+03
4.242857461499999772e+03
4.250059634500000357e+03
4.257846661999999924e+03
4.265564825999999812e+03
4.273671568499999921e+03
4.280876239000000169e+03
4.288876727500000015e+03
4.296104953000000023e+03
4.303056714999999713e+03
4.310026632500000233e+03
4.316461795999999595e+03
4.322989567499999794e+03
4.328866031999999905e+03
4.335659545499999695e+03
4.342139272999999775e+03
4.349539977499999623e+03
4.357059182500000134e+03
4.364082092499999817e+03
4.371688197499999660e+03
4.378997142500000336e+03
4.385801840500000253e+03
4.392915379000000030e+03
4.400046270499999991e+03
4.407468779499999982e+03
4.415079241499999625e+03
4.421484029999999620e+03
4.428535068500000307e+03
4.435901958499999637e+03
4.443435037000000193e+03
4.449718555000000379e+03
4.456561807500000214e+03
4.462776174999999967e+03
4.469698067500000434e+03
4.476740141999999651e+03
4.483117629000000306e+03
4.490539847500000178e+03
4.497600736000000325e+03
4.505651162000000113e+03
4.513808844000000136e+03
4.521564752500000395e+03
4.529843210500000168e+03
4.536753928000000087e+03
4.543094567000000097e+03
4.549826073000000179e+03
4.556785636499999782e+03
4.562453805000000102e+03
4.569237154499999633e+03
4.576210895999999593e+03
4.583103498499999660e+03
4.590167582500000208e+03
4.597108296999999766e+03
4.604644654499999888e+03
4.612024807499999952e+03
4.619454278500000328e+03
4.625883692999999766e+03
4.633374864499999603e+03
4.640710777500000404e+03
4.647777779500000179e+03
4.654975177000000258e+03
4.662179555499999879e+03
4.669490852500000074e+03
4.676017431500000384e+03
4.682916411999999582e+03
4.689495587000000342e+03
4.696654953500000374e+03
4.703406137500000114e+03
4.710155630999999630e+03
4.716565172999999959e+03
4.723430447499999900e+03
4.730752937500000371e+03
4.738052614000000176e+03
4.746480169499999647e+03
4.754253590500000428e+03
4.762497621499999696e+03
4.769476370999999745e+03
4.776579034499999580e+03
4.783710801500000343e+03
4.790368239499999618e+03
4.797098130499999570e+03
4.803639264999999796e+03
4.809569112000000132e+03
4.816251538499999697e+03
4.823115875499999675e+03
4.830720403000000260e+03
4.837805264499999794e+03
4.845245778999999857e+03
4.852302415500000279e+03
4.859586204999999609e+03
4.866614030499999899e+03
4.873842012500000237e+03
4.880412540500000432e+03
4.888219852000000174e+03
4.894458058000000165e+03
4.902126403999999638e+03
4.909796253999999863e+03
4.916637363499999992e+03
4.923739389999999730e+03
4.930128687000000355e+03
4.936905807500000265e+03
4.943341422999999850e+03
4.950056223999999929e+03
4.956950540499999988e+03
4.963915984500000377e+03
4.970856542000000445e+03
4.978858499500000107e+03
4.986630813499999931e+03
4.995026797999999872e+03
4.811056524999999965e+03
4.610882171999999628e+03
4.491784617500000422e+03
4.397868882499999927e+03
4.317962365499999578e+03
4.247605152500000258e+03
4.183940003499999875e+03
4.125141410999999607e+03
4.070378898500000105e+03
4.019493339999999989e+03
3.971214844000000085e+03
3.925468252000000120e+03
3.882546989500000109e+03
3.840735001500000180e+03
3.800937640999999985e+03
3.762619031499999892e+03
3.725440431500000159e+03
3.689346439500000088e+03
3.654689907999999832e+03
3.621114044999999805e+03
3.588050099500000215e+03
3.556905172499999935e+03
3.525753223000000162e+03
3.495072735499999908e+03
3.465745766500000173e+03
3.436959486499999912e+03
3.408429942000000210e+03
3.381137686500000200e+03
3.353520800499999950e+03
3.326863632000000052e+03
3.300625467500000013e+03
3.275068717000000106e+03
3.250388674499999979e+03
3.225312316500000179e+03
3.200847216000000117e+03
3.176291229999999814e+03
3.152972975000000133e+03
3.130075686499999847e+03
3.106974867999999788e+03
3.084161401500000011e+03
3.062304149999999936e+03
3.039895945000000211e+03
3.018299179999999978e+03
2.996732708000000002e+03
2.975475105999999869e+03
2.954620125500000086e+03
2.934314022999999906e+03
2.913890429999999924e+03
2.893625699499999882e+03
2.873552964999999858e+03
2.853336749999999938e+03
2.834033313500000077e+03
2.814560946499999773e+03
2.795518228500000077e+03
2.777129704500000116e+03
2.757691604999999981e+03
2.738991216999999779e+03
2.720931713999999829e+03
2.702670086999999967e+03
2.684631824000000051e+03
2.666760823000000073e+03
2.648970439499999884e+03
2.631339333500000066e+03
2.613239571999999953e+03
2.596169350499999837e+03
2.579325832500000161e+03
2.562462579000000005e+03
2.545268795500000124e+03
2.528404882499999985e+03
2.511505551000000196e+03
2.495335043000000042e+03
2.478687589000000116e+03
2.462221693999999843e+03
2.446602116500000193e+03
2.430263781499999823e+03
2.414001327500000116e+03
2.398329814000000169e+03
2.382660649500000090e+03
2.366859043500000098e+03
2.351415135000000191e+03
2.336004953499999829e+03
2.320658926000000065e+03
2.305426412499999969e+03
2.290686822000000120e+03
2.274988560499999949e+03
2.259813341000000037e+03
2.245440636499999982e+03
2.230513067500000034e+03
2.216037716499999988e+03
2.201398485000000164e+03
2.186833005999999841e+03
2.172321519999999964e+03
2.157635577500000181e+03
2.143429712999999992e+03
2.129223562499999844e+03
2.115582431499999984e+03
2.100992558999999801e+03
2.086875507000000198e+03
2.072908502000000226e+03
2.059083888499999830e+03
2.045435688000000027e+03
2.031607576000000108e+03
2.017858674500000006e+03
2.004275947999999971e+03
1.990781314500000008e+03
1.977403672500000084e+03
1.963523884499999895e+03
1.950379821499999935e+03
1.936786465500000077e+03
1.923822943500000065e+03
1.910607728499999894e+03
1.897264013499999919e+03
1.884268800499999998e+03
1.871408352500000092e+03
1.858224160499999925e+03
1.845338200500000085e+03
1.832052030000000059e+03
1.819532493500000101e+03
1.806862102000000050e+03
1.793950094000000036e+03
1.781334615499999927e+03
1.769007917500000076e+03
1.756325475500000039e+03
1.743763547999999901e+03
1.731134596500000043e+03
1.718762524499999927e+03
1.706392641500000082e+03
1.694080045500000097e+03
1.681966075000000046e+03
1.669903796499999999e+03
1.657267343499999924e+03
1.645327931999999919e+03
1.632555420500000082e+03
1.620921518999999989e+03
1.608785157499999968e+03
1.596943067500000097e+03
1.584799290500000097e+03
1.572682060500000034e+03
1.560746131500000047e+03
1.549402239999999892e+03
1.537648198999999977e+03
1.525584961499999963e+03
1.513676204000000098e+03
1.501931256000000076e+03
1.490378126000000066e+03
1.478287967499999922e+03
1.466811276500000076e+03
1.455389208000000053e+03
1.443998761999999942e+03
1.432328001999999969e+03
1.420531678000000056e+03
1.409133530000000064e+03
1.398012930000000097e+03
1.386605598999999984e+03
1.375298585000000003e+03
1.364051822500000071e+03
1.352810353500000019e+03
1.341375017999999955e+03
1.330598310000000083e+03
1.319209683000000041e+03
1.308350981499999989e+03
1.296813088999999991e+03
1.285593326500000103e+03
1.274748694500000056e+03
1.263609085499999992e+03
1.252439802500000042e+03
1.241633219499999996e+03
1.230475762499999973e+03
1.219831629000000021e+03
1.208757141999999931e+03
1.197631255999999894e+03
1.186792546500000071e+03
1.176011277000000064e+03
1.164888893999999937e+03
1.154447912500000029e+03
1.143484106999999995e+03
1.132773376500000040e+03
1.122095669499999985e+03
1.111401417000000038e+03
1.100858604999999898e+03
1.090218141500000002e+03
1.079537267500000098e+03
1.068725679500000069e+03
1.058103581000000077e+03
1.047520003500000030e+03
1.037058915500000012e+03
1.026562750499999993e+03
1.016070815000000039e+03
1.005797280999999998e+03
9.956069545000000289e+02
9.848285955000000058e+02
9.743035294999999678e+02
9.644969469999999774e+02
9.540301709999999957e+02
9.435765334999999823e+02
9.330286455000000387e+02
9.227373290000000452e+02
9.126878705000000309e+02
9.024748935000000074e+02
8.922423444999999447e+02
8.821879129999999805e+02
8.718371290000000045e+02
8.614741030000000137e+02
8.511912099999999555e+02
8.410152140000000145e+02
8.306171329999999671e+02
8.206006975000000239e+02
8.106450724999999693e+02
8.006739169999999604e+02
7.903586470000000190e+02
7.799465615000000298e+02
7.702627670000000535e+02
7.604231385000000500e+02
7.503401049999999941e+02
7.402532165000000077e+02
7.307279604999999947e+02
7.203195785000000342e+02
7.106605664999999590e+02
7.007451585000000023e+02
6.909683625000000120e+02
6.811330169999999953e+02
6.712922839999999951e+02
6.614239549999999781e+02
6.516586350000000039e+02
6.418650730000000522e+02
6.319714989999999943e+02
6.222305840000000217e+02
6.121719279999999799e+02
6.022940029999999751e+02
5.927351254999999810e+02
5.831284235000000535e+02
5.735176075000000537e+02
5.637684705000000349e+02
5.541123730000000478e+02
5.445353914999999461e+02
5.348432440000000270e+02
5.250841275000000223e+02
5.154742350000000215e+02
5.057113605000000121e+02
4.960990755000000263e+02
4.865744554999999991e+02
4.770230515000000082e+02
4.676223929999999882e+02
4.579417000000000257e+02
4.483514989999999898e+02
4.390996030000000019e+02
4.294551440000000184e+02
4.197455304999999726e+02
4.103221775000000093e+02
4.006996839999999906e+02
3.913992814999999723e+02
3.820203020000000151e+02
3.726592954999999847e+02
3.632305539999999837e+02
3.538438904999999863e+02
3.443808589999999867e+02
3.350071075000000178e+02
3.256502725000000282e+02
3.163509900000000243e+02
3.070161160000000109e+02
2.975976575000000253e+02
2.882909750000000031e+02
2.790551550000000134e+02
2.697286710000000198e+02
2.605495440000000258e+02
2.512529384999999991e+02
2.419643399999999929e+02
2.327838069999999959e+02
2.234979664999999898e+02
2.141611420000000123e+02
2.048455524999999966e+02
1.955261835000000019e+02
1.863593539999999962e+02
1.772708800000000053e+02
1.679986509999999953e+02
1.589766459999999881e+02
1.497929689999999994e+02
1.407404400000000066e+02
1.314509355000000141e+02
1.222663679999999999e+02
1.132752839999999992e+02
1.041183719999999937e+02
9.493238350000000025e+01
8.588918900000000178e+01
7.678904900000000566e+01
6.775050950000000682e+01
5.869202400000000353e+01
4.967638949999999909e+01
4.064889550000000185e+01
3.165263149999999825e+01
2.265067850000000149e+01
1.362597949999999969e+01
4.540133499999999600e+00
L=10.0,N=1500,T=1.0,r=0.118,eta=0.6561530416287641,t=24791.581192970276s