0.000000000000000000e+00
0.000000000000000000e+00
0.000000000000000000e+00
0.000000000000000000e+00
0.000000000000000000e+00
0.000000000000000000e+00
0.000000000000000000e+00
0.000000000000000000e+00
0.000000000000000000e+00
0.000000000000000000e+00
0.000000000000000000e+00
0.000000000000000000e+00
0.000000000000000000e+00
0.000000000000000000e+00
0.000000000000000000e+00
0.000000000000000000e+00
0.000000000000000000e+00
0.000000000000000000e+00
0.000000000000000000e+00
0.000000000000000000e+00
0.000000000000000000e+00
0.000000000000000000e+00
0.000000000000000000e+00
0.000000000000000000e+00
0.000000000000000000e+00
0.000000000000000000e+00
0.000000000000000000e+00
0.000000000000000000e+00
0.000000000000000000e+00
0.000000000000000000e+00
0.000000000000000000e+00
0.000000000000000000e+00
0.000000000000000000e+00
0.000000000000000000e+00
1.181749999999999988e-02
1.186470000000000025e-01
3.158055000000000168e-01
5.743004999999999916e-01
8.872849999999999904e-01
1.255613000000000090e+00
1.674712500000000048e+00
2.139873000000000136e+00
2.657925500000000163e+00
3.231447999999999876e+00
3.884882000000000168e+00
6.099817600000000084e+01
7.897073650000000100e+01
7.725912549999999612e+01
7.555150500000000591e+01
7.386165300000000400e+01
7.218926849999999718e+01
7.060542649999999298e+01
6.907898950000000582e+01
6.767280499999999677e+01
6.637133049999999912e+01
6.528265799999999786e+01
6.460144099999999412e+01
6.368626150000000052e+01
6.258430750000000131e+01
6.152268999999999721e+01
6.051250050000000158e+01
5.957465349999999660e+01
5.868557450000000131e+01
5.786271200000000192e+01
5.708630899999999997e+01
5.640964000000000311e+01
5.577745000000000175e+01
5.521062899999999729e+01
5.466818450000000240e+01
5.415822550000000035e+01
5.368244899999999831e+01
5.329345800000000111e+01
5.296027149999999750e+01
5.268752949999999657e+01
5.247471050000000048e+01
5.236036000000000001e+01
5.228314000000000306e+01
5.228792150000000305e+01
5.240831450000000302e+01
5.260827950000000186e+01
5.287513150000000195e+01
5.327768549999999692e+01
5.378679499999999791e+01
5.441982250000000221e+01
5.519661550000000005e+01
5.614722499999999883e+01
5.719805900000000065e+01
5.848807450000000330e+01
5.995139050000000225e+01
6.170622949999999918e+01
6.393266849999999835e+01
6.662826549999999770e+01
6.917425849999999343e+01
7.151026249999999607e+01
7.366519649999999331e+01
7.561963350000000617e+01
7.744786000000000570e+01
7.910631150000000389e+01
8.061331649999999627e+01
8.199937549999999931e+01
8.328745999999999583e+01
8.446639899999999557e+01
8.553570349999999678e+01
8.655659599999999898e+01
8.746235699999999724e+01
8.827629749999999831e+01
8.905504899999999679e+01
8.974774949999999762e+01
9.038914400000000171e+01
9.098268799999999601e+01
9.150436650000000327e+01
9.198039749999999515e+01
9.245083099999999376e+01
9.287166849999999840e+01
9.329709750000000668e+01
9.369191100000000461e+01
9.404750850000000639e+01
9.441770049999999515e+01
9.476716700000000060e+01
9.510904100000000483e+01
9.545571250000000418e+01
9.582105049999999835e+01
9.623314150000000211e+01
9.659285149999999476e+01
9.701976500000000669e+01
9.742627199999999732e+01
9.788370749999999987e+01
9.836858750000000384e+01
9.890323399999999765e+01
9.948128549999999848e+01
1.000590490000000017e+02
1.006952919999999949e+02
1.013724615000000000e+02
1.021323059999999998e+02
1.029001569999999930e+02
1.037177855000000051e+02
1.046021144999999990e+02
1.055355289999999968e+02
1.065202005000000014e+02
1.074945555000000041e+02
1.085087529999999987e+02
1.095102959999999968e+02
1.105297975000000008e+02
1.115471704999999929e+02
1.125819915000000009e+02
1.136053629999999970e+02
1.146080225000000041e+02
1.156255615000000034e+02
1.166342434999999966e+02
1.175934435000000065e+02
1.185710344999999961e+02
1.195450050000000033e+02
1.204491539999999929e+02
1.213167095000000018e+02
1.222689220000000034e+02
1.231189339999999959e+02
1.239532269999999983e+02
1.247850679999999954e+02
1.255889820000000014e+02
1.264008604999999932e+02
1.271835834999999975e+02
1.279268419999999935e+02
1.286998935000000017e+02
1.294131414999999947e+02
1.301426125000000127e+02
1.308555555000000084e+02
1.315789130000000000e+02
1.322800959999999861e+02
1.329512540000000058e+02
1.336452089999999941e+02
1.343135105000000067e+02
1.350213219999999978e+02
1.357007274999999993e+02
1.363733389999999872e+02
1.370719100000000026e+02
1.377521549999999877e+02
1.384309785000000090e+02
1.391544179999999926e+02
1.398766034999999874e+02
1.405970649999999864e+02
1.413401814999999999e+02
1.420501849999999990e+02
1.427960319999999967e+02
1.435550634999999886e+02
1.442950120000000140e+02
1.451070755000000077e+02
1.459129575000000045e+02
1.466734705000000076e+02
1.474966364999999939e+02
1.483082960000000128e+02
1.491113105000000019e+02
1.499191859999999963e+02
1.507589360000000056e+02
1.515521960000000092e+02
1.523861430000000041e+02
1.532464040000000125e+02
1.540729875000000106e+02
1.549410604999999919e+02
1.557061134999999865e+02
1.565480640000000108e+02
1.574092274999999859e+02
1.582565104999999903e+02
1.590472440000000063e+02
1.598611014999999895e+02
1.606701635000000010e+02
1.614938955000000078e+02
1.622742025000000012e+02
1.631187520000000006e+02
1.639124769999999955e+02
1.647256055000000003e+02
1.655137180000000114e+02
1.663020114999999919e+02
1.670971969999999942e+02
1.678810049999999876e+02
1.686243064999999888e+02
1.694203599999999881e+02
1.702049634999999910e+02
1.709872959999999864e+02
1.717232559999999921e+02
1.724969749999999920e+02
1.732712009999999907e+02
1.740030360000000087e+02
1.747946665000000053e+02
1.755426774999999964e+02
1.763310224999999889e+02
1.770810909999999865e+02
1.778569545000000005e+02
1.786346929999999986e+02
1.793810660000000041e+02
1.801623554999999897e+02
1.809620759999999962e+02
1.816976070000000050e+02
1.824473169999999982e+02
1.832498640000000023e+02
1.840020355000000052e+02
1.847836440000000096e+02
1.855930715000000077e+02
1.863725689999999986e+02
1.871521920000000136e+02
1.879458595000000116e+02
1.887230179999999962e+02
1.894971055000000035e+02
1.902896959999999922e+02
1.910900819999999953e+02
1.919005045000000109e+02
1.927108220000000074e+02
1.935096645000000137e+02
1.942643730000000062e+02
1.950846914999999910e+02
1.958421945000000051e+02
1.966536094999999875e+02
1.974589285000000132e+02
1.982082230000000038e+02
1.990301780000000065e+02
1.998557610000000011e+02
2.006185549999999864e+02
2.014225849999999980e+02
2.022302055000000109e+02
2.030344245000000001e+02
2.037741655000000094e+02
2.045597505000000069e+02
2.053442394999999863e+02
2.061806914999999947e+02
2.068886945000000139e+02
2.077045474999999897e+02
2.085204645000000028e+02
2.093162250000000029e+02
2.100600009999999997e+02
2.108272755000000132e+02
2.116206239999999923e+02
2.124137090000000114e+02
2.131938110000000108e+02
2.139834175000000016e+02
2.147658084999999915e+02
2.155254135000000133e+02
2.163571540000000084e+02
2.171172065000000089e+02
2.178964735000000132e+02
2.186527690000000064e+02
2.194428215000000080e+02
2.202181464999999889e+02
2.210260890000000131e+02
2.217739679999999964e+02
2.225708065000000033e+02
2.233470419999999876e+02
2.241181510000000117e+02
2.249372434999999939e+02
2.257344285000000070e+02
2.265209265000000016e+02
2.272848559999999907e+02
2.281038335000000075e+02
2.288988814999999875e+02
2.296547109999999918e+02
2.304212599999999895e+02
2.311965289999999982e+02
2.319817004999999881e+02
2.327802489999999977e+02
2.335764489999999967e+02
2.343587640000000079e+02
2.351529994999999928e+02
2.359165504999999996e+02
2.367329090000000065e+02
2.375352185000000134e+02
2.382971325000000036e+02
2.390691579999999874e+02
2.398598279999999932e+02
2.406960679999999968e+02
2.414477975000000072e+02
2.422285055000000114e+02
2.430062484999999981e+02
2.438003464999999892e+02
2.445684224999999969e+02
2.453585255000000132e+02
2.461005499999999984e+02
2.469397235000000137e+02
2.477342035000000067e+02
2.485032694999999876e+02
2.493606854999999882e+02
2.501056020000000046e+02
2.508550879999999950e+02
2.516948960000000000e+02
2.524583480000000009e+02
2.532149520000000109e+02
2.540064894999999865e+02
2.547881509999999992e+02
2.555262390000000039e+02
2.563970029999999838e+02
2.571402090000000271e+02
2.579180304999999862e+02
2.587102060000000279e+02
2.595060139999999933e+02
2.602760440000000131e+02
2.610583115000000021e+02
2.618586384999999837e+02
2.626168569999999818e+02
2.634425800000000208e+02
2.641824785000000020e+02
2.649607035000000224e+02
2.657581079999999929e+02
2.665595744999999965e+02
2.673202640000000088e+02
2.681384924999999839e+02
2.689055544999999938e+02
2.696474274999999921e+02
2.704752354999999966e+02
2.712606569999999806e+02
2.720282690000000230e+02
2.728516220000000203e+02
2.736284355000000232e+02
2.743814259999999763e+02
2.751780519999999797e+02
2.759497175000000198e+02
2.767804444999999873e+02
2.775839374999999905e+02
2.783239270000000261e+02
2.791396439999999757e+02
2.799035155000000259e+02
2.806428989999999999e+02
2.814524635000000217e+02
2.822525254999999902e+02
2.830389255000000048e+02
2.838218775000000278e+02
2.846093814999999836e+02
2.854147535000000175e+02
2.861959524999999758e+02
2.869711545000000115e+02
2.877916594999999802e+02
2.885814399999999864e+02
2.893181114999999863e+02
2.901310945000000174e+02
2.909217469999999821e+02
2.916810489999999731e+02
2.924732304999999997e+02
2.932760030000000029e+02
2.940442125000000146e+02
2.948764714999999796e+02
2.955969015000000013e+02
2.964282939999999940e+02
2.972041854999999941e+02
2.979643120000000067e+02
2.987680434999999761e+02
2.995914940000000115e+02
3.003398730000000114e+02
3.010999704999999835e+02
3.019059695000000261e+02
3.026412490000000162e+02
3.034883034999999722e+02
3.042352804999999876e+02
3.050234355000000050e+02
3.058093455000000063e+02
3.066126390000000015e+02
3.073573789999999804e+02
3.081366975000000252e+02
3.089206990000000133e+02
3.097395750000000021e+02
3.105360805000000255e+02
3.113198615000000018e+02
3.120967294999999808e+02
3.128795039999999972e+02
3.137158564999999726e+02
3.143946235000000229e+02
3.152291000000000167e+02
3.159569880000000239e+02
3.168152155000000221e+02
3.175680310000000190e+02
3.184002980000000207e+02
3.191679465000000278e+02
3.199171015000000011e+02
3.207479299999999967e+02
3.215217030000000022e+02
3.223035269999999741e+02
3.230692215000000260e+02
3.238854180000000156e+02
3.246846509999999739e+02
3.253996455000000196e+02
3.262088145000000168e+02
3.270480284999999867e+02
3.278348679999999717e+02
3.286304385000000252e+02
3.293685914999999795e+02
3.301276960000000145e+02
3.309530124999999998e+02
3.317355170000000157e+02
3.325017250000000217e+02
3.333241570000000138e+02
3.340846809999999891e+02
3.348822994999999878e+02
3.357149299999999812e+02
3.364717024999999921e+02
3.372077704999999810e+02
3.380377790000000005e+02
3.387855390000000284e+02
3.396188955000000078e+02
3.403839585000000056e+02
3.411267740000000117e+02
3.419810024999999882e+02
3.427174244999999928e+02
3.435395530000000122e+02
3.443007984999999849e+02
3.450944349999999758e+02
3.458369534999999928e+02
3.466488079999999741e+02
3.474109240000000227e+02
3.481916365000000155e+02
3.489932890000000043e+02
3.497334394999999745e+02
3.505550739999999905e+02
3.513123090000000275e+02
3.521312429999999836e+02
3.528931165000000192e+02
3.537183734999999842e+02
3.544671304999999961e+02
3.552654719999999884e+02
3.560304504999999722e+02
3.568188025000000039e+02
3.575891654999999787e+02
3.584471760000000131e+02
3.592062915000000203e+02
3.599601979999999912e+02
3.608151129999999966e+02
3.615315659999999980e+02
3.624106639999999970e+02
3.631116645000000176e+02
3.639024350000000254e+02
3.647285534999999754e+02
3.655149895000000129e+02
3.662730884999999716e+02
3.670698145000000068e+02
3.678610530000000267e+02
3.686597515000000271e+02
3.694549114999999802e+02
3.702050864999999931e+02
3.709971634999999992e+02
3.717771384999999782e+02
3.725752570000000219e+02
3.733481869999999958e+02
3.741745040000000131e+02
3.749098624999999743e+02
3.756890225000000214e+02
3.765049789999999916e+02
3.772486460000000079e+02
3.780849099999999794e+02
3.788009124999999813e+02
3.796469614999999749e+02
3.804373694999999884e+02
3.812183345000000259e+02
3.819700649999999769e+02
3.827725179999999909e+02
3.835221859999999765e+02
3.843295024999999896e+02
3.850797064999999861e+02
3.858546029999999973e+02
3.867071159999999850e+02
3.874530229999999733e+02
3.882092489999999998e+02
3.890098345000000108e+02
3.897984855000000266e+02
3.905640799999999899e+02
3.913796399999999949e+02
3.921873610000000099e+02
3.930086845000000153e+02
3.937327849999999785e+02
3.945701609999999846e+02
3.953561869999999772e+02
3.961195529999999962e+02
3.968908799999999815e+02
3.976774255000000267e+02
3.984251155000000040e+02
3.992209339999999997e+02
4.000596464999999853e+02
4.008598339999999780e+02
4.016365319999999883e+02
4.023711749999999938e+02
4.031633370000000127e+02
4.039419839999999908e+02
4.047553244999999720e+02
4.055439860000000181e+02
4.063557260000000042e+02
4.071129695000000197e+02
4.078826864999999771e+02
4.086814894999999979e+02
4.095001540000000091e+02
4.101946469999999749e+02
4.110548155000000179e+02
4.118256625000000213e+02
4.126000485000000140e+02
4.133697480000000155e+02
4.141971829999999954e+02
4.149613734999999792e+02
4.157397614999999860e+02
4.165395710000000236e+02
4.173405290000000036e+02
4.181202599999999734e+02
4.188814295000000243e+02
4.197360585000000128e+02
4.204745164999999929e+02
4.212370349999999917e+02
4.220051450000000273e+02
4.228525339999999915e+02
4.235348579999999856e+02
4.243461710000000267e+02
4.251177319999999895e+02
4.258815744999999993e+02
4.266693730000000073e+02
4.274960219999999822e+02
4.283250125000000139e+02
4.290692740000000072e+02
4.298775795000000244e+02
4.306934430000000020e+02
4.314325019999999995e+02
4.322429720000000088e+02
4.329944894999999860e+02
4.337878375000000233e+02
4.345964104999999904e+02
4.354094779999999787e+02
4.361809455000000071e+02
4.369235034999999812e+02
4.377168199999999842e+02
4.385477015000000165e+02
4.392710334999999873e+02
4.400779019999999946e+02
4.409046584999999823e+02
4.416437634999999773e+02
4.424599850000000174e+02
4.432752239999999802e+02
4.440461660000000279e+02
4.447643345000000181e+02
4.455721760000000131e+02
4.464298989999999776e+02
4.471048885000000155e+02
4.479345855000000256e+02
4.487281505000000266e+02
4.494906384999999887e+02
4.503061154999999758e+02
4.510866644999999835e+02
4.518446534999999926e+02
4.526387374999999906e+02
4.534498834999999985e+02
4.542233095000000276e+02
4.550126389999999788e+02
4.557507880000000000e+02
4.565442840000000047e+02
4.573680390000000102e+02
4.581264775000000213e+02
4.589789969999999926e+02
4.597044999999999959e+02
4.604247414999999819e+02
4.612879715000000260e+02
4.620466294999999946e+02
4.628102319999999850e+02
4.636108484999999746e+02
4.644467859999999746e+02
4.651986319999999751e+02
4.659597014999999942e+02
4.667795164999999997e+02
4.675449530000000209e+02
4.683472300000000246e+02
4.691754169999999817e+02
4.698941189999999892e+02
4.706941335000000208e+02
4.715076999999999998e+02
4.722969840000000090e+02
4.730975884999999721e+02
4.738864854999999920e+02
4.746361585000000218e+02
4.754087935000000016e+02
4.762304925000000253e+02
4.769906124999999975e+02
4.777225644999999759e+02
4.785445184999999810e+02
4.793391010000000279e+02
4.801473594999999932e+02
4.809271664999999985e+02
4.817467960000000176e+02
4.824934885000000122e+02
4.832806540000000268e+02
4.841093490000000088e+02
4.848828159999999912e+02
4.856269735000000196e+02
4.864037789999999859e+02
4.872023735000000215e+02
4.879839954999999918e+02
4.888017454999999813e+02
4.895478335000000243e+02
4.903786479999999983e+02
4.911448520000000144e+02
4.919309655000000134e+02
4.926778259999999818e+02
4.935176005000000146e+02
4.942447824999999852e+02
4.950472444999999766e+02
4.958605304999999817e+02
4.965975609999999847e+02
4.973724109999999996e+02
4.981472615000000133e+02
4.989538375000000201e+02
4.997193575000000010e+02
5.005441539999999918e+02
5.013295484999999871e+02
5.021431744999999864e+02
5.028780219999999872e+02
5.036771029999999882e+02
5.044373224999999934e+02
5.052471059999999738e+02
5.059700614999999857e+02
5.068447780000000193e+02
5.076226805000000013e+02
5.083583550000000173e+02
5.091799839999999904e+02
5.099874024999999733e+02
5.107172640000000001e+02
5.115227639999999951e+02
5.123297165000000177e+02
5.130850739999999632e+02
5.138874295000000529e+02
5.146450995000000148e+02
5.154816980000000513e+02
5.162261200000000372e+02
5.170047905000000128e+02
5.177929894999999760e+02
5.186041424999999663e+02
5.194490279999999984e+02
5.201423105000000078e+02
5.209421135000000049e+02
5.217526709999999639e+02
5.225266215000000329e+02
5.233026965000000246e+02
5.241204605000000356e+02
5.249408124999999927e+02
5.257292330000000220e+02
5.265273310000000038e+02
5.272404864999999745e+02
5.280368965000000117e+02
5.288439234999999599e+02
5.296391814999999497e+02
5.303827830000000176e+02
5.312290685000000394e+02
5.319732384999999795e+02
5.327535800000000563e+02
5.335057864999999993e+02
5.342241999999999962e+02
5.350945315000000164e+02
5.358318160000000034e+02
5.367018600000000106e+02
5.374872125000000551e+02
5.382655700000000252e+02
5.390000274999999874e+02
5.398199710000000096e+02
5.405820874999999432e+02
5.413768959999999879e+02
5.421056869999999890e+02
5.429134119999999939e+02
5.436517599999999675e+02
5.445099790000000439e+02
5.452678045000000111e+02
5.460720165000000179e+02
5.468317939999999453e+02
5.476019440000000031e+02
5.484145344999999452e+02
5.492482599999999593e+02
5.499738109999999551e+02
5.507337810000000218e+02
5.515719729999999572e+02
5.524164409999999634e+02
5.531050529999999981e+02
5.539785114999999678e+02
5.547441559999999754e+02
5.342696210000000292e+02
5.120714255000000321e+02
4.988663629999999785e+02
4.884854910000000245e+02
4.795653864999999882e+02
4.717555229999999824e+02
4.646533395000000155e+02
4.581960879999999747e+02
4.521602834999999914e+02
4.464909625000000233e+02
4.411758244999999761e+02
4.361080549999999789e+02
4.312594399999999837e+02
4.266170364999999833e+02
4.221734955000000014e+02
4.179543525000000272e+02
4.137966824999999744e+02
4.098374375000000214e+02
4.060258764999999812e+02
4.022611355000000231e+02
3.985889290000000074e+02
3.950886939999999754e+02
3.915371339999999805e+02
3.882101824999999735e+02
3.849336475000000064e+02
3.817411319999999932e+02
3.786280815000000075e+02
3.755826364999999782e+02
3.724800930000000108e+02
3.695701910000000225e+02
3.666700260000000071e+02
3.638371960000000058e+02
3.610008015000000228e+02
3.582402175000000284e+02
3.555143855000000030e+02
3.528596974999999816e+02
3.502328595000000178e+02
3.476606214999999906e+02
3.451513459999999895e+02
3.426149745000000166e+02
3.401231925000000160e+02
3.376792295000000195e+02
3.352539550000000190e+02
3.329104790000000094e+02
3.305268040000000269e+02
3.282253430000000094e+02
3.259324540000000070e+02
3.236309724999999844e+02
3.213853985000000080e+02
3.191704159999999888e+02
3.169893460000000118e+02
3.147770054999999729e+02
3.126555705000000103e+02
3.105599139999999920e+02
3.084669524999999908e+02
3.063450000000000273e+02
3.042688585000000216e+02
3.022139789999999948e+02
3.001412315000000035e+02
2.982111115000000154e+02
2.961962960000000180e+02
2.942553374999999960e+02
2.922502370000000269e+02
2.903223550000000159e+02
2.884380679999999870e+02
2.864933824999999956e+02
2.846056159999999977e+02
2.827160034999999993e+02
2.808453205000000139e+02
2.789929530000000000e+02
2.771554110000000151e+02
2.753838739999999916e+02
2.735430514999999900e+02
2.716991474999999809e+02
2.699722954999999729e+02
2.681818165000000249e+02
2.664137860000000160e+02
2.646671984999999836e+02
2.629026049999999941e+02
2.612048750000000155e+02
2.594854950000000144e+02
2.577860890000000040e+02
2.560691860000000020e+02
2.543793254999999931e+02
2.527431775000000016e+02
2.510874709999999936e+02
2.494028585000000078e+02
2.477611489999999890e+02
2.461604514999999935e+02
2.445172765000000084e+02
2.428559804999999869e+02
2.412467340000000036e+02
2.396758989999999869e+02
2.381376124999999888e+02
2.364951010000000053e+02
2.349536965000000066e+02
2.334163685000000044e+02
2.317932145000000048e+02
2.302611609999999871e+02
2.287280604999999980e+02
2.271779270000000110e+02
2.256533594999999934e+02
2.241660694999999919e+02
2.226511889999999880e+02
2.211268139999999960e+02
2.196192824999999971e+02
2.181457415000000140e+02
2.166656304999999918e+02
2.151596304999999916e+02
2.136798149999999907e+02
2.122533520000000067e+02
2.107672019999999975e+02
2.093156730000000039e+02
2.078278034999999875e+02
2.064069215000000099e+02
2.050023979999999995e+02
2.035331219999999917e+02
2.021140399999999886e+02
2.007072234999999978e+02
1.992944610000000125e+02
1.978770609999999976e+02
1.964610999999999876e+02
1.951033419999999978e+02
1.937165850000000091e+02
1.922656929999999988e+02
1.909337510000000009e+02
1.895578439999999887e+02
1.881652574999999956e+02
1.868007125000000030e+02
1.854516549999999881e+02
1.840781910000000039e+02
1.827268579999999929e+02
1.814012160000000051e+02
1.800151749999999993e+02
1.787230465000000095e+02
1.773715185000000076e+02
1.760309834999999907e+02
1.747177524999999889e+02
1.733845750000000123e+02
1.720518999999999892e+02
1.707489285000000052e+02
1.694451669999999979e+02
1.681512094999999931e+02
1.668436294999999916e+02
1.655157095000000140e+02
1.642426910000000078e+02
1.629534784999999886e+02
1.616689634999999896e+02
1.603699535000000083e+02
1.591051004999999918e+02
1.578375369999999975e+02
1.565906610000000114e+02
1.552994804999999872e+02
1.540743505000000084e+02
1.527967125000000124e+02
1.514913410000000056e+02
1.502486570000000086e+02
1.490311120000000074e+02
1.477735000000000127e+02
1.464963559999999916e+02
1.452704904999999940e+02
1.440199105000000088e+02
1.427969894999999951e+02
1.416034190000000024e+02
1.403286924999999883e+02
1.391090480000000014e+02
1.379148959999999988e+02
1.366899569999999926e+02
1.354842519999999979e+02
1.342707640000000140e+02
1.330454895000000022e+02
1.318306589999999971e+02
1.306342305000000010e+02
1.293877124999999921e+02
1.282403930000000116e+02
1.270270600000000059e+02
1.258450715000000031e+02
1.246630454999999955e+02
1.234754080000000016e+02
1.222885729999999995e+02
1.211185945000000004e+02
1.199287604999999957e+02
1.187282505000000015e+02
1.175504600000000011e+02
1.163902664999999956e+02
1.152264179999999953e+02
1.140720680000000016e+02
1.128876560000000069e+02
1.117324780000000004e+02
1.105540725000000037e+02
1.094009329999999949e+02
1.082523730000000057e+02
1.070692324999999983e+02
1.059239144999999951e+02
1.047650684999999982e+02
1.036130749999999949e+02
1.025003760000000028e+02
1.013608514999999954e+02
1.002251804999999933e+02
9.907536550000000375e+01
9.793112650000000485e+01
9.680678050000000212e+01
9.566567799999999977e+01
9.453898949999999957e+01
9.342540700000000697e+01
9.229709800000000541e+01
9.116254200000000196e+01
9.004385050000000490e+01
8.894451899999999966e+01
8.781020200000000386e+01
8.669805750000000444e+01
8.558834000000000231e+01
8.448217350000000181e+01
8.338599750000000199e+01
8.227455100000000243e+01
8.117214400000000296e+01
8.004854400000000680e+01
7.895831750000000682e+01
7.784375500000000159e+01
7.674686649999999588e+01
7.562934549999999945e+01
7.453638549999999441e+01
7.344951650000000143e+01
7.237140150000000460e+01
7.126449150000000543e+01
7.020097549999999842e+01
6.910350800000000504e+01
6.801828249999999798e+01
6.694159550000000536e+01
6.584582799999999736e+01
6.476914949999999749e+01
6.369029299999999694e+01
6.258411300000000210e+01
6.153489650000000211e+01
6.046935549999999893e+01
5.937923349999999800e+01
5.832428749999999695e+01
5.724891050000000092e+01
5.619315350000000109e+01
5.511349849999999861e+01
5.404285600000000045e+01
5.298488249999999766e+01
5.192863950000000273e+01
5.086526450000000210e+01
4.981806550000000300e+01
4.875566599999999795e+01
4.769260299999999830e+01
4.664904800000000051e+01
4.560562500000000341e+01
4.452075150000000292e+01
4.347981349999999878e+01
4.242472149999999687e+01
4.139988550000000345e+01
4.034828699999999913e+01
3.930860599999999749e+01
3.826070250000000073e+01
3.721602699999999686e+01
3.617935250000000025e+01
3.514270750000000021e+01
3.409423149999999936e+01
3.306548750000000325e+01
3.203779250000000189e+01
3.098791900000000155e+01
2.995406750000000073e+01
2.892220599999999919e+01
2.790667200000000037e+01
2.685509649999999837e+01
2.583570800000000034e+01
2.481170549999999864e+01
2.378276149999999944e+01
2.276982250000000008e+01
2.174508850000000137e+01
2.071842150000000160e+01
1.969071399999999983e+01
1.867185449999999847e+01
1.766118499999999969e+01
1.663774450000000016e+01
1.561615300000000062e+01
1.460333600000000054e+01
1.359708799999999940e+01
1.257622800000000041e+01
1.156289199999999973e+01
1.054528499999999980e+01
9.541026999999999703e+00
8.533615499999999798e+00
7.531548500000000423e+00
6.521136499999999891e+00
5.513478000000000101e+00
4.506070000000000242e+00
3.504936499999999899e+00
2.503830999999999918e+00
1.501828500000000011e+00
4.980275000000000118e-01
L=10.0,N=500,T=1.0,r=0.16,eta=0.40212385965949354,t=2885.1154239177704s