0.000000000000000000e+00
0.000000000000000000e+00
0.000000000000000000e+00
0.000000000000000000e+00
0.000000000000000000e+00
0.000000000000000000e+00
0.000000000000000000e+00
0.000000000000000000e+00
0.000000000000000000e+00
0.000000000000000000e+00
0.000000000000000000e+00
0.000000000000000000e+00
0.000000000000000000e+00
0.000000000000000000e+00
0.000000000000000000e+00
0.000000000000000000e+00
0.000000000000000000e+00
0.000000000000000000e+00
0.000000000000000000e+00
0.000000000000000000e+00
0.000000000000000000e+00
0.000000000000000000e+00
0.000000000000000000e+00
0.000000000000000000e+00
0.000000000000000000e+00
0.000000000000000000e+00
0.000000000000000000e+00
0.000000000000000000e+00
0.000000000000000000e+00
0.000000000000000000e+00
0.000000000000000000e+00
0.000000000000000000e+00
0.000000000000000000e+00
0.000000000000000000e+00
2.412500000000000061e-02
2.338544999999999929e-01
6.036059999999999759e-01
1.087506000000000084e+00
1.655144500000000019e+00
2.311718500000000009e+00
3.038680999999999965e+00
3.827408000000000143e+00
4.703426000000000329e+00
5.667660500000000212e+00
6.751691000000000109e+00
1.100101145000000002e+02
1.400862620000000049e+02
1.344111274999999921e+02
1.289103529999999864e+02
1.235883690000000001e+02
1.185676315000000045e+02
1.138354470000000020e+02
1.094308970000000016e+02
1.053541115000000019e+02
1.016470960000000048e+02
9.834172800000000336e+01
9.591150199999999870e+01
9.321853699999999776e+01
9.027531050000000334e+01
8.750692300000000046e+01
8.495090500000000588e+01
8.252535749999999837e+01
8.030244849999999701e+01
7.827694449999999904e+01
7.643163549999999873e+01
7.474028649999999629e+01
7.324171450000000050e+01
7.190130600000000527e+01
7.064729499999999973e+01
6.948946399999999812e+01
6.849308449999999482e+01
6.762883100000000525e+01
6.690746099999999785e+01
6.637896150000000262e+01
6.598851700000000164e+01
6.577424849999999878e+01
6.572650600000000054e+01
6.588850899999999911e+01
6.621658449999999618e+01
6.679368999999999801e+01
6.763139250000000402e+01
6.866536800000000085e+01
7.005666850000000068e+01
7.166938199999999881e+01
7.362786749999999358e+01
7.589589150000000473e+01
7.848496849999999370e+01
8.151242000000000587e+01
8.495249549999999772e+01
8.901761199999999974e+01
9.425614099999999951e+01
1.006107020000000034e+02
1.062538100000000014e+02
1.111251170000000030e+02
1.153421785000000028e+02
1.189952245000000062e+02
1.220262124999999997e+02
1.246142294999999933e+02
1.267876215000000002e+02
1.286453485000000114e+02
1.301128710000000126e+02
1.313357394999999883e+02
1.323607509999999934e+02
1.331238449999999887e+02
1.337010814999999866e+02
1.340571835000000078e+02
1.342903980000000104e+02
1.344174040000000048e+02
1.344052844999999934e+02
1.343392974999999865e+02
1.342437520000000006e+02
1.340335699999999974e+02
1.338427570000000060e+02
1.335846070000000054e+02
1.333698400000000106e+02
1.331485125000000096e+02
1.329409395000000131e+02
1.327556265000000053e+02
1.326641084999999975e+02
1.326050769999999943e+02
1.325776920000000132e+02
1.326959429999999998e+02
1.328754189999999937e+02
1.330989055000000008e+02
1.334757009999999866e+02
1.339614829999999870e+02
1.345664229999999861e+02
1.353216229999999882e+02
1.361977709999999888e+02
1.371878194999999891e+02
1.383807270000000074e+02
1.396513290000000040e+02
1.411394094999999993e+02
1.427203389999999956e+02
1.444213479999999947e+02
1.463218080000000043e+02
1.483351350000000082e+02
1.504361849999999947e+02
1.525876169999999945e+02
1.548109125000000006e+02
1.569649504999999863e+02
1.591096044999999890e+02
1.611947879999999884e+02
1.632657414999999901e+02
1.651843880000000127e+02
1.670837459999999908e+02
1.688870829999999899e+02
1.706002019999999959e+02
1.721909949999999867e+02
1.736362320000000068e+02
1.751488009999999917e+02
1.764653079999999932e+02
1.776680629999999894e+02
1.788256030000000010e+02
1.799249990000000139e+02
1.809315034999999909e+02
1.818708369999999945e+02
1.827576349999999934e+02
1.835874450000000024e+02
1.843649430000000109e+02
1.850887955000000034e+02
1.858042915000000050e+02
1.864249974999999893e+02
1.870847894999999994e+02
1.877557234999999878e+02
1.884155399999999929e+02
1.890494260000000111e+02
1.896845894999999871e+02
1.903376225000000090e+02
1.910441994999999906e+02
1.917709849999999960e+02
1.924493454999999926e+02
1.932484254999999962e+02
1.940596649999999954e+02
1.949043990000000122e+02
1.958083739999999864e+02
1.967507259999999860e+02
1.977634940000000086e+02
1.988598440000000096e+02
1.999449285000000032e+02
2.010759639999999990e+02
2.023230864999999881e+02
2.035558374999999955e+02
2.048815184999999985e+02
2.062080520000000092e+02
2.075755379999999946e+02
2.089706659999999943e+02
2.103832654999999932e+02
2.117650984999999935e+02
2.131747159999999894e+02
2.146369620000000111e+02
2.160686834999999917e+02
2.174470905000000016e+02
2.189028279999999995e+02
2.202737424999999973e+02
2.216941549999999950e+02
2.230695080000000132e+02
2.243502000000000010e+02
2.257054185000000075e+02
2.269605625000000089e+02
2.281928584999999998e+02
2.294251710000000060e+02
2.305716684999999870e+02
2.317299079999999947e+02
2.328644199999999955e+02
2.340503444999999942e+02
2.351013675000000092e+02
2.361686625000000106e+02
2.372130870000000016e+02
2.382492919999999970e+02
2.392591664999999921e+02
2.402682545000000118e+02
2.412772160000000099e+02
2.422827800000000025e+02
2.432105109999999968e+02
2.442119020000000091e+02
2.451146060000000091e+02
2.461025255000000129e+02
2.470830379999999877e+02
2.481022825000000012e+02
2.490632929999999874e+02
2.499883475000000033e+02
2.510733899999999892e+02
2.521122054999999875e+02
2.531565904999999930e+02
2.541773190000000113e+02
2.552520435000000134e+02
2.563828925000000254e+02
2.574393610000000194e+02
2.586093359999999848e+02
2.597302109999999971e+02
2.609087035000000014e+02
2.620649634999999762e+02
2.632830529999999953e+02
2.643650480000000016e+02
2.656241914999999949e+02
2.667626050000000077e+02
2.679688279999999736e+02
2.692213669999999865e+02
2.704321395000000052e+02
2.716378710000000183e+02
2.728998384999999871e+02
2.741026694999999904e+02
2.753231890000000135e+02
2.765524419999999850e+02
2.777375450000000114e+02
2.789787010000000009e+02
2.801159430000000157e+02
2.813372219999999970e+02
2.824927185000000236e+02
2.836820839999999748e+02
2.849063479999999799e+02
2.859957795000000260e+02
2.871392569999999864e+02
2.882959425000000238e+02
2.893756309999999985e+02
2.905578919999999812e+02
2.916566869999999767e+02
2.927564115000000129e+02
2.938581644999999867e+02
2.949438480000000027e+02
2.960979654999999866e+02
2.971205560000000219e+02
2.982322805000000017e+02
2.992971630000000118e+02
3.003872870000000148e+02
3.014919424999999933e+02
3.025368545000000040e+02
3.035833534999999870e+02
3.047236004999999750e+02
3.058041794999999752e+02
3.069284569999999803e+02
3.079988960000000020e+02
3.091395625000000109e+02
3.102305385000000229e+02
3.113568604999999820e+02
3.124752925000000232e+02
3.135618769999999813e+02
3.147320735000000127e+02
3.157828964999999926e+02
3.169341264999999908e+02
3.179732655000000250e+02
3.191930550000000153e+02
3.203299865000000182e+02
3.214701130000000262e+02
3.225817845000000261e+02
3.237561645000000112e+02
3.248758834999999863e+02
3.260707714999999780e+02
3.272569389999999885e+02
3.283582049999999981e+02
3.295398994999999900e+02
3.307162559999999871e+02
3.318793800000000260e+02
3.330098719999999730e+02
3.341477884999999901e+02
3.352801235000000020e+02
3.364910479999999779e+02
3.376220064999999977e+02
3.387814690000000155e+02
3.398732509999999820e+02
3.410966794999999934e+02
3.422144374999999741e+02
3.433581824999999981e+02
3.444552939999999808e+02
3.455604015000000118e+02
3.467573515000000270e+02
3.478892364999999813e+02
3.489771709999999985e+02
3.500992165000000114e+02
3.512032280000000242e+02
3.523063250000000153e+02
3.534251434999999901e+02
3.545971739999999954e+02
3.556651679999999942e+02
3.568172159999999735e+02
3.579169504999999845e+02
3.590626515000000154e+02
3.601577120000000036e+02
3.613407515000000103e+02
3.624414629999999988e+02
3.636194444999999860e+02
3.646996325000000070e+02
3.658911155000000122e+02
3.669284460000000081e+02
3.680265024999999923e+02
3.691806174999999826e+02
3.702489855000000034e+02
3.713728830000000016e+02
3.724217515000000276e+02
3.736565100000000257e+02
3.747646179999999845e+02
3.758713525000000004e+02
3.770438844999999901e+02
3.781820744999999988e+02
3.793326880000000187e+02
3.803903354999999920e+02
3.815890079999999784e+02
3.826842814999999973e+02
3.838238269999999943e+02
3.850401115000000232e+02
3.861184944999999971e+02
3.873413355000000138e+02
3.884332994999999755e+02
3.895899304999999799e+02
3.906976144999999860e+02
3.918413980000000265e+02
3.929870700000000170e+02
3.941190295000000106e+02
3.952036175000000071e+02
3.963408114999999725e+02
3.974729600000000005e+02
3.986823684999999955e+02
3.997572445000000130e+02
4.008703160000000025e+02
4.020726799999999912e+02
4.031134809999999788e+02
4.042412390000000073e+02
4.053622330000000034e+02
4.064893650000000207e+02
4.076747824999999921e+02
4.087322250000000281e+02
4.099505545000000097e+02
4.110705510000000231e+02
4.122235835000000179e+02
4.133171090000000163e+02
4.145105320000000120e+02
4.155947780000000193e+02
4.167855784999999855e+02
4.178906704999999988e+02
4.189746255000000019e+02
4.200873015000000237e+02
4.211965614999999730e+02
4.223316490000000272e+02
4.234674774999999727e+02
4.245744240000000218e+02
4.257088570000000232e+02
4.268134764999999788e+02
4.279928444999999897e+02
4.291258574999999951e+02
4.302120745000000284e+02
4.314164539999999874e+02
4.324808649999999943e+02
4.336342124999999896e+02
4.347820960000000241e+02
4.358633530000000178e+02
4.370354379999999992e+02
4.381633469999999875e+02
4.392979470000000219e+02
4.404765914999999836e+02
4.415554609999999798e+02
4.426845860000000243e+02
4.438860945000000129e+02
4.449647974999999747e+02
4.460977485000000229e+02
4.472782204999999749e+02
4.484277175000000284e+02
4.495483869999999911e+02
4.506252299999999877e+02
4.517713565000000244e+02
4.528620745000000056e+02
4.540058690000000183e+02
4.550882649999999785e+02
4.562397144999999909e+02
4.573865589999999770e+02
4.584917914999999766e+02
4.596862474999999790e+02
4.607426699999999755e+02
4.619254070000000070e+02
4.630667379999999866e+02
4.641583099999999718e+02
4.654061815000000024e+02
4.665125934999999799e+02
4.676202490000000012e+02
4.687133044999999925e+02
4.699177659999999719e+02
4.709898704999999950e+02
4.720410714999999868e+02
4.732472445000000221e+02
4.743453920000000039e+02
4.754437654999999836e+02
4.766215869999999768e+02
4.777171129999999835e+02
4.788052144999999769e+02
4.800108839999999759e+02
4.811628969999999867e+02
4.822827770000000100e+02
4.834006494999999859e+02
4.846003284999999892e+02
4.857278830000000198e+02
4.868252845000000093e+02
4.879693325000000073e+02
4.890622154999999793e+02
4.901276129999999966e+02
4.913146755000000212e+02
4.924462449999999762e+02
4.935813044999999875e+02
4.947949394999999981e+02
4.958679154999999810e+02
4.970184229999999843e+02
4.980967845000000125e+02
4.992591320000000223e+02
5.004041325000000029e+02
5.015503224999999929e+02
5.026314214999999876e+02
5.037961090000000013e+02
5.048560079999999743e+02
5.059730829999999742e+02
5.071627485000000206e+02
5.082520599999999718e+02
5.093367200000000139e+02
5.105703459999999723e+02
5.116870400000000245e+02
5.128116264999999885e+02
5.139546659999999747e+02
5.151317645000000311e+02
5.162676629999999705e+02
5.174209624999999733e+02
5.184611684999999852e+02
5.195708710000000110e+02
5.207850184999999783e+02
5.218298495000000230e+02
5.229820469999999659e+02
5.240807754999999588e+02
5.251927855000000136e+02
5.263773595000000114e+02
5.274758209999999963e+02
5.286145609999999806e+02
5.297329989999999498e+02
5.309127614999999878e+02
5.319538890000000038e+02
5.331576125000000275e+02
5.342951474999999846e+02
5.354521754999999530e+02
5.365834035000000313e+02
5.376975995000000239e+02
5.388070800000000418e+02
5.399917070000000194e+02
5.411241489999999885e+02
5.422754660000000513e+02
5.433256794999999784e+02
5.444618390000000545e+02
5.456197700000000168e+02
5.467615389999999707e+02
5.478503690000000006e+02
5.490365745000000288e+02
5.501630615000000262e+02
5.513127755000000434e+02
5.524299559999999474e+02
5.535453999999999724e+02
5.546645575000000008e+02
5.558261915000000499e+02
5.569651840000000220e+02
5.580770485000000463e+02
5.591271500000000287e+02
5.602539100000000190e+02
5.614259415000000217e+02
5.625475024999999505e+02
5.636932209999999941e+02
5.648015669999999773e+02
5.659838475000000244e+02
5.670911734999999680e+02
5.682806464999999889e+02
5.693829620000000205e+02
5.704956795000000511e+02
5.716072824999999966e+02
5.727795055000000275e+02
5.738729264999999486e+02
5.749558610000000272e+02
5.761358255000000099e+02
5.772728160000000344e+02
5.783277775000000247e+02
5.795193164999999453e+02
5.805713459999999486e+02
5.818004184999999779e+02
5.828881595000000289e+02
5.840914589999999862e+02
5.851216044999999895e+02
5.863007324999999810e+02
5.874255620000000135e+02
5.885993740000000116e+02
5.896869699999999739e+02
5.908558560000000170e+02
5.919558845000000247e+02
5.930598579999999629e+02
5.942551045000000158e+02
5.953188249999999471e+02
5.964877595000000383e+02
5.976548199999999724e+02
5.987421114999999645e+02
5.999894440000000486e+02
6.010289514999999483e+02
6.021265049999999519e+02
6.032645674999999983e+02
6.044320874999999660e+02
6.056304914999999482e+02
6.066497024999999894e+02
6.078426355000000285e+02
6.089353780000000143e+02
6.100460460000000467e+02
6.111871969999999692e+02
6.122943800000000465e+02
6.134223534999999856e+02
6.145441610000000310e+02
6.156609574999999950e+02
6.168609145000000353e+02
6.180753300000000081e+02
6.192289064999999937e+02
6.203294345000000476e+02
6.213945754999999735e+02
6.225978489999999965e+02
6.236046945000000505e+02
6.247086144999999533e+02
6.259140380000000050e+02
6.270156429999999546e+02
6.281135185000000547e+02
6.292812249999999494e+02
6.304092110000000275e+02
6.315588995000000523e+02
6.326795104999999921e+02
6.337782220000000279e+02
6.348988779999999679e+02
6.360909299999999575e+02
6.372315855000000511e+02
6.382668509999999742e+02
6.395373379999999770e+02
6.405057120000000168e+02
6.416749740000000202e+02
6.428881450000000086e+02
6.439193755000000010e+02
6.451582339999999931e+02
6.462308745000000272e+02
6.474458935000000110e+02
6.485257669999999735e+02
6.496213119999999890e+02
6.507738550000000259e+02
6.519006174999999530e+02
6.529809629999999743e+02
6.541866555000000290e+02
6.553413405000000012e+02
6.564546030000000201e+02
6.575441544999999905e+02
6.586797105000000556e+02
6.598138390000000300e+02
6.609088319999999612e+02
6.620666354999999612e+02
6.632028944999999567e+02
6.642938400000000456e+02
6.654407559999999648e+02
6.665929794999999558e+02
6.677279375000000528e+02
6.689073829999999816e+02
6.700432049999999435e+02
6.711691534999999931e+02
6.722533325000000559e+02
6.734970070000000533e+02
6.744974819999999909e+02
6.757732435000000351e+02
6.767698625000000447e+02
6.778820349999999735e+02
6.790683565000000499e+02
6.801817045000000235e+02
6.812512289999999666e+02
6.823800880000000006e+02
6.835440204999999878e+02
6.846907525000000305e+02
6.858431894999999940e+02
6.869818954999999505e+02
6.880924539999999752e+02
6.893124080000000049e+02
6.903462544999999864e+02
6.914843600000000379e+02
6.925757849999999962e+02
6.937879050000000234e+02
6.948935320000000502e+02
6.960091350000000148e+02
6.971285345000000007e+02
6.983153135000000020e+02
6.993757624999999507e+02
7.005450624999999718e+02
7.016641730000000052e+02
7.028369175000000268e+02
7.038678814999999531e+02
7.050243755000000192e+02
7.062272265000000289e+02
7.072990019999999731e+02
7.084157420000000229e+02
7.095584350000000313e+02
7.107289749999999913e+02
7.118335835000000316e+02
7.129023100000000568e+02
7.140247434999999996e+02
7.151376014999999597e+02
7.162746765000000551e+02
7.174183034999999791e+02
7.186439215000000331e+02
7.197558954999999514e+02
7.208748839999999518e+02
7.220497890000000325e+02
7.232332159999999703e+02
7.243094429999999875e+02
7.254215094999999565e+02
7.265863865000000033e+02
7.276304754999999886e+02
7.288346990000000005e+02
7.299233544999999594e+02
7.311147564999999986e+02
7.321597795000000133e+02
7.333139015000000427e+02
7.343994189999999662e+02
7.354640010000000530e+02
7.367156059999999798e+02
7.378327404999999999e+02
7.390276264999999967e+02
7.400729085000000396e+02
7.411929364999999734e+02
7.424043809999999439e+02
7.435249434999999494e+02
7.446096304999999802e+02
7.457679759999999760e+02
7.468495580000000018e+02
7.481005599999999731e+02
7.491346115000000054e+02
7.502845049999999674e+02
7.514688955000000306e+02
7.525560154999999440e+02
7.536649404999999433e+02
7.547293134999999893e+02
7.559948425000000043e+02
7.571317119999999932e+02
7.583403124999999818e+02
7.592915185000000520e+02
7.604673605000000407e+02
7.616582425000000285e+02
7.626649680000000444e+02
7.638399924999999939e+02
7.649689110000000483e+02
7.660393934999999601e+02
7.672189405000000306e+02
7.682696144999999888e+02
7.695578185000000531e+02
7.705174710000000005e+02
7.718352730000000292e+02
7.729119895000000042e+02
7.741352190000000064e+02
7.752476809999999432e+02
7.763380114999999932e+02
7.775201104999999870e+02
7.785727365000000191e+02
7.797354735000000119e+02
7.809121730000000525e+02
7.819300660000000107e+02
7.830284159999999929e+02
7.841441620000000512e+02
7.853163090000000466e+02
7.865169435000000249e+02
7.876596725000000561e+02
7.887178464999999505e+02
7.897662625000000389e+02
7.909490485000000035e+02
7.921449045000000524e+02
7.932528075000000172e+02
7.943620339999999942e+02
7.955170265000000427e+02
7.966153064999999742e+02
7.977395424999999705e+02
7.989619914999999537e+02
7.695651474999999664e+02
7.374726345000000265e+02
7.184416370000000143e+02
7.035320765000000165e+02
6.907937484999999924e+02
6.794136979999999539e+02
6.693082775000000311e+02
6.598450074999999515e+02
6.511545889999999872e+02
6.430043094999999767e+02
6.353428324999999859e+02
6.280854974999999740e+02
6.211186334999999872e+02
6.144271469999999908e+02
6.079471829999999954e+02
6.019420505000000503e+02
5.960041145000000142e+02
5.902179344999999557e+02
5.847690850000000182e+02
5.793166400000000067e+02
5.739581425000000081e+02
5.689458955000000060e+02
5.639753234999999449e+02
5.592121754999999439e+02
5.544475869999999986e+02
5.498039185000000089e+02
5.452593514999999798e+02
5.408926864999999680e+02
5.365287779999999884e+02
5.322206360000000132e+02
5.280768010000000459e+02
5.239207460000000083e+02
5.200040490000000091e+02
5.160020160000000260e+02
5.120894805000000360e+02
5.081721195000000080e+02
5.044747745000000236e+02
5.007254254999999716e+02
4.970793699999999831e+02
4.934426169999999843e+02
4.898513315000000148e+02
4.863580620000000181e+02
4.828130914999999845e+02
4.794332855000000109e+02
4.760492515000000253e+02
4.726579454999999825e+02
4.694287869999999998e+02
4.660861780000000181e+02
4.628211210000000051e+02
4.596668364999999881e+02
4.565144104999999968e+02
4.534301664999999844e+02
4.503323439999999778e+02
4.473329499999999825e+02
4.441524645000000078e+02
4.411722234999999728e+02
4.381998009999999795e+02
4.353125430000000051e+02
4.323833404999999743e+02
4.294224184999999920e+02
4.265935714999999959e+02
4.236655984999999873e+02
4.209476460000000202e+02
4.181822564999999940e+02
4.153854024999999979e+02
4.126022975000000201e+02
4.099341645000000085e+02
4.071143079999999941e+02
4.044938685000000191e+02
4.018546949999999924e+02
3.991253449999999816e+02
3.965022849999999721e+02
3.938887970000000109e+02
3.913972820000000183e+02
3.887920139999999947e+02
3.862455259999999839e+02
3.837278835000000186e+02
3.811689574999999763e+02
3.787170044999999732e+02
3.762481285000000071e+02
3.737152310000000170e+02
3.712923220000000128e+02
3.688103595000000041e+02
3.664125139999999874e+02
3.639738659999999868e+02
3.615525109999999813e+02
3.592440144999999916e+02
3.568739170000000058e+02
3.544912689999999884e+02
3.521471824999999853e+02
3.498018940000000043e+02
3.474973974999999768e+02
3.451895650000000160e+02
3.429033694999999966e+02
3.405964969999999994e+02
3.383847835000000259e+02
3.361020424999999818e+02
3.338602305000000001e+02
3.316247109999999907e+02
3.293834620000000086e+02
3.272269900000000007e+02
3.249555960000000141e+02
3.227915290000000255e+02
3.206082460000000083e+02
3.184482229999999845e+02
3.163713079999999991e+02
3.141942644999999743e+02
3.119891680000000065e+02
3.099127975000000106e+02
3.077916084999999953e+02
3.056493444999999838e+02
3.035727474999999913e+02
3.013950939999999719e+02
2.993462645000000180e+02
2.972547050000000013e+02
2.952271294999999895e+02
2.931790419999999813e+02
2.911013244999999756e+02
2.890294364999999743e+02
2.870261595000000057e+02
2.849922879999999736e+02
2.829462609999999927e+02
2.809725589999999897e+02
2.789119054999999889e+02
2.769723220000000197e+02
2.749573020000000270e+02
2.729730465000000095e+02
2.710267119999999750e+02
2.690368305000000078e+02
2.670831259999999929e+02
2.650890019999999936e+02
2.631577904999999760e+02
2.612466670000000022e+02
2.593598339999999780e+02
2.573404049999999756e+02
2.553973934999999926e+02
2.535230134999999905e+02
2.516316380000000095e+02
2.497984260000000063e+02
2.478722999999999956e+02
2.459441270000000088e+02
2.440267039999999952e+02
2.421459025000000054e+02
2.402626094999999964e+02
2.384677149999999983e+02
2.365781770000000108e+02
2.347282575000000122e+02
2.328584595000000093e+02
2.309915905000000009e+02
2.291682644999999923e+02
2.273379774999999938e+02
2.254897694999999942e+02
2.236198185000000080e+02
2.218151264999999910e+02
2.200147580000000005e+02
2.182238470000000063e+02
2.163604430000000036e+02
2.146255439999999908e+02
2.127685600000000079e+02
2.109836765000000014e+02
2.092297540000000140e+02
2.074636974999999950e+02
2.056786294999999996e+02
2.038975320000000124e+02
2.021179689999999880e+02
2.003762220000000127e+02
1.985993269999999882e+02
1.968205074999999908e+02
1.951095045000000141e+02
1.933372024999999894e+02
1.915918330000000083e+02
1.898649560000000065e+02
1.881367094999999949e+02
1.864139089999999896e+02
1.847027904999999919e+02
1.829441684999999893e+02
1.812571044999999970e+02
1.795318289999999877e+02
1.778274524999999926e+02
1.760832474999999988e+02
1.743631579999999985e+02
1.727142269999999940e+02
1.710059075000000064e+02
1.693104554999999891e+02
1.676144184999999993e+02
1.659598230000000001e+02
1.642457934999999907e+02
1.625492849999999976e+02
1.609173739999999952e+02
1.592234990000000039e+02
1.575806969999999865e+02
1.559025704999999959e+02
1.542185900000000061e+02
1.526075179999999989e+02
1.509349660000000029e+02
1.493188749999999914e+02
1.476360880000000009e+02
1.459921305000000018e+02
1.443395564999999863e+02
1.427180145000000095e+02
1.410776270000000068e+02
1.394464040000000011e+02
1.378321334999999976e+02
1.361383629999999982e+02
1.345247770000000003e+02
1.329114135000000090e+02
1.312826115000000016e+02
1.296748005000000035e+02
1.280753100000000018e+02
1.264690465000000046e+02
1.248695850000000007e+02
1.232499399999999952e+02
1.216368795000000063e+02
1.200704764999999981e+02
1.184549614999999960e+02
1.168704800000000006e+02
1.152714059999999989e+02
1.136739094999999935e+02
1.121058969999999988e+02
1.105269114999999971e+02
1.089286249999999967e+02
1.073865415000000070e+02
1.057786920000000066e+02
1.042094184999999982e+02
1.026414134999999987e+02
1.010804815000000048e+02
9.951768599999999765e+01
9.795475500000000579e+01
9.639862250000000188e+01
9.485267849999999612e+01
9.328604450000000270e+01
9.174039050000000373e+01
9.019007449999999437e+01
8.862693249999999523e+01
8.709873650000000112e+01
8.554429100000000119e+01
8.399793549999999698e+01
8.244629100000000221e+01
8.095005799999999851e+01
7.939682200000000023e+01
7.783966499999999655e+01
7.630800700000000347e+01
7.481588499999999442e+01
7.329080650000000219e+01
7.174521500000000174e+01
7.022269799999999407e+01
6.870419950000000142e+01
6.716963649999999575e+01
6.565787100000000009e+01
6.414886250000000700e+01
6.266456999999999766e+01
6.112228199999999845e+01
5.960801750000000254e+01
5.810342299999999938e+01
5.659831100000000248e+01
5.508228150000000056e+01
5.359449949999999774e+01
5.212396150000000006e+01
5.059886000000000195e+01
4.910130300000000148e+01
4.760781099999999810e+01
4.612376549999999753e+01
4.461880750000000262e+01
4.315234350000000063e+01
4.165141650000000340e+01
4.014606650000000343e+01
3.866920100000000105e+01
3.719990399999999653e+01
3.573835050000000280e+01
3.425666400000000067e+01
3.276825749999999715e+01
3.130727399999999960e+01
2.982897350000000003e+01
2.835593400000000130e+01
2.688169200000000103e+01
2.542290300000000158e+01
2.395696949999999958e+01
2.249610050000000072e+01
2.103600349999999963e+01
1.957596549999999880e+01
1.812205649999999935e+01
1.665346449999999834e+01
1.519319849999999938e+01
1.374790849999999942e+01
1.229270449999999926e+01
1.084783849999999994e+01
9.407472000000000278e+00
7.947816000000000436e+00
6.494830499999999951e+00
5.052990499999999940e+00
3.603583500000000051e+00
2.160707500000000003e+00
7.193800000000000194e-01
L=10.0,N=600,T=1.0,r=0.16,eta=0.4825486315913923,t=5057.027404785156s