0.000000000000000000e+00
0.000000000000000000e+00
0.000000000000000000e+00
0.000000000000000000e+00
0.000000000000000000e+00
0.000000000000000000e+00
0.000000000000000000e+00
0.000000000000000000e+00
0.000000000000000000e+00
0.000000000000000000e+00
0.000000000000000000e+00
0.000000000000000000e+00
0.000000000000000000e+00
0.000000000000000000e+00
0.000000000000000000e+00
0.000000000000000000e+00
0.000000000000000000e+00
0.000000000000000000e+00
0.000000000000000000e+00
0.000000000000000000e+00
0.000000000000000000e+00
0.000000000000000000e+00
0.000000000000000000e+00
0.000000000000000000e+00
0.000000000000000000e+00
0.000000000000000000e+00
0.000000000000000000e+00
0.000000000000000000e+00
0.000000000000000000e+00
0.000000000000000000e+00
0.000000000000000000e+00
0.000000000000000000e+00
0.000000000000000000e+00
0.000000000000000000e+00
1.058434999999999931e-01
9.458050000000000068e-01
2.328486999999999973e+00
3.981968000000000174e+00
5.738079500000000444e+00
7.599285499999999693e+00
9.496786000000000172e+00
1.161486449999999948e+01
1.403748599999999946e+01
1.681573149999999828e+01
2.092202149999999961e+01
5.226892344999999978e+02
6.036677885000000288e+02
5.159788509999999633e+02
4.421473384999999894e+02
3.793929479999999899e+02
3.266467010000000073e+02
2.816878234999999790e+02
2.434531269999999950e+02
2.111234235000000012e+02
1.845457340000000102e+02
1.623575649999999939e+02
1.448417980000000114e+02
1.290144239999999911e+02
1.144344425000000030e+02
1.019125185000000045e+02
9.141488599999999565e+01
8.246829300000000273e+01
7.491292450000000258e+01
6.874449199999999394e+01
6.362311199999999900e+01
5.969292550000000119e+01
5.654443100000000300e+01
5.421052850000000234e+01
5.275122850000000341e+01
5.193888700000000114e+01
5.209087350000000072e+01
5.305103650000000215e+01
5.528874050000000295e+01
5.872306100000000129e+01
6.363171849999999807e+01
7.026887949999999705e+01
7.936816199999999810e+01
9.079745049999999651e+01
1.051955710000000010e+02
1.232370750000000044e+02
1.443554839999999899e+02
1.673527315000000044e+02
1.902362765000000024e+02
2.120676730000000134e+02
2.315927744999999902e+02
2.477156295000000057e+02
2.608589245000000005e+02
2.716140194999999835e+02
2.812504779999999869e+02
2.934375390000000152e+02
3.202422070000000076e+02
3.630494325000000231e+02
3.890265314999999759e+02
3.997583970000000022e+02
3.999507884999999874e+02
3.927200940000000173e+02
3.808294634999999744e+02
3.651733719999999721e+02
3.474084760000000074e+02
3.288082665000000020e+02
3.103494215000000054e+02
2.920232265000000211e+02
2.743713065000000029e+02
2.574910995000000185e+02
2.414599044999999933e+02
2.264231445000000065e+02
2.122599055000000021e+02
1.996236189999999908e+02
1.879293800000000090e+02
1.776863260000000082e+02
1.684537789999999973e+02
1.610998904999999866e+02
1.551019885000000045e+02
1.505322004999999876e+02
1.473287400000000105e+02
1.461206479999999885e+02
1.465906364999999880e+02
1.494769985000000077e+02
1.544957515000000114e+02
1.621065680000000100e+02
1.726307199999999966e+02
1.862341705000000047e+02
2.035369704999999954e+02
2.238076365000000010e+02
2.468849170000000015e+02
2.722941839999999729e+02
2.989235350000000153e+02
3.254698309999999992e+02
3.508845235000000002e+02
3.733578405000000089e+02
3.924823445000000106e+02
4.085559215000000108e+02
4.197598424999999907e+02
4.280611220000000117e+02
4.333579560000000015e+02
4.359487219999999752e+02
4.383447024999999826e+02
4.400241814999999974e+02
4.402118125000000077e+02
4.380864035000000172e+02
4.339458769999999959e+02
4.281944085000000086e+02
4.209320890000000190e+02
4.126739895000000047e+02
4.028406205000000000e+02
3.930311694999999759e+02
3.823324465000000032e+02
3.715848270000000184e+02
3.606353854999999839e+02
3.499166089999999940e+02
3.392768204999999853e+02
3.290742695000000140e+02
3.188797445000000153e+02
3.094690504999999803e+02
3.009991145000000188e+02
2.932144609999999716e+02
2.862850295000000074e+02
2.807388765000000035e+02
2.766798454999999990e+02
2.737253329999999778e+02
2.731501155000000267e+02
2.744898375000000215e+02
2.782013914999999997e+02
2.837583510000000047e+02
2.919447359999999776e+02
3.029093090000000075e+02
3.158613339999999994e+02
3.311206720000000132e+02
3.488248555000000124e+02
3.682784805000000006e+02
3.888724730000000136e+02
4.104201540000000250e+02
4.318572720000000231e+02
4.524084690000000251e+02
4.725571130000000153e+02
4.898549194999999941e+02
5.053324489999999969e+02
5.176602534999999534e+02
5.275934495000000197e+02
5.336736644999999726e+02
5.375750504999999748e+02
5.384876150000000052e+02
5.370600544999999784e+02
5.333643200000000206e+02
5.281315465000000131e+02
5.210754084999999804e+02
5.133471154999999726e+02
5.051286319999999819e+02
4.959947564999999940e+02
4.867468999999999824e+02
4.769977660000000128e+02
4.678473470000000134e+02
4.583579884999999763e+02
4.502508015000000228e+02
4.421119080000000281e+02
4.345074440000000209e+02
4.282472230000000195e+02
4.216413635000000113e+02
4.161805919999999901e+02
4.115388500000000249e+02
4.080499609999999961e+02
4.049166779999999903e+02
4.031053840000000150e+02
4.030129459999999995e+02
4.039476720000000114e+02
4.059943660000000136e+02
4.099262800000000198e+02
4.152712644999999725e+02
4.224252935000000093e+02
4.311281769999999938e+02
4.415367474999999899e+02
4.531146570000000224e+02
4.655452725000000100e+02
4.795256340000000250e+02
4.942472369999999842e+02
5.090411760000000072e+02
5.245264254999999594e+02
5.395127149999999574e+02
5.541435910000000149e+02
5.673129959999999983e+02
5.805613534999999956e+02
5.917296989999999823e+02
6.015390519999999697e+02
6.098085630000000492e+02
6.157098399999999856e+02
6.205874569999999721e+02
6.234084930000000213e+02
6.234260584999999537e+02
6.219673159999999825e+02
6.190124194999999645e+02
6.142572989999999891e+02
6.083225025000000414e+02
6.015322145000000091e+02
5.936995799999999690e+02
5.854359674999999470e+02
5.767966434999999592e+02
5.685256239999999934e+02
5.599498505000000250e+02
5.521538490000000365e+02
5.442559169999999540e+02
5.375587904999999864e+02
5.318426920000000564e+02
5.270755914999999732e+02
5.229404319999999871e+02
5.204983274999999594e+02
5.190727580000000216e+02
5.189081005000000459e+02
5.195810679999999593e+02
5.220390159999999469e+02
5.256648959999999988e+02
5.302663800000000265e+02
5.366199094999999488e+02
5.436973819999999478e+02
5.523218100000000277e+02
5.614219699999999875e+02
5.719813520000000153e+02
5.831262890000000425e+02
5.940815354999999727e+02
6.059032499999999573e+02
6.176531690000000481e+02
6.294857415000000174e+02
6.404785379999999577e+02
6.511814239999999927e+02
6.612916770000000497e+02
6.702767870000000130e+02
6.786615480000000389e+02
6.858194489999999632e+02
6.922729590000000144e+02
6.969135949999999866e+02
7.012535125000000562e+02
7.041655465000000049e+02
7.062954515000000129e+02
7.062857195000000274e+02
7.064131979999999658e+02
7.050304200000000492e+02
7.021946964999999636e+02
6.983925719999999728e+02
6.942064824999999928e+02
6.893395739999999705e+02
6.840400574999999890e+02
6.777977505000000065e+02
6.719682354999999916e+02
6.656587114999999812e+02
6.596347855000000209e+02
6.539644164999999703e+02
6.489859300000000530e+02
6.442934699999999566e+02
6.409899705000000267e+02
6.383130250000000387e+02
6.365604945000000043e+02
6.355614299999999730e+02
6.364397474999999531e+02
6.382746584999999868e+02
6.408831675000000132e+02
6.452073225000000321e+02
6.505968064999999569e+02
6.570438739999999598e+02
6.643324979999999869e+02
6.731134104999999863e+02
6.822152855000000500e+02
6.919767920000000458e+02
7.016763144999999895e+02
7.123631094999999505e+02
7.227125270000000228e+02
7.328540454999999838e+02
7.425908689999999979e+02
7.515000015000000531e+02
7.600390105000000176e+02
7.675100224999999909e+02
7.745168230000000449e+02
7.803434825000000501e+02
7.850138614999999618e+02
7.894217135000000098e+02
7.924741000000000213e+02
7.949578850000000330e+02
7.964133934999999838e+02
7.972323850000000220e+02
7.973336614999999483e+02
7.964017075000000432e+02
7.950390800000000127e+02
7.929998299999999745e+02
7.902214834999999766e+02
7.870570340000000442e+02
7.840939455000000180e+02
7.804797859999999901e+02
7.765825485000000299e+02
7.729497109999999793e+02
7.690068189999999504e+02
7.656167195000000447e+02
7.625525505000000521e+02
7.594746205000000145e+02
7.574799444999999878e+02
7.557934324999999944e+02
7.548659834999999703e+02
7.548504269999999678e+02
7.553993040000000292e+02
7.566743535000000520e+02
7.592393289999999979e+02
7.623748335000000225e+02
7.662912460000000010e+02
7.716350280000000339e+02
7.772775040000000217e+02
7.833845334999999750e+02
7.907277149999999892e+02
7.990159565000000157e+02
8.069978754999999637e+02
8.157181600000000117e+02
8.245969945000000507e+02
8.331205109999999650e+02
8.412161610000000564e+02
8.492312034999999923e+02
8.573847779999999830e+02
8.639857889999999543e+02
8.696594380000000228e+02
8.756744519999999739e+02
8.804988485000000082e+02
8.849631799999999657e+02
8.878657389999999623e+02
8.905713540000000421e+02
8.922503609999999981e+02
8.934449984999999970e+02
8.938632394999999633e+02
8.933710200000000441e+02
8.929565274999999929e+02
8.918059295000000475e+02
8.898105295000000297e+02
8.879436385000000200e+02
8.856193684999999505e+02
8.828404739999999720e+02
8.804242795000000115e+02
8.780352010000000291e+02
8.753159675000000561e+02
8.728479459999999790e+02
8.713512719999999945e+02
8.698882170000000542e+02
8.691990739999999960e+02
8.679616099999999506e+02
8.680412029999999959e+02
8.690587319999999636e+02
8.702252130000000534e+02
8.721743255000000090e+02
8.738968324999999595e+02
8.775477979999999434e+02
8.816013550000000123e+02
8.861319274999999607e+02
8.910277905000000374e+02
8.959640940000000455e+02
9.015132380000000012e+02
9.075352394999999888e+02
9.144585295000000542e+02
9.211261385000000246e+02
9.284032905000000255e+02
9.354157030000000077e+02
9.419056144999999560e+02
9.489965009999999666e+02
9.550051079999999502e+02
9.607886650000000373e+02
9.662890364999999520e+02
9.714504510000000437e+02
9.757735950000000003e+02
9.794812315000000353e+02
9.831885909999999740e+02
9.862292435000000523e+02
9.885804755000000341e+02
9.900392010000000482e+02
9.912628764999999476e+02
9.915827735000000303e+02
9.922154614999999467e+02
9.918936214999999947e+02
9.913269655000000284e+02
9.901699945000000298e+02
9.897918369999999868e+02
9.878509374999999864e+02
9.865607664999999997e+02
9.843690265000000181e+02
9.826074475000000348e+02
9.813475200000000314e+02
9.795414379999999710e+02
9.791596025000000054e+02
9.787477404999999635e+02
9.787524574999999913e+02
9.791177525000000514e+02
9.798894464999999627e+02
9.811321709999999712e+02
9.835109324999999671e+02
9.859396564999999555e+02
9.892285054999999829e+02
9.926701729999999770e+02
9.966578624999999647e+02
1.000977304000000004e+03
1.006505513999999948e+03
1.011537414499999954e+03
1.016901636499999995e+03
1.022115177499999959e+03
1.027733378500000072e+03
1.033185503500000095e+03
1.039198039000000108e+03
1.044938105499999892e+03
1.050158651499999905e+03
1.055810442499999908e+03
1.060996797499999957e+03
1.065450839999999971e+03
1.070141053000000056e+03
1.073847930500000075e+03
1.077220133999999916e+03
1.080492486500000041e+03
1.082690622500000018e+03
1.085646399499999916e+03
1.086658183499999950e+03
1.088913896000000022e+03
1.090245218499999964e+03
1.091248683499999970e+03
1.091832973499999980e+03
1.092271181000000070e+03
1.092529356999999891e+03
1.092279368499999919e+03
1.091685784499999954e+03
1.091399661500000093e+03
1.090725635999999895e+03
1.090221563999999944e+03
1.089772659499999918e+03
1.089051764999999932e+03
1.089169030499999963e+03
1.088442796999999928e+03
1.088419662000000017e+03
1.089459843999999975e+03
1.090445226000000048e+03
1.091856866999999966e+03
1.093714672999999948e+03
1.095667791500000021e+03
1.098869237999999996e+03
1.102423545999999988e+03
1.106128752999999961e+03
1.109878069000000096e+03
1.114183455999999978e+03
1.118900652000000036e+03
1.122922242500000038e+03
1.128340143500000067e+03
1.133592249999999922e+03
1.138305608500000062e+03
1.143208227500000021e+03
1.147830073500000026e+03
1.152980556499999921e+03
1.157825998499999969e+03
1.162105637500000057e+03
1.166410417499999994e+03
1.170436625000000049e+03
1.173879353000000037e+03
1.177340409500000078e+03
1.180259745000000066e+03
1.182655346000000009e+03
1.185144528499999979e+03
1.186570731499999965e+03
1.188674608499999977e+03
1.190273154499999919e+03
1.190971176000000014e+03
1.192085594500000070e+03
1.192628957500000070e+03
1.193808001999999988e+03
1.194348259999999982e+03
1.195106706499999973e+03
1.195838340000000017e+03
1.196078113499999972e+03
1.195837904499999922e+03
1.196773930500000006e+03
1.196269207000000051e+03
1.197201312500000085e+03
1.197391084500000034e+03
1.198063415500000019e+03
1.199244897999999921e+03
1.199976683000000094e+03
1.201918380500000012e+03
1.203434223499999916e+03
1.205448161000000027e+03
1.207751554500000111e+03
1.211630867000000080e+03
1.213973559999999907e+03
1.217998072500000035e+03
1.222049180499999920e+03
1.225379899999999907e+03
1.229741144999999960e+03
1.233728387500000053e+03
1.238305814999999939e+03
1.242520758500000056e+03
1.247071341500000017e+03
1.251683377500000006e+03
1.255835168999999951e+03
1.260211507499999925e+03
1.264453862500000014e+03
1.267551198500000055e+03
1.271754340499999898e+03
1.274895997999999963e+03
1.278010639500000025e+03
1.281343943500000023e+03
1.283484075999999959e+03
1.285866143499999907e+03
1.287736619000000019e+03
1.289608055500000091e+03
1.291630746499999987e+03
1.293020725500000026e+03
1.294018057499999941e+03
1.295248055499999964e+03
1.295916026500000044e+03
1.297383508500000062e+03
1.298688720999999987e+03
1.299022699000000102e+03
1.299700340999999980e+03
1.301006834499999968e+03
1.301877136500000006e+03
1.303195523500000036e+03
1.303978421999999910e+03
1.304149194000000080e+03
1.306083900999999969e+03
1.307263204500000029e+03
1.308881041999999979e+03
1.310490632000000005e+03
1.312047635500000069e+03
1.314562903499999948e+03
1.316809639500000003e+03
1.319218738000000030e+03
1.322255499999999984e+03
1.325089969000000110e+03
1.328421450000000050e+03
1.332036090500000000e+03
1.336122587999999951e+03
1.339934985000000097e+03
1.343738272000000052e+03
1.347206578000000036e+03
1.351140638999999965e+03
1.355678679500000044e+03
1.359740761999999904e+03
1.362691620499999999e+03
1.366794740499999989e+03
1.370309306999999990e+03
1.374080854499999987e+03
1.377026274000000058e+03
1.379447525000000041e+03
1.382778137000000015e+03
1.385349549000000025e+03
1.387506446500000038e+03
1.389530801000000110e+03
1.391676457999999911e+03
1.393398957999999993e+03
1.394825761000000057e+03
1.396446071500000016e+03
1.398115532999999914e+03
1.399357901999999967e+03
1.400328847499999938e+03
1.401766861000000063e+03
1.402821154499999921e+03
1.403999129999999923e+03
1.405806990499999984e+03
1.407361883000000034e+03
1.408647201499999937e+03
1.409912278999999899e+03
1.411777951499999972e+03
1.412211363500000061e+03
1.413941780500000050e+03
1.416168744000000061e+03
1.417697239000000081e+03
1.420574029500000051e+03
1.421944688499999984e+03
1.424241872499999999e+03
1.426590914000000112e+03
1.429358072499999935e+03
1.432407304000000067e+03
1.435307594000000108e+03
1.438268567500000017e+03
1.441765972500000089e+03
1.445301507500000071e+03
1.448656962499999963e+03
1.452339388000000099e+03
1.457061849500000108e+03
1.459229682500000081e+03
1.463379512499999919e+03
1.466524901499999942e+03
1.470338983999999982e+03
1.473526270999999952e+03
1.476131044499999916e+03
1.479341163000000051e+03
1.482270254000000023e+03
1.485075147000000015e+03
1.487954840000000104e+03
1.490317050000000108e+03
1.492137772499999983e+03
1.494753065000000106e+03
1.495962222999999994e+03
1.498082359499999939e+03
1.499191812000000027e+03
1.500716104999999970e+03
1.502285631499999909e+03
1.503778446000000031e+03
1.505361814999999979e+03
1.506416856499999994e+03
1.508716462500000034e+03
1.509807455500000060e+03
1.512088667499999929e+03
1.513443119000000024e+03
1.515539862000000085e+03
1.517145879500000092e+03
1.518758191500000066e+03
1.520908509500000036e+03
1.522635640499999909e+03
1.524798841000000039e+03
1.526699793499999942e+03
1.528365663499999982e+03
1.530939800999999989e+03
1.533616555999999946e+03
1.535636837999999898e+03
1.539002473000000009e+03
1.541892816999999923e+03
1.545015960499999892e+03
1.547743289999999888e+03
1.550719463500000074e+03
1.553601308000000017e+03
1.557791157500000054e+03
1.560633158999999978e+03
1.564258307000000059e+03
1.567872470499999963e+03
1.570694377000000031e+03
1.574091462999999976e+03
1.576696983499999988e+03
1.579837414500000023e+03
1.582693883500000084e+03
1.585541512499999953e+03
1.587839540500000112e+03
1.590918165999999928e+03
1.592799541000000090e+03
1.595660362000000077e+03
1.597722377499999993e+03
1.599470979500000112e+03
1.601516884500000060e+03
1.602728789999999890e+03
1.604499720999999909e+03
1.606061779500000057e+03
1.607178705999999920e+03
1.609171025000000100e+03
1.610311461000000008e+03
1.612501729999999952e+03
1.614158064499999909e+03
1.616424817500000017e+03
1.618337537999999995e+03
1.619527111000000104e+03
1.622438700500000095e+03
1.624084290499999952e+03
1.626734403500000099e+03
1.628769069499999887e+03
1.630684788499999968e+03
1.633061470000000099e+03
1.635068321499999911e+03
1.636795738499999970e+03
1.639976547499999924e+03
1.641970741000000089e+03
1.644941561999999976e+03
1.647602493500000037e+03
1.650249606500000027e+03
1.653440278000000035e+03
1.656547570499999892e+03
1.659277974000000086e+03
1.662783564000000069e+03
1.665578232000000071e+03
1.669314732499999991e+03
1.672120205500000111e+03
1.674954441500000030e+03
1.678052150499999925e+03
1.680483025499999940e+03
1.683856327499999907e+03
1.622661446000000069e+03
1.555600077499999998e+03
1.515159821499999907e+03
1.483550913499999979e+03
1.456821848499999987e+03
1.432407871500000056e+03
1.410499383000000080e+03
1.390603663999999981e+03
1.372053509999999960e+03
1.354096698999999944e+03
1.338158552500000042e+03
1.321800743499999953e+03
1.305905868000000055e+03
1.292409969499999988e+03
1.278449600500000088e+03
1.264378250499999922e+03
1.251989733999999999e+03
1.239779054500000029e+03
1.227636483499999940e+03
1.216133988000000045e+03
1.205221352499999966e+03
1.194204962499999965e+03
1.183298434000000043e+03
1.173071768999999904e+03
1.163100963999999976e+03
1.153567749499999991e+03
1.144285987499999919e+03
1.135037027999999964e+03
1.126523810500000081e+03
1.117014464000000089e+03
1.109081404999999904e+03
1.100784505500000023e+03
1.092259189000000106e+03
1.084447842000000037e+03
1.076615647500000023e+03
1.068917371000000003e+03
1.060869134999999915e+03
1.053185830500000066e+03
1.045913767000000007e+03
1.038803153500000008e+03
1.030693508500000007e+03
1.023877616500000045e+03
1.016446678499999962e+03
1.009693422000000055e+03
1.002761880000000019e+03
9.958523615000000291e+02
9.888950109999999540e+02
9.821826005000000350e+02
9.750639575000000150e+02
9.681825914999999441e+02
9.611158970000000181e+02
9.543400609999999915e+02
9.478104520000000548e+02
9.408627000000000180e+02
9.343228789999999435e+02
9.278801919999999654e+02
9.217994015000000445e+02
9.153918905000000450e+02
9.088318815000000086e+02
9.023140389999999798e+02
8.967853169999999636e+02
8.903486454999999751e+02
8.846530549999999948e+02
8.780836914999999863e+02
8.717490870000000314e+02
8.666587160000000267e+02
8.608610029999999824e+02
8.550757194999999911e+02
8.488196504999999661e+02
8.435918795000000046e+02
8.386600535000000036e+02
8.326035875000000033e+02
8.275319080000000440e+02
8.221053584999999657e+02
8.170163744999999835e+02
8.118460780000000341e+02
8.062360744999999724e+02
8.013397515000000340e+02
7.963400540000000092e+02
7.912262735000000475e+02
7.859681924999999865e+02
7.814419014999999717e+02
7.758303029999999580e+02
7.712998039999999946e+02
7.660934899999999743e+02
7.613283675000000130e+02
7.565409720000000107e+02
7.512988520000000108e+02
7.462063180000000102e+02
7.414948255000000472e+02
7.359740275000000338e+02
7.309050584999999955e+02
7.259909555000000410e+02
7.213656760000000077e+02
7.169790994999999612e+02
7.119070615000000544e+02
7.072115684999999985e+02
7.023305689999999686e+02
6.975427089999999453e+02
6.929694100000000390e+02
6.878818105000000287e+02
6.833908760000000484e+02
6.785110570000000507e+02
6.739223905000000059e+02
6.696629024999999729e+02
6.652406274999999596e+02
6.603231359999999768e+02
6.554303605000000061e+02
6.509917815000000019e+02
6.463912934999999607e+02
6.418417180000000144e+02
6.375640535000000000e+02
6.330961975000000166e+02
6.288080714999999827e+02
6.238455060000000003e+02
6.203124350000000504e+02
6.159343239999999469e+02
6.115421685000000025e+02
6.077875074999999470e+02
6.032931700000000319e+02
5.989964109999999664e+02
5.951476334999999835e+02
5.907760435000000143e+02
5.868484730000000127e+02
5.826317044999999553e+02
5.783064024999999901e+02
5.744094374999999673e+02
5.708016754999999876e+02
5.661001915000000508e+02
5.621934065000000373e+02
5.580717335000000503e+02
5.542787035000000060e+02
5.500191929999999729e+02
5.458857870000000503e+02
5.417064494999999624e+02
5.375017524999999523e+02
5.333380694999999605e+02
5.290306269999999813e+02
5.249619820000000345e+02
5.210041559999999663e+02
5.172901249999999891e+02
5.131635899999999992e+02
5.090608020000000238e+02
5.053671855000000050e+02
5.012037270000000149e+02
4.971504919999999856e+02
4.935310840000000212e+02
4.895737710000000220e+02
4.853892060000000015e+02
4.817086469999999849e+02
4.778331259999999929e+02
4.744929324999999949e+02
4.703435744999999883e+02
4.662114194999999768e+02
4.624232895000000099e+02
4.585924150000000168e+02
4.549988485000000082e+02
4.511858619999999860e+02
4.474097360000000094e+02
4.435008134999999925e+02
4.394282200000000103e+02
4.359408604999999852e+02
4.324370589999999765e+02
4.283826890000000276e+02
4.247181770000000256e+02
4.210031735000000026e+02
4.172835944999999924e+02
4.138237199999999802e+02
4.100845699999999852e+02
4.064431539999999927e+02
4.028643245000000093e+02
3.992325624999999718e+02
3.958199364999999830e+02
3.921425780000000145e+02
3.889060855000000174e+02
3.849733539999999721e+02
3.814800970000000007e+02
3.779475904999999898e+02
3.744467445000000225e+02
3.703353455000000167e+02
3.671205555000000231e+02
3.637018595000000118e+02
3.599009209999999825e+02
3.563305134999999950e+02
3.526475110000000086e+02
3.490272654999999986e+02
3.452447290000000066e+02
3.419195399999999836e+02
3.381724370000000022e+02
3.347535070000000132e+02
3.310253475000000094e+02
3.276505604999999832e+02
3.240196584999999914e+02
3.205199240000000032e+02
3.170524930000000268e+02
3.135428355000000238e+02
3.100839569999999981e+02
3.066529400000000010e+02
3.032953640000000064e+02
2.999464484999999740e+02
2.964306735000000117e+02
2.929828170000000114e+02
2.894094029999999975e+02
2.861872624999999744e+02
2.827155235000000175e+02
2.794635149999999726e+02
2.759839039999999954e+02
2.727101274999999987e+02
2.693880280000000198e+02
2.660064654999999902e+02
2.626714054999999917e+02
2.591995279999999866e+02
2.559635844999999961e+02
2.524281479999999931e+02
2.493603835000000117e+02
2.459133525000000020e+02
2.424186545000000024e+02
2.390937309999999911e+02
2.357577564999999993e+02
2.325991065000000049e+02
2.292085150000000056e+02
2.258191679999999906e+02
2.225315645000000018e+02
2.191156960000000140e+02
2.158454509999999971e+02
2.127715220000000045e+02
2.093607494999999972e+02
2.063210870000000057e+02
2.028349599999999953e+02
1.994728700000000003e+02
1.961958610000000078e+02
1.929177535000000034e+02
1.898043910000000096e+02
1.864367450000000019e+02
1.832736930000000086e+02
1.800432749999999942e+02
1.765773315000000139e+02
1.736692355000000134e+02
1.703964144999999917e+02
1.670831234999999992e+02
1.637954860000000110e+02
1.605184390000000008e+02
1.573096564999999885e+02
1.539853924999999890e+02
1.507753690000000120e+02
1.475980299999999943e+02
1.440264684999999929e+02
1.408865025000000060e+02
1.376871424999999931e+02
1.345222584999999924e+02
1.311050224999999898e+02
1.281473430000000064e+02
1.251411054999999948e+02
1.219858224999999976e+02
1.188253074999999939e+02
1.155825059999999951e+02
1.124775939999999963e+02
1.093465235000000035e+02
1.063713290000000029e+02
1.031397855000000021e+02
1.000950954999999993e+02
9.710670050000000231e+01
9.408439049999999781e+01
9.091077950000000385e+01
8.778143649999999809e+01
8.487000449999999319e+01
8.178886400000000378e+01
7.863413400000000308e+01
7.544680950000000053e+01
7.238763600000000054e+01
6.931800350000000321e+01
6.618631499999999335e+01
6.301527399999999801e+01
5.992622200000000277e+01
5.673786900000000344e+01
5.362994150000000104e+01
5.043967349999999783e+01
4.729858349999999945e+01
4.402263450000000233e+01
4.094142599999999987e+01
3.780271950000000203e+01
3.479662499999999881e+01
3.168025250000000170e+01
2.866230200000000039e+01
2.556281800000000004e+01
2.256793749999999932e+01
1.958300699999999850e+01
1.647522400000000076e+01
1.349520949999999964e+01
1.044056750000000022e+01
7.476468500000000184e+00
4.460161499999999890e+00
1.482606000000000090e+00
L=10.0,N=870,T=1.0,r=0.16,eta=0.6996955158075187,t=8973.31308889389s