0.000000000000000000e+00
0.000000000000000000e+00
0.000000000000000000e+00
0.000000000000000000e+00
0.000000000000000000e+00
0.000000000000000000e+00
0.000000000000000000e+00
0.000000000000000000e+00
0.000000000000000000e+00
0.000000000000000000e+00
0.000000000000000000e+00
0.000000000000000000e+00
0.000000000000000000e+00
0.000000000000000000e+00
0.000000000000000000e+00
0.000000000000000000e+00
0.000000000000000000e+00
0.000000000000000000e+00
0.000000000000000000e+00
0.000000000000000000e+00
0.000000000000000000e+00
0.000000000000000000e+00
0.000000000000000000e+00
0.000000000000000000e+00
0.000000000000000000e+00
0.000000000000000000e+00
0.000000000000000000e+00
0.000000000000000000e+00
0.000000000000000000e+00
0.000000000000000000e+00
0.000000000000000000e+00
0.000000000000000000e+00
0.000000000000000000e+00
0.000000000000000000e+00
0.000000000000000000e+00
1.413674539999999979e+03
1.346326521499999899e+03
1.169708463500000107e+03
1.001582357999999999e+03
8.454896179999999504e+02
7.019682219999999688e+02
5.732242659999999432e+02
4.601374834999999734e+02
3.636347835000000259e+02
2.824409474999999929e+02
2.162313399999999888e+02
1.633108479999999929e+02
1.216487240000000014e+02
9.023422549999999376e+01
6.668190500000000043e+01
4.951898500000000070e+01
3.778060299999999927e+01
3.015786950000000033e+01
2.614614600000000166e+01
2.548423650000000151e+01
2.859298950000000161e+01
3.627959400000000301e+01
5.066737650000000315e+01
7.479685150000000249e+01
1.134762625000000043e+02
1.742501535000000104e+02
2.649617264999999975e+02
3.868389099999999985e+02
5.249904960000000074e+02
6.541365805000000364e+02
7.522462864999999965e+02
8.047286125000000538e+02
8.098933345000000372e+02
7.760089349999999513e+02
7.246146655000000010e+02
7.493094254999999748e+02
8.304334354999999732e+02
8.882357295000000477e+02
9.237677720000000363e+02
9.376479835000000094e+02
9.306335954999999558e+02
9.012754364999999552e+02
8.525221655000000283e+02
7.886807370000000219e+02
7.106018824999999879e+02
6.264036340000000109e+02
5.386587960000000521e+02
4.537177389999999946e+02
3.743409404999999879e+02
3.029053129999999783e+02
2.419936820000000068e+02
1.915552514999999971e+02
1.524661884999999870e+02
1.240189795000000004e+02
1.063041434999999950e+02
1.004692040000000048e+02
1.081322375000000022e+02
1.333249059999999986e+02
1.811188930000000141e+02
2.602191839999999843e+02
3.760192860000000223e+02
5.291050900000000183e+02
7.118028299999999717e+02
9.068204510000000482e+02
1.093672344999999950e+03
1.248767869000000019e+03
1.355346500500000047e+03
1.404752388000000110e+03
1.395712156499999992e+03
1.337740157499999896e+03
1.246108709500000032e+03
1.142613311000000067e+03
1.043873106000000007e+03
9.588433119999999690e+02
8.939335959999999659e+02
8.501998055000000249e+02
8.261130914999999959e+02
8.150331019999999853e+02
8.097960755000000290e+02
8.038059060000000500e+02
7.923439439999999649e+02
7.683627024999999549e+02
7.320702485000000479e+02
6.835481604999999945e+02
6.257323800000000347e+02
5.626131139999999959e+02
4.982658615000000282e+02
4.395152734999999780e+02
3.905375440000000253e+02
3.567442864999999870e+02
3.423546534999999835e+02
3.521393595000000118e+02
3.881024745000000280e+02
4.531084819999999809e+02
5.464541854999999941e+02
6.678348630000000412e+02
8.121799025000000256e+02
9.747126064999999926e+02
1.146975247500000023e+03
1.316605001500000071e+03
1.471932216500000095e+03
1.599831130999999914e+03
1.692407772000000023e+03
1.739537133999999924e+03
1.737972915499999999e+03
1.693690364000000045e+03
1.607581637000000001e+03
1.492539314500000046e+03
1.359119699000000082e+03
1.220801308500000005e+03
1.088792879000000084e+03
9.719011494999999741e+02
8.777003805000000511e+02
8.081272179999999707e+02
7.638975564999999506e+02
7.402980824999999641e+02
7.339809565000000475e+02
7.370513304999999491e+02
7.430748575000000073e+02
7.476634784999999965e+02
7.475836359999999559e+02
7.413092579999999998e+02
7.318781739999999445e+02
7.243430879999999661e+02
7.236341445000000476e+02
7.368389795000000504e+02
7.679882334999999784e+02
8.219999675000000252e+02
9.008564649999999574e+02
9.982423814999999649e+02
1.109875571999999920e+03
1.229695335999999998e+03
1.349931509999999889e+03
1.463434570500000063e+03
1.566988711499999908e+03
1.657753712499999892e+03
1.730671573999999964e+03
1.787466930000000048e+03
1.825624389500000007e+03
1.841644424000000072e+03
1.838499976000000061e+03
1.809746988500000043e+03
1.757260074000000031e+03
1.680371026999999913e+03
1.583499616500000002e+03
1.467740822499999922e+03
1.343431185500000083e+03
1.214966357499999958e+03
1.090244817999999896e+03
9.784315414999999803e+02
8.835322364999999536e+02
8.110839085000000068e+02
7.626011075000000119e+02
7.392349239999999782e+02
7.386663039999999683e+02
7.590007305000000315e+02
7.974408614999999827e+02
8.502712084999999433e+02
9.166375050000000329e+02
9.944311155000000326e+02
1.082818977500000074e+03
1.181472330999999940e+03
1.289660831500000086e+03
1.405022346499999912e+03
1.523520988499999930e+03
1.638643944500000089e+03
1.745132790999999997e+03
1.837390120000000024e+03
1.907848185500000000e+03
1.954701189000000113e+03
1.977527464499999951e+03
1.978724983999999949e+03
1.959565147499999966e+03
1.928392239000000018e+03
1.891001530499999944e+03
1.850218730999999934e+03
1.810423749499999985e+03
1.770506785499999978e+03
1.730335851999999932e+03
1.688008459500000072e+03
1.636952062000000069e+03
1.577586422000000084e+03
1.504948476000000028e+03
1.420889237500000036e+03
1.327780275999999958e+03
1.229685541499999999e+03
1.133255890500000078e+03
1.045941786999999977e+03
9.744573609999999917e+02
9.253993010000000368e+02
9.046097569999999450e+02
9.169612429999999677e+02
9.637833799999999655e+02
1.044774245999999948e+03
1.156970795499999895e+03
1.294787578500000109e+03
1.451002634500000113e+03
1.616967324499999904e+03
1.784607888499999945e+03
1.943914923999999928e+03
2.087976443999999901e+03
2.206234711999999945e+03
2.297615614499999992e+03
2.356225252499999897e+03
2.381961598500000036e+03
2.373904401499999949e+03
2.335182557000000088e+03
2.271674664499999835e+03
2.188342985499999941e+03
2.091588749999999891e+03
1.991840255000000070e+03
1.892978637500000104e+03
1.803824949000000061e+03
1.727105475999999953e+03
1.665495609999999942e+03
1.618058370499999910e+03
1.583267757000000074e+03
1.555754159000000072e+03
1.530553212000000030e+03
1.503131945999999971e+03
1.471439243999999917e+03
1.434352593000000070e+03
1.393438542500000040e+03
1.352348977999999988e+03
1.316498754499999905e+03
1.294712016499999891e+03
1.291855360999999903e+03
1.315292691500000046e+03
1.369753995499999974e+03
1.457241588000000093e+03
1.574480765999999903e+03
1.718252470500000072e+03
1.878288997999999992e+03
2.046061219500000107e+03
2.211853798499999812e+03
2.362562212499999987e+03
2.491453617499999837e+03
2.591913920999999846e+03
2.655717493000000104e+03
2.685437984499999857e+03
2.681712171000000126e+03
2.644149746999999934e+03
2.577653439499999877e+03
2.489415039500000148e+03
2.382476080999999795e+03
2.263088072500000180e+03
2.137110912999999982e+03
2.011442704000000049e+03
1.891271860500000003e+03
1.781784238499999901e+03
1.688269899500000065e+03
1.613229734999999891e+03
1.559641524500000060e+03
1.526790722499999902e+03
1.513052558999999974e+03
1.516598692499999970e+03
1.535065941999999950e+03
1.562361465499999895e+03
1.598305169499999920e+03
1.642178210000000036e+03
1.689978627499999902e+03
1.746711199000000079e+03
1.811149520500000108e+03
1.884908443499999976e+03
1.971166386000000102e+03
2.067297102999999879e+03
2.172104879999999866e+03
2.283144743500000004e+03
2.395999716499999977e+03
2.506359343499999795e+03
2.606903311999999914e+03
2.692105962499999805e+03
2.758089137999999821e+03
2.801048113499999999e+03
2.821871934499999952e+03
2.814162513499999932e+03
2.787233381000000008e+03
2.736217461499999899e+03
2.669588722500000131e+03
2.586297322999999778e+03
2.489778961999999865e+03
2.385654532500000187e+03
2.273824884000000111e+03
2.159717745500000092e+03
2.044331153000000086e+03
1.934672350999999935e+03
1.830827999500000033e+03
1.741171426999999994e+03
1.671344808000000057e+03
1.623139814999999999e+03
1.600523691999999983e+03
1.608861190000000079e+03
1.645846839999999929e+03
1.712776429000000007e+03
1.805284280999999964e+03
1.920463508999999931e+03
2.051232583999999861e+03
2.191605165999999826e+03
2.334677118499999779e+03
2.474047273000000132e+03
2.603320921999999882e+03
2.718291121000000203e+03
2.816092877000000044e+03
2.891059850999999981e+03
2.947349481000000196e+03
2.980097044499999811e+03
2.993904477000000043e+03
2.988794247499999983e+03
2.967914752499999850e+03
2.933801363000000038e+03
2.887264374500000031e+03
2.834544269999999869e+03
2.773700031500000023e+03
2.709191143000000011e+03
2.640480525500000113e+03
2.569233391000000211e+03
2.496183937499999956e+03
2.421941286000000218e+03
2.346294331000000057e+03
2.269224254000000201e+03
2.193554551000000174e+03
2.116894607499999893e+03
2.044076046500000075e+03
1.979582333000000062e+03
1.925604835999999978e+03
1.889103078999999980e+03
1.877428388499999983e+03
1.891828498500000023e+03
1.939901740000000018e+03
2.021098476500000061e+03
2.133679066000000148e+03
2.276050419499999862e+03
2.439049969499999861e+03
2.618015398999999888e+03
2.797086635499999829e+03
2.967486978500000077e+03
3.117341770999999881e+03
3.242734346499999901e+03
3.332010009499999796e+03
3.384653973500000120e+03
3.400433234000000084e+03
3.381920137499999782e+03
3.332510651000000053e+03
3.258585288499999933e+03
3.167810821999999916e+03
3.067282216999999946e+03
2.961547775000000001e+03
2.859095216000000164e+03
2.758932303500000216e+03
2.667470545499999844e+03
2.586004419500000040e+03
2.515117640500000107e+03
2.454901417999999921e+03
2.402924507499999891e+03
2.359733572999999978e+03
2.325186815500000193e+03
2.297820877499999824e+03
2.277979775499999960e+03
2.264887185500000214e+03
2.261498765499999990e+03
2.266181901500000095e+03
2.284079382999999780e+03
2.317889033500000096e+03
2.368836362999999892e+03
2.440432214999999815e+03
2.532271074000000226e+03
2.644588302999999996e+03
2.775547542499999963e+03
2.917857434500000181e+03
3.067277782999999999e+03
3.214145489999999882e+03
3.353404753499999970e+03
3.473438807500000166e+03
3.569003085499999997e+03
3.633196179500000198e+03
3.662881951500000014e+03
3.656273390500000005e+03
3.616227313500000037e+03
3.543651859499999773e+03
3.446468139499999779e+03
3.330797821499999827e+03
3.203811733999999888e+03
3.073668608999999833e+03
2.941073777999999947e+03
2.817912695500000154e+03
2.704648408999999901e+03
2.606884724999999889e+03
2.523673667500000192e+03
2.460319033000000218e+03
2.416303014999999959e+03
2.391506450500000028e+03
2.386366457999999966e+03
2.401367901000000074e+03
2.434567936999999802e+03
2.486556443999999829e+03
2.554256919500000095e+03
2.636705116999999973e+03
2.731070411000000149e+03
2.833274013499999910e+03
2.942860048999999890e+03
3.052795461000000159e+03
3.165645009500000015e+03
3.273587591999999859e+03
3.378075682499999857e+03
3.473016005500000119e+03
3.555778123500000220e+03
3.629320290000000114e+03
3.686743838500000038e+03
3.726780956000000060e+03
3.753207087499999943e+03
3.759610334500000135e+03
3.746239998000000014e+03
3.715354421999999886e+03
3.662351230000000214e+03
3.592023112500000025e+03
3.505322869499999797e+03
3.404615077500000098e+03
3.292610424999999850e+03
3.176303131000000121e+03
3.057140335999999934e+03
2.940921651499999825e+03
2.830720339999999851e+03
2.735589304499999798e+03
2.653824218000000201e+03
2.592111560499999996e+03
2.553012605500000063e+03
2.541757154999999784e+03
2.554932320500000060e+03
2.598453969499999857e+03
2.669229308999999830e+03
2.768812487000000147e+03
2.888545232999999826e+03
3.029726882500000102e+03
3.182057691999999861e+03
3.339613242999999784e+03
3.496031840499999817e+03
3.640851811500000167e+03
3.770282533000000058e+03
3.875938658500000201e+03
3.956060524999999870e+03
4.004335795500000131e+03
4.026290179000000080e+03
4.022474180000000160e+03
3.993883386500000142e+03
3.949104773000000023e+03
3.891921996000000036e+03
3.824011465000000044e+03
3.753327451999999994e+03
3.679321546000000126e+03
3.603758932499999901e+03
3.528902359000000160e+03
3.453702904000000217e+03
3.378036395000000084e+03
3.302247915999999805e+03
3.224128066000000217e+03
3.145312077500000214e+03
3.072353092500000002e+03
3.002190179499999886e+03
2.941940525500000149e+03
2.893834423499999957e+03
2.860889007000000220e+03
2.849249529499999880e+03
2.861535247499999969e+03
2.900463064000000031e+03
2.966040836000000127e+03
3.059810200999999779e+03
3.176984980499999892e+03
3.319061446000000160e+03
3.475302079999999933e+03
3.643089700999999877e+03
3.807535936499999934e+03
3.967037928000000193e+03
4.111180776999999580e+03
4.231447398500000418e+03
4.319651498500000343e+03
4.375069927499999721e+03
4.393854233500000191e+03
4.376047939000000042e+03
4.324593853499999568e+03
4.244926067499999590e+03
4.145689553500000329e+03
4.029030076500000177e+03
3.907991387000000032e+03
3.785908174499999859e+03
3.669491481500000191e+03
3.562424575999999888e+03
3.468858017999999902e+03
3.389343107000000145e+03
3.324431935499999781e+03
3.272161728999999923e+03
3.231052767000000131e+03
3.202969797000000199e+03
3.183488778500000080e+03
3.174967685999999958e+03
3.178265114499999981e+03
3.194290942499999801e+03
3.221294925499999863e+03
3.265328488000000107e+03
3.326896807499999795e+03
3.405544809500000156e+03
3.498138159499999801e+03
3.608564777000000049e+03
3.728885627499999828e+03
3.858135917999999947e+03
3.992116363999999976e+03
4.123797209999999723e+03
4.249872927499999605e+03
4.359791850999999951e+03
4.453603369999999813e+03
4.525253705500000251e+03
4.572073580000000220e+03
4.591982474499999626e+03
4.580557375499999580e+03
4.540252808000000186e+03
4.473598052999999709e+03
4.381093477000000348e+03
4.268281283999999687e+03
4.142059944499999801e+03
4.006985175499999968e+03
3.869090418000000227e+03
3.737180562500000178e+03
3.613994433500000014e+03
3.504922900500000196e+03
3.415997813500000120e+03
3.349172371999999996e+03
3.306559381000000030e+03
3.287990965999999844e+03
3.292633876500000042e+03
3.320048335500000121e+03
3.368634826500000145e+03
3.437902783999999883e+03
3.523825529000000188e+03
3.624271444999999858e+03
3.734579688499999975e+03
3.856264669000000140e+03
3.980899434999999812e+03
4.105734478999999737e+03
4.228929148500000338e+03
4.343891926500000409e+03
4.449220900000000256e+03
4.538374323000000004e+03
4.608676437500000247e+03
4.663758815999999570e+03
4.697425121500000387e+03
4.714652564500000153e+03
4.712521983499999806e+03
4.693074127500000031e+03
4.659696826499999588e+03
4.608735679000000346e+03
4.546871665499999835e+03
4.469495324999999866e+03
4.384218339000000014e+03
4.287861724999999751e+03
4.184273917999999867e+03
4.074623838999999862e+03
3.962197019000000182e+03
3.851074451500000123e+03
3.746204292999999780e+03
3.652312104000000090e+03
3.575981537499999831e+03
3.520371826000000056e+03
3.491020320999999967e+03
3.486802932000000055e+03
3.515445769999999811e+03
3.571177353000000039e+03
3.658090992999999798e+03
3.769733613500000047e+03
3.903689539500000137e+03
4.052313669499999833e+03
4.211942202500000349e+03
4.372727945999999974e+03
4.527123394000000189e+03
4.670737823999999819e+03
4.795529354500000409e+03
4.896811937999999827e+03
4.973590000000000146e+03
5.018899604000000181e+03
5.035941157000000203e+03
5.022291146999999910e+03
4.985596789999999601e+03
4.928529674499999601e+03
4.852842207499999859e+03
4.769375254999999925e+03
4.676251233500000126e+03
4.581531291000000238e+03
4.488999584500000310e+03
4.399023454000000129e+03
4.313971097999999984e+03
4.234772202000000107e+03
4.158821520000000419e+03
4.089457149500000014e+03
4.025473266999999851e+03
3.964772304999999960e+03
3.911534067500000219e+03
3.869885115500000211e+03
3.839796945999999934e+03
3.825399780499999906e+03
3.832394286000000193e+03
3.862592075000000023e+03
3.916954478499999823e+03
3.996360916000000088e+03
4.102090986500000326e+03
4.229338040499999806e+03
4.371532240999999885e+03
4.527346297500000219e+03
4.687645228000000316e+03
4.843913641000000098e+03
4.989762356999999611e+03
5.115767450500000450e+03
5.220151705000000220e+03
5.294493459000000257e+03
5.336372128500000144e+03
5.345857979000000341e+03
5.322323459500000354e+03
5.270431417499999952e+03
5.188394630499999948e+03
5.088512663000000430e+03
4.970161723500000335e+03
4.844582053500000256e+03
4.714578609500000312e+03
4.587708031000000119e+03
4.469653349999999591e+03
4.363894188500000382e+03
4.270194764500000019e+03
4.196262359000000288e+03
4.140677993000000242e+03
4.101844218500000352e+03
4.081709959499999968e+03
4.078451668499999869e+03
4.089554925500000081e+03
4.115960768500000086e+03
4.156479481000000305e+03
4.210395579500000167e+03
4.280290428000000247e+03
4.362377604000000247e+03
4.456910438500000055e+03
4.564543761500000073e+03
4.679704675500000121e+03
4.803598123499999929e+03
4.926973810999999841e+03
5.052036092000000281e+03
5.169148138999999901e+03
5.277212133500000164e+03
5.369144057000000430e+03
5.441138442000000396e+03
5.492921471999999994e+03
5.517754775000000336e+03
5.516908772499999941e+03
5.492303222999999889e+03
5.442169644999999946e+03
5.367087716000000000e+03
5.273369735000000219e+03
5.163834174999999959e+03
5.041337696499999765e+03
4.912640659499999856e+03
4.780712837000000036e+03
4.651862285999999585e+03
4.532220834499999910e+03
4.423084127500000250e+03
4.334339480999999978e+03
4.265871089500000380e+03
4.222719438000000082e+03
4.204915025000000242e+03
4.216479817499999626e+03
4.255082475000000159e+03
4.319515399500000058e+03
4.405022923499999706e+03
4.510682544999999664e+03
4.631695499000000382e+03
4.763330466499999602e+03
4.899343243000000257e+03
5.037216747499999656e+03
4.842088257499999600e+03
4.779480413999999655e+03
4.721898355999999694e+03
4.560897266500000114e+03
4.535341663500000323e+03
4.587914163499999631e+03
4.595636339499999849e+03
4.563991409000000203e+03
4.562635056500000246e+03
4.587475940500000434e+03
4.598812423999999737e+03
4.546485491999999795e+03
4.410584500500000104e+03
4.224043436500000098e+03
4.051397250500000155e+03
3.929286427000000003e+03
3.842466983499999969e+03
3.766778181499999846e+03
3.687642109999999775e+03
3.591543017500000133e+03
3.473184297499999957e+03
3.341300894500000140e+03
3.208795226000000184e+03
3.096963267499999802e+03
3.012679063999999926e+03
2.954814535500000147e+03
2.911515092499999810e+03
2.871851756500000192e+03
2.843333342999999786e+03
2.828121732999999949e+03
2.832131983499999933e+03
2.855270014000000174e+03
2.899714242999999897e+03
2.964287522000000081e+03
3.049327928499999871e+03
3.153354630499999985e+03
3.267537451499999861e+03
3.379296757499999785e+03
3.480947430499999882e+03
3.566351620999999795e+03
3.629716941499999848e+03
3.663951403999999911e+03
3.664023882999999842e+03
3.631086758500000087e+03
3.568063901999999871e+03
3.482114720500000203e+03
3.379735826499999803e+03
3.265753811000000042e+03
3.146267766500000107e+03
3.026312592000000222e+03
2.907806414000000132e+03
2.800647687000000133e+03
2.703383903500000088e+03
2.618770338499999980e+03
2.539526446500000020e+03
2.461862964500000089e+03
2.384254515499999798e+03
2.305553139000000101e+03
2.227658166000000165e+03
2.160454785500000071e+03
2.107194824499999868e+03
2.077912475000000086e+03
2.076301508999999896e+03
2.104234290500000043e+03
2.161552177999999913e+03
2.244497556499999973e+03
2.347453747500000190e+03
2.466849407499999870e+03
2.592897435500000029e+03
2.716583873500000209e+03
2.830644273500000054e+03
2.922313979000000018e+03
2.984286117999999988e+03
3.008650720499999807e+03
2.995777263999999832e+03
2.951350668000000042e+03
2.881308308000000125e+03
2.795383780499999830e+03
2.701729485500000010e+03
2.608650756500000170e+03
2.519045150999999805e+03
2.436849152499999946e+03
2.360196870499999932e+03
2.292230427999999847e+03
2.229665015500000209e+03
2.175626094499999908e+03
2.126328085999999985e+03
2.080522604499999943e+03
2.036789487999999892e+03
1.993124792000000070e+03
1.948824620500000037e+03
1.905530203999999912e+03
1.864016748999999891e+03
1.830015996500000028e+03
1.803957228499999928e+03
1.789701673999999912e+03
1.788871279499999901e+03
1.802737247499999967e+03
1.829892719500000112e+03
1.867458803499999931e+03
1.915503146000000015e+03
1.968047012499999937e+03
2.023178127500000073e+03
2.076915816499999892e+03
2.123740138000000115e+03
2.165489775500000178e+03
2.194912632999999914e+03
2.212463552499999878e+03
2.216953567999999905e+03
2.208348267500000020e+03
2.189427646000000095e+03
2.161037564000000202e+03
2.124906070000000000e+03
2.084863954500000091e+03
2.041129517999999962e+03
1.996139987999999903e+03
1.949380484999999908e+03
1.902879012000000102e+03
1.857047626499999978e+03
1.813103667000000087e+03
1.769906604000000016e+03
1.729034457499999917e+03
1.691892291999999998e+03
1.657338279499999999e+03
1.626433880000000045e+03
1.597435883999999987e+03
1.570183466499999895e+03
1.545363262999999961e+03
1.521701009000000113e+03
1.500176873999999998e+03
1.480676766000000043e+03
1.463495675500000061e+03
1.451821183999999903e+03
1.448120610500000112e+03
1.448819504499999994e+03
1.457773523500000010e+03
1.471887925499999938e+03
1.491616603500000110e+03
1.512099639000000025e+03
1.531865825500000028e+03
1.551061441000000059e+03
1.567142158000000109e+03
1.581356267500000058e+03
1.592175081500000033e+03
1.602798158999999941e+03
1.610730915000000095e+03
1.616873599999999897e+03
1.621369402499999978e+03
1.621268152999999984e+03
1.615463959500000101e+03
1.602925363500000003e+03
1.580682184000000007e+03
1.553756630999999970e+03
1.518118210999999974e+03
1.478588338499999963e+03
1.436511032500000056e+03
1.394075660499999913e+03
1.353234635499999968e+03
1.315295945500000016e+03
1.281218119500000057e+03
1.250448905499999910e+03
1.223817238999999972e+03
1.199756421000000046e+03
1.178795071999999891e+03
1.160688169499999958e+03
1.146554733500000111e+03
1.133913682000000108e+03
1.125742014500000096e+03
1.119640193499999896e+03
1.117827148500000021e+03
1.117232167500000060e+03
1.117379139500000065e+03
1.119493404499999997e+03
1.118285777999999937e+03
1.117065949999999930e+03
1.113054908500000010e+03
1.105518553500000053e+03
1.096608359999999948e+03
1.085948822500000006e+03
1.074897478000000092e+03
1.064847163500000079e+03
1.055524757500000078e+03
1.050140066500000103e+03
1.047471457999999984e+03
1.048758307999999943e+03
1.053093296000000009e+03
1.060767107500000066e+03
1.070981442999999899e+03
1.081018667499999992e+03
1.089628312499999993e+03
1.097429190500000004e+03
1.100811924500000032e+03
1.100702201999999943e+03
1.096006556000000046e+03
1.085541717500000004e+03
1.069030279000000064e+03
1.047873594500000081e+03
1.018559952500000009e+03
9.856083804999999529e+02
9.475412300000000414e+02
9.064286264999999503e+02
8.642466715000000477e+02
8.227852410000000418e+02
7.836678514999999834e+02
7.477882150000000365e+02
7.170674129999999877e+02
6.925975130000000490e+02
6.739255859999999529e+02
6.607947259999999687e+02
6.542733650000000125e+02
6.521447044999999889e+02
6.542204030000000330e+02
6.618091654999999491e+02
6.719306890000000294e+02
6.837662215000000288e+02
6.974126459999999952e+02
7.114674609999999575e+02
7.237189479999999548e+02
7.343383679999999458e+02
7.392246955000000526e+02
7.394156645000000481e+02
7.334315500000000156e+02
7.207407094999999799e+02
7.031659329999999954e+02
6.811971949999999651e+02
6.564411665000000085e+02
6.316493625000000520e+02
6.085734384999999520e+02
5.883741724999999860e+02
5.728909714999999778e+02
5.627045614999999543e+02
5.565947099999999637e+02
5.544728740000000471e+02
5.562098845000000438e+02
5.592594195000000354e+02
5.628782189999999446e+02
5.662351059999999734e+02
5.689393995000000359e+02
5.700313155000000052e+02
5.688269940000000133e+02
5.661478984999999966e+02
5.605441949999999451e+02
5.522101695000000063e+02
5.412149204999999483e+02
5.268701340000000073e+02
5.093434940000000211e+02
4.881039349999999786e+02
4.627108359999999720e+02
4.335725029999999833e+02
4.019911030000000096e+02
3.680404555000000073e+02
3.339216435000000160e+02
3.000300629999999842e+02
2.683194899999999734e+02
2.405720005000000015e+02
2.176367930000000115e+02
2.008730155000000082e+02
1.906373734999999954e+02
1.863687810000000127e+02
1.887192340000000002e+02
1.953617480000000057e+02
2.058635510000000011e+02
2.184617824999999982e+02
2.320049720000000093e+02
2.451775959999999941e+02
2.565390610000000038e+02
2.657406510000000139e+02
2.720450215000000185e+02
2.751831950000000120e+02
2.761868195000000128e+02
2.740444489999999860e+02
2.698871374999999944e+02
2.636766974999999888e+02
2.555390299999999968e+02
2.453451729999999884e+02
2.326853284999999971e+02
2.180873259999999902e+02
2.010721325000000093e+02
1.817551285000000121e+02
1.612307235000000105e+02
1.393853499999999883e+02
1.179897780000000012e+02
9.735471149999999341e+01
7.809372799999999870e+01
6.126201850000000348e+01
4.710056399999999854e+01
3.510927600000000126e+01
2.553910450000000054e+01
1.799429100000000048e+01
1.224403200000000069e+01
7.797645000000000159e+00
4.360014999999999752e+00
1.374784500000000076e+00
L=10.0,N=1500,T=1.0,r=0.124,eta=0.7245769296239498,t=32192.75567483902s