0.000000000000000000e+00
0.000000000000000000e+00
0.000000000000000000e+00
0.000000000000000000e+00
0.000000000000000000e+00
0.000000000000000000e+00
0.000000000000000000e+00
0.000000000000000000e+00
0.000000000000000000e+00
0.000000000000000000e+00
0.000000000000000000e+00
0.000000000000000000e+00
0.000000000000000000e+00
0.000000000000000000e+00
0.000000000000000000e+00
0.000000000000000000e+00
0.000000000000000000e+00
0.000000000000000000e+00
0.000000000000000000e+00
0.000000000000000000e+00
0.000000000000000000e+00
0.000000000000000000e+00
0.000000000000000000e+00
0.000000000000000000e+00
0.000000000000000000e+00
0.000000000000000000e+00
0.000000000000000000e+00
0.000000000000000000e+00
0.000000000000000000e+00
0.000000000000000000e+00
0.000000000000000000e+00
0.000000000000000000e+00
0.000000000000000000e+00
0.000000000000000000e+00
2.727999999999999956e-03
2.615850000000000120e-02
7.047150000000000636e-02
1.329394999999999882e-01
2.068379999999999941e-01
2.984589999999999743e-01
4.045549999999999979e-01
5.261325000000000029e-01
6.644999999999999796e-01
8.196105000000000196e-01
9.975515000000000354e-01
1.516702049999999957e+01
2.002401000000000053e+01
2.005272150000000053e+01
2.006563799999999986e+01
2.007485050000000015e+01
2.006943449999999984e+01
2.007474500000000006e+01
2.009867949999999936e+01
2.010133150000000057e+01
2.014299799999999863e+01
2.020948650000000058e+01
2.037018450000000058e+01
2.046300349999999924e+01
2.049774700000000038e+01
2.052843400000000074e+01
2.054713050000000152e+01
2.058692449999999852e+01
2.062617649999999969e+01
2.066307749999999999e+01
2.071991299999999825e+01
2.077178149999999945e+01
2.082461699999999993e+01
2.090268500000000174e+01
2.095658299999999841e+01
2.101691449999999861e+01
2.106994949999999989e+01
2.113620999999999839e+01
2.120356449999999882e+01
2.127833599999999947e+01
2.137443749999999909e+01
2.145100599999999957e+01
2.154740849999999952e+01
2.165701149999999942e+01
2.177065650000000119e+01
2.188407450000000054e+01
2.202226200000000134e+01
2.215596299999999985e+01
2.231286449999999988e+01
2.248249649999999988e+01
2.267874450000000053e+01
2.287457699999999861e+01
2.310477849999999833e+01
2.335061899999999824e+01
2.362667049999999946e+01
2.393320950000000025e+01
2.429734300000000147e+01
2.473771100000000089e+01
2.513984449999999882e+01
2.556583750000000066e+01
2.595686650000000029e+01
2.635482299999999967e+01
2.674295049999999918e+01
2.711545249999999996e+01
2.749085750000000061e+01
2.786290550000000010e+01
2.820694999999999908e+01
2.856282099999999957e+01
2.890171000000000134e+01
2.925010849999999962e+01
2.957983150000000094e+01
2.990000649999999993e+01
3.022017599999999860e+01
3.054613099999999903e+01
3.086090499999999892e+01
3.115918699999999930e+01
3.145361750000000001e+01
3.176144999999999996e+01
3.205696650000000147e+01
3.233912699999999774e+01
3.262139350000000348e+01
3.291645799999999866e+01
3.318978849999999881e+01
3.346912650000000156e+01
3.374021749999999997e+01
3.401079399999999708e+01
3.427612549999999914e+01
3.454710949999999769e+01
3.480751200000000267e+01
3.507539450000000159e+01
3.534002199999999760e+01
3.558113949999999903e+01
3.585908599999999780e+01
3.612306000000000239e+01
3.637409749999999775e+01
3.663585499999999939e+01
3.689308299999999718e+01
3.716254550000000023e+01
3.743961999999999790e+01
3.768333799999999911e+01
3.794992849999999862e+01
3.823630500000000154e+01
3.849740599999999802e+01
3.877493350000000305e+01
3.905819449999999904e+01
3.932222600000000057e+01
3.959924399999999878e+01
3.988489049999999736e+01
4.016925350000000350e+01
4.043689499999999981e+01
4.072632899999999978e+01
4.101313499999999834e+01
4.130466200000000043e+01
4.157803750000000065e+01
4.186960249999999917e+01
4.216208699999999965e+01
4.243318550000000045e+01
4.271646799999999899e+01
4.301264350000000292e+01
4.330261399999999838e+01
4.360200700000000040e+01
4.388963749999999919e+01
4.417213550000000311e+01
4.445894299999999788e+01
4.474762049999999647e+01
4.503296850000000262e+01
4.532812400000000252e+01
4.560023350000000164e+01
4.588896749999999969e+01
4.618501049999999708e+01
4.646406850000000333e+01
4.675089400000000239e+01
4.705124550000000028e+01
4.731730100000000050e+01
4.761381449999999660e+01
4.789156650000000326e+01
4.816330800000000067e+01
4.844850350000000105e+01
4.873453949999999679e+01
4.901330699999999752e+01
4.930467000000000155e+01
4.958598349999999755e+01
4.985943950000000058e+01
5.014202999999999832e+01
5.043126099999999923e+01
5.071925499999999687e+01
5.100509999999999877e+01
5.125977050000000190e+01
5.154534449999999879e+01
5.183253049999999718e+01
5.210807299999999742e+01
5.239791999999999916e+01
5.267780299999999727e+01
5.297043049999999909e+01
5.323461600000000260e+01
5.352605400000000202e+01
5.379731050000000181e+01
5.408069700000000068e+01
5.436177550000000025e+01
5.465222099999999728e+01
5.491520849999999854e+01
5.520865299999999820e+01
5.547420900000000188e+01
5.576651900000000239e+01
5.605260249999999900e+01
5.632166949999999872e+01
5.661818949999999973e+01
5.690660199999999946e+01
5.717773600000000300e+01
5.745392700000000019e+01
5.774000199999999694e+01
5.801592699999999780e+01
5.830202100000000343e+01
5.858653000000000333e+01
5.887064300000000117e+01
5.914674949999999853e+01
5.943288499999999885e+01
5.973066049999999905e+01
6.000477000000000061e+01
6.028996750000000304e+01
6.056534700000000271e+01
6.085591600000000057e+01
6.113456750000000284e+01
6.142399749999999869e+01
6.169182200000000194e+01
6.198345150000000103e+01
6.227220299999999753e+01
6.254914099999999877e+01
6.282084249999999770e+01
6.311599900000000218e+01
6.340315600000000273e+01
6.368174750000000017e+01
6.395933699999999789e+01
6.424953399999999704e+01
6.453729400000000282e+01
6.481034900000000221e+01
6.510009650000000647e+01
6.538404500000000041e+01
6.566056199999999876e+01
6.594087849999999662e+01
6.622161300000000494e+01
6.653275250000000085e+01
6.678840399999999988e+01
6.707126100000000690e+01
6.735933350000000530e+01
6.765999600000000669e+01
6.794566050000000246e+01
6.819936850000000561e+01
6.849439900000000137e+01
6.876747450000000583e+01
6.904433650000000000e+01
6.933668900000000690e+01
6.961875650000000348e+01
6.990036899999999775e+01
7.017588299999999890e+01
7.046344899999999711e+01
7.073787249999999460e+01
7.103649000000000058e+01
7.129552400000000034e+01
7.159324200000000360e+01
7.187475899999999740e+01
7.215755900000000622e+01
7.242960999999999672e+01
7.272051650000000222e+01
7.300383150000000398e+01
7.329271699999999612e+01
7.356394749999999760e+01
7.383847600000000000e+01
7.413716599999999346e+01
7.439915299999999831e+01
7.470291199999999776e+01
7.497005299999999295e+01
7.527719100000000196e+01
7.556248300000000029e+01
7.580708850000000609e+01
7.610718199999999456e+01
7.639417199999999752e+01
7.666648449999999571e+01
7.694505350000000021e+01
7.722746050000000650e+01
7.750927849999999353e+01
7.779538499999999601e+01
7.807894500000000448e+01
7.837959949999999765e+01
7.864390299999999456e+01
7.892456599999999867e+01
7.921326299999999776e+01
7.951026450000000523e+01
7.977733499999999367e+01
8.005607899999999688e+01
8.033374100000000340e+01
8.062008099999999899e+01
8.091254849999999976e+01
8.119083949999999561e+01
8.149735049999999603e+01
8.174783499999999492e+01
8.205074899999999616e+01
8.234856650000000400e+01
8.262732750000000692e+01
8.290330749999999682e+01
8.320981899999999598e+01
8.346154649999999720e+01
8.374527349999999615e+01
8.404329199999999389e+01
8.432014999999999816e+01
8.458842799999999329e+01
8.487294599999999889e+01
8.516356000000000392e+01
8.544221699999999942e+01
8.573005899999999713e+01
8.601221499999999764e+01
8.628625049999999419e+01
8.657498099999999397e+01
8.682520599999999433e+01
8.714195399999999836e+01
8.740092799999999329e+01
8.771032399999999996e+01
8.796413499999999885e+01
8.825796599999999614e+01
8.853255950000000496e+01
8.879846849999999847e+01
8.910073250000000655e+01
8.939269149999999797e+01
8.967130450000000508e+01
8.995042050000000700e+01
9.022348449999999787e+01
9.051770349999999610e+01
9.080399699999999541e+01
9.106470450000000483e+01
9.136093449999999905e+01
9.163265499999999975e+01
9.192128900000000158e+01
9.219647999999999399e+01
9.246941350000000170e+01
9.277868449999999712e+01
9.305797400000000152e+01
9.331929700000000594e+01
9.361261849999999640e+01
9.390281050000000107e+01
9.417459300000000155e+01
9.445602250000000311e+01
9.473163350000000094e+01
9.502541800000000194e+01
9.533322300000000382e+01
9.559527300000000594e+01
9.588021650000000307e+01
9.616594349999999736e+01
9.643774550000000545e+01
9.674048100000000261e+01
9.703407799999999384e+01
9.727979700000000207e+01
9.756713750000000118e+01
9.787184449999999458e+01
9.816357200000000205e+01
9.842417700000000025e+01
9.870685000000000286e+01
9.901018650000000321e+01
9.926924900000000207e+01
9.955929999999999325e+01
9.984377800000000036e+01
1.001209829999999954e+02
1.004053384999999992e+02
1.006737679999999955e+02
1.009556445000000053e+02
1.012659605000000056e+02
1.015153825000000012e+02
1.018076080000000019e+02
1.021009430000000009e+02
1.023797100000000029e+02
1.026625779999999963e+02
1.029403520000000043e+02
1.032096345000000071e+02
1.034996935000000065e+02
1.037873670000000033e+02
1.040697825000000023e+02
1.043517015000000043e+02
1.046255204999999933e+02
1.049044714999999997e+02
1.051879404999999963e+02
1.054883269999999982e+02
1.057473135000000042e+02
1.060485280000000046e+02
1.063226535000000013e+02
1.066109380000000044e+02
1.068935675000000032e+02
1.071563144999999935e+02
1.074523575000000051e+02
1.077351579999999984e+02
1.080201229999999981e+02
1.083272560000000055e+02
1.086114409999999992e+02
1.088711765000000042e+02
1.091669074999999935e+02
1.094246339999999975e+02
1.097133314999999953e+02
1.100047825000000046e+02
1.102822800000000001e+02
1.105543804999999935e+02
1.108539870000000036e+02
1.111235345000000052e+02
1.114262169999999941e+02
1.116892694999999947e+02
1.119462955000000051e+02
1.122669920000000019e+02
1.125155460000000005e+02
1.128085255000000018e+02
1.131099064999999939e+02
1.133893225000000058e+02
1.136928809999999999e+02
1.139707705000000004e+02
1.142283649999999966e+02
1.145136239999999930e+02
1.147730379999999997e+02
1.150816865000000035e+02
1.153549560000000014e+02
1.156199440000000038e+02
1.159085759999999965e+02
1.161901244999999960e+02
1.164769069999999971e+02
1.167556395000000009e+02
1.170500444999999985e+02
1.173556580000000054e+02
1.176375405000000001e+02
1.178956950000000035e+02
1.181717299999999966e+02
1.184682370000000020e+02
1.187737589999999983e+02
1.190480095000000063e+02
1.193039430000000038e+02
1.196037139999999965e+02
1.199077214999999939e+02
1.201668939999999992e+02
1.204597449999999981e+02
1.207345775000000003e+02
1.210143214999999941e+02
1.212811700000000030e+02
1.215951649999999944e+02
1.218439419999999984e+02
1.221323359999999951e+02
1.224370935000000031e+02
1.226842929999999967e+02
1.229851965000000007e+02
1.232660065000000031e+02
1.235399510000000021e+02
1.238328929999999986e+02
1.241005619999999965e+02
1.244072800000000001e+02
1.247023345000000063e+02
1.249626990000000006e+02
1.252382669999999933e+02
1.255237795000000034e+02
1.258030459999999948e+02
1.261031499999999994e+02
1.263694205000000039e+02
1.266468375000000037e+02
1.269538445000000024e+02
1.272152750000000054e+02
1.275190510000000046e+02
1.277960860000000025e+02
1.280532185000000140e+02
1.283559344999999894e+02
1.286206814999999892e+02
1.289311600000000055e+02
1.291896120000000110e+02
1.294784400000000062e+02
1.297754955000000052e+02
1.300429415000000120e+02
1.303199644999999975e+02
1.305986814999999979e+02
1.308924164999999959e+02
1.311517325000000085e+02
1.314711985000000141e+02
1.317460035000000005e+02
1.320129934999999932e+02
1.323101090000000113e+02
1.326193954999999960e+02
1.328816290000000038e+02
1.331661369999999920e+02
1.334417410000000075e+02
1.337030555000000049e+02
1.340150280000000009e+02
1.342817410000000109e+02
1.345740610000000004e+02
1.348451624999999865e+02
1.351477204999999913e+02
1.354249484999999993e+02
1.357174694999999929e+02
1.359926920000000052e+02
1.362628229999999974e+02
1.365293540000000121e+02
1.368407435000000021e+02
1.371195275000000038e+02
1.374056720000000098e+02
1.376421650000000056e+02
1.379690699999999879e+02
1.382432909999999993e+02
1.385237534999999980e+02
1.387996300000000076e+02
1.390905845000000056e+02
1.393580305000000124e+02
1.396440915000000018e+02
1.399280760000000043e+02
1.402174259999999890e+02
1.404891915000000040e+02
1.407941744999999969e+02
1.410645890000000122e+02
1.413241534999999942e+02
1.416345374999999933e+02
1.418985979999999927e+02
1.421880099999999914e+02
1.424907734999999889e+02
1.427346970000000113e+02
1.430403870000000097e+02
1.433171734999999956e+02
1.436128649999999993e+02
1.439007425000000069e+02
1.441505479999999864e+02
1.444651594999999986e+02
1.447630929999999978e+02
1.450171095000000037e+02
1.453196309999999869e+02
1.455484395000000006e+02
1.458426724999999919e+02
1.461524584999999945e+02
1.464382369999999867e+02
1.467239790000000141e+02
1.469924579999999992e+02
1.472817009999999982e+02
1.475368655000000047e+02
1.478575324999999907e+02
1.481364020000000039e+02
1.484059995000000072e+02
1.487216324999999983e+02
1.489904329999999959e+02
1.492709490000000017e+02
1.495199039999999968e+02
1.498380214999999964e+02
1.500915285000000097e+02
1.503765464999999892e+02
1.506895235000000071e+02
1.509539829999999938e+02
1.512063170000000127e+02
1.514919580000000110e+02
1.518108550000000037e+02
1.520799685000000068e+02
1.523620789999999943e+02
1.526286445000000072e+02
1.529059829999999920e+02
1.532017179999999996e+02
1.534964740000000063e+02
1.537737574999999879e+02
1.540659609999999873e+02
1.543307350000000042e+02
1.546035484999999881e+02
1.549006165000000124e+02
1.552039039999999943e+02
1.554605400000000088e+02
1.557488720000000058e+02
1.560368819999999914e+02
1.563181235000000129e+02
1.566061535000000049e+02
1.568839605000000006e+02
1.571763405000000091e+02
1.574463470000000029e+02
1.577320229999999981e+02
1.579944059999999979e+02
1.583016095000000121e+02
1.585807519999999897e+02
1.588388209999999958e+02
1.591316119999999898e+02
1.594236339999999927e+02
1.596985180000000071e+02
1.599864680000000021e+02
1.602587489999999946e+02
1.605748159999999984e+02
1.608336295000000007e+02
1.611168030000000044e+02
1.614183874999999944e+02
1.616870304999999917e+02
1.619392660000000035e+02
1.622322704999999985e+02
1.625293864999999869e+02
1.627845450000000085e+02
1.631109784999999874e+02
1.633603659999999991e+02
1.636692500000000052e+02
1.639537244999999928e+02
1.642117695000000026e+02
1.645159235000000137e+02
1.647944405000000074e+02
1.650724519999999984e+02
1.653547394999999938e+02
1.656424524999999903e+02
1.659041850000000125e+02
1.662122400000000084e+02
1.664897924999999930e+02
1.667557845000000043e+02
1.670482719999999972e+02
1.673390679999999975e+02
1.676006889999999885e+02
1.679129320000000121e+02
1.681565544999999986e+02
1.684231159999999932e+02
1.687466604999999902e+02
1.690284670000000062e+02
1.692792819999999949e+02
1.695707125000000133e+02
1.698683289999999886e+02
1.701583809999999914e+02
1.704150899999999922e+02
1.706997729999999933e+02
1.710026229999999998e+02
1.712524229999999932e+02
1.715779034999999908e+02
1.718312645000000032e+02
1.721136654999999962e+02
1.724115850000000023e+02
1.727109299999999905e+02
1.729876950000000022e+02
1.732534004999999979e+02
1.735384760000000028e+02
1.738256954999999948e+02
1.740889364999999884e+02
1.743827009999999973e+02
1.746816640000000120e+02
1.749350675000000024e+02
1.752310745000000054e+02
1.755385464999999954e+02
1.758136360000000025e+02
1.760913170000000036e+02
1.763747365000000116e+02
1.766544700000000034e+02
1.769065884999999980e+02
1.772172994999999958e+02
1.774952499999999986e+02
1.778056479999999908e+02
1.780954590000000053e+02
1.783447585000000117e+02
1.786328479999999956e+02
1.789085000000000036e+02
1.791899980000000028e+02
1.794782564999999863e+02
1.797594469999999944e+02
1.800350479999999891e+02
1.802956269999999961e+02
1.806335735000000113e+02
1.808364669999999990e+02
1.811647659999999860e+02
1.814563880000000040e+02
1.817163419999999974e+02
1.819832994999999869e+02
1.822996205000000032e+02
1.825573745000000088e+02
1.828587474999999927e+02
1.831354300000000137e+02
1.834241795000000081e+02
1.837074409999999887e+02
1.839783050000000060e+02
1.842412155000000098e+02
1.845594710000000021e+02
1.848500909999999919e+02
1.851044540000000040e+02
1.853769015000000024e+02
1.856884384999999895e+02
1.859362015000000099e+02
1.862462370000000078e+02
1.865473624999999913e+02
1.868177014999999983e+02
1.870859489999999994e+02
1.874128959999999893e+02
1.876666969999999992e+02
1.879364229999999907e+02
1.882310490000000129e+02
1.885225634999999897e+02
1.887789239999999893e+02
1.890988609999999994e+02
1.893733445000000017e+02
1.896369719999999859e+02
1.899123899999999878e+02
1.901948920000000101e+02
1.904783794999999884e+02
1.907932064999999966e+02
1.910776470000000131e+02
1.913345840000000067e+02
1.916138860000000079e+02
1.918973504999999875e+02
1.921799369999999954e+02
1.924564354999999978e+02
1.927365430000000117e+02
1.930190920000000006e+02
1.932991534999999885e+02
1.935863290000000063e+02
1.938595554999999990e+02
1.941579999999999870e+02
1.944479039999999941e+02
1.947032714999999996e+02
1.950116285000000005e+02
1.952731714999999895e+02
1.955604339999999866e+02
1.958103419999999915e+02
1.961370569999999987e+02
1.963964819999999918e+02
1.966868110000000058e+02
1.969821230000000014e+02
1.972769380000000012e+02
1.975199910000000045e+02
1.978063249999999869e+02
1.980861329999999896e+02
1.983716929999999934e+02
1.986491384999999923e+02
1.989207485000000020e+02
1.992023680000000070e+02
1.995073874999999930e+02
1.922027385000000095e+02
1.842005924999999991e+02
1.794652480000000025e+02
1.757095669999999927e+02
1.725078870000000109e+02
1.696733825000000024e+02
1.671487904999999898e+02
1.648210065000000100e+02
1.626271830000000023e+02
1.606166225000000054e+02
1.586929839999999956e+02
1.568547140000000013e+02
1.551097880000000089e+02
1.534654529999999966e+02
1.518628354999999885e+02
1.503364315000000033e+02
1.488284109999999885e+02
1.474331024999999897e+02
1.460322099999999921e+02
1.446853375000000028e+02
1.433696175000000039e+02
1.421176445000000115e+02
1.408479169999999954e+02
1.396862800000000107e+02
1.384586764999999957e+02
1.372956264999999973e+02
1.361815724999999873e+02
1.350847934999999893e+02
1.339880374999999901e+02
1.329032860000000085e+02
1.318743985000000123e+02
1.308495284999999910e+02
1.298494185000000130e+02
1.288454849999999965e+02
1.278749310000000037e+02
1.269258619999999951e+02
1.259631030000000038e+02
1.250571690000000018e+02
1.241238314999999943e+02
1.232231254999999948e+02
1.223473225000000042e+02
1.214572430000000054e+02
1.205775459999999981e+02
1.197307870000000065e+02
1.188896390000000025e+02
1.180342234999999960e+02
1.172067564999999973e+02
1.163967320000000001e+02
1.156010095000000035e+02
1.148031074999999959e+02
1.140201694999999944e+02
1.132287155000000070e+02
1.124377850000000052e+02
1.116999985000000066e+02
1.109348190000000045e+02
1.101782094999999941e+02
1.094351419999999990e+02
1.087170749999999941e+02
1.079786344999999983e+02
1.072596044999999947e+02
1.065379695000000027e+02
1.058525834999999944e+02
1.051348284999999976e+02
1.044260924999999958e+02
1.037348960000000062e+02
1.030504329999999982e+02
1.023833724999999930e+02
1.016979099999999931e+02
1.010212769999999978e+02
1.003566184999999962e+02
9.968839300000000492e+01
9.903391449999999452e+01
9.839585449999999867e+01
9.774707300000000032e+01
9.710516499999999951e+01
9.647339100000000656e+01
9.583772999999999342e+01
9.519130450000000110e+01
9.458171900000000676e+01
9.395845699999999567e+01
9.332182749999999771e+01
9.272275849999999764e+01
9.212065400000000182e+01
9.150828350000000455e+01
9.091330150000000287e+01
9.031840049999999565e+01
8.970751149999999541e+01
8.910899000000000569e+01
8.856496350000000461e+01
8.794210099999999386e+01
8.738665199999999800e+01
8.679847449999999753e+01
8.622539799999999843e+01
8.565002850000000478e+01
8.506592499999999291e+01
8.450556349999999384e+01
8.395127899999999954e+01
8.337769099999999867e+01
8.284472449999999810e+01
8.224653600000000608e+01
8.170344799999999452e+01
8.117844350000000020e+01
8.062878050000000485e+01
8.008696050000000355e+01
7.953454499999999427e+01
7.899034450000000618e+01
7.845148050000000239e+01
7.791848600000000147e+01
7.738943449999999302e+01
7.687391650000000709e+01
7.633191600000000676e+01
7.581656949999999995e+01
7.528081249999999613e+01
7.475778499999999838e+01
7.423275099999999327e+01
7.371618800000000249e+01
7.320758949999999743e+01
7.269393349999999998e+01
7.218336250000000121e+01
7.168271500000000174e+01
7.115918650000000412e+01
7.067796450000000164e+01
7.015825850000000230e+01
6.967524600000000135e+01
6.916960450000000549e+01
6.867971500000000162e+01
6.817509149999999352e+01
6.770204800000000489e+01
6.719175099999999645e+01
6.670403600000000210e+01
6.621259050000000457e+01
6.572634150000000375e+01
6.524689200000000255e+01
6.474581650000000366e+01
6.427928350000000535e+01
6.380380300000000204e+01
6.333036450000000173e+01
6.284111399999999747e+01
6.236941649999999981e+01
6.188037400000000332e+01
6.143105649999999684e+01
6.095796099999999740e+01
6.048516850000000034e+01
6.000937150000000031e+01
5.954410949999999758e+01
5.908782349999999894e+01
5.861494249999999795e+01
5.816694799999999788e+01
5.768083699999999681e+01
5.724359199999999959e+01
5.676240899999999812e+01
5.632614199999999727e+01
5.586510400000000232e+01
5.542478249999999917e+01
5.495922749999999724e+01
5.451222949999999656e+01
5.405589750000000038e+01
5.360656949999999910e+01
5.312980100000000050e+01
5.269538200000000217e+01
5.225143949999999649e+01
5.182803450000000112e+01
5.136413399999999996e+01
5.092668350000000288e+01
5.047475150000000355e+01
5.003675700000000148e+01
4.960820149999999984e+01
4.915401099999999701e+01
4.872367549999999881e+01
4.829145050000000339e+01
4.785940149999999704e+01
4.742042349999999828e+01
4.698860950000000258e+01
4.654381899999999916e+01
4.612865349999999864e+01
4.569718149999999923e+01
4.525350699999999904e+01
4.483600650000000343e+01
4.440182500000000232e+01
4.397628000000000270e+01
4.355235749999999939e+01
4.313890399999999659e+01
4.269815400000000238e+01
4.227993450000000308e+01
4.185894249999999772e+01
4.144732950000000216e+01
4.103041900000000197e+01
4.060106050000000266e+01
4.018172549999999887e+01
3.976397750000000286e+01
3.934409699999999788e+01
3.894254699999999758e+01
3.852986599999999839e+01
3.809773100000000312e+01
3.768422249999999707e+01
3.728996899999999926e+01
3.687374299999999749e+01
3.646485100000000301e+01
3.606392400000000009e+01
3.563524400000000014e+01
3.523946250000000191e+01
3.482532100000000241e+01
3.440769850000000218e+01
3.401479599999999692e+01
3.360517000000000110e+01
3.319912200000000269e+01
3.279915799999999848e+01
3.239004899999999765e+01
3.198556650000000090e+01
3.158644449999999892e+01
3.118926199999999938e+01
3.078592499999999887e+01
3.038455250000000163e+01
2.998578600000000094e+01
2.959374150000000014e+01
2.918659650000000028e+01
2.878870549999999895e+01
2.839293350000000160e+01
2.800923949999999962e+01
2.760989299999999957e+01
2.720063650000000166e+01
2.681933599999999984e+01
2.642183149999999969e+01
2.602062899999999956e+01
2.564586699999999908e+01
2.524972550000000027e+01
2.486682499999999862e+01
2.446702799999999911e+01
2.408521449999999930e+01
2.369352400000000003e+01
2.330386100000000127e+01
2.290972650000000144e+01
2.253020499999999871e+01
2.213196350000000123e+01
2.174178099999999958e+01
2.137079900000000166e+01
2.097626100000000093e+01
2.059457049999999967e+01
2.021000700000000094e+01
1.983293700000000115e+01
1.944440399999999869e+01
1.906939099999999954e+01
1.868544299999999936e+01
1.830157900000000026e+01
1.792416049999999927e+01
1.753408549999999977e+01
1.715609050000000124e+01
1.677855050000000148e+01
1.639802849999999879e+01
1.601766599999999841e+01
1.564593999999999951e+01
1.526750949999999918e+01
1.489261600000000030e+01
1.451687650000000041e+01
1.413613100000000067e+01
1.375500650000000036e+01
1.338475200000000065e+01
1.300865149999999915e+01
1.264214450000000056e+01
1.226392350000000064e+01
1.189394799999999996e+01
1.151914999999999978e+01
1.114796399999999998e+01
1.077684649999999955e+01
1.040582850000000015e+01
1.003203500000000048e+01
9.668777999999999651e+00
9.289746499999999685e+00
8.926866000000000412e+00
8.554725499999999982e+00
8.184577000000000879e+00
7.816498499999999794e+00
7.452100999999999864e+00
7.077977999999999881e+00
6.717297000000000295e+00
6.352402999999999800e+00
5.983758500000000424e+00
5.617394499999999624e+00
5.249514999999999709e+00
4.885413500000000298e+00
4.519102000000000174e+00
4.155513499999999638e+00
3.795989000000000058e+00
3.431262499999999882e+00
3.071855499999999850e+00
2.704587500000000144e+00
2.340761999999999787e+00
1.984427500000000011e+00
1.619771000000000072e+00
1.261954999999999938e+00
9.002584999999999615e-01
5.387374999999999803e-01
1.800259999999999916e-01
L=10.0,N=300,T=1.0,r=0.16,eta=0.24127431579569614,t=1113.3657450675964s