0.000000000000000000e+00
0.000000000000000000e+00
0.000000000000000000e+00
0.000000000000000000e+00
0.000000000000000000e+00
0.000000000000000000e+00
0.000000000000000000e+00
0.000000000000000000e+00
0.000000000000000000e+00
0.000000000000000000e+00
0.000000000000000000e+00
0.000000000000000000e+00
0.000000000000000000e+00
0.000000000000000000e+00
0.000000000000000000e+00
0.000000000000000000e+00
0.000000000000000000e+00
0.000000000000000000e+00
0.000000000000000000e+00
0.000000000000000000e+00
0.000000000000000000e+00
0.000000000000000000e+00
0.000000000000000000e+00
0.000000000000000000e+00
0.000000000000000000e+00
0.000000000000000000e+00
0.000000000000000000e+00
0.000000000000000000e+00
0.000000000000000000e+00
0.000000000000000000e+00
0.000000000000000000e+00
0.000000000000000000e+00
0.000000000000000000e+00
0.000000000000000000e+00
1.083500000000000045e-03
9.909499999999999906e-03
2.522550000000000139e-02
4.743599999999999900e-02
7.576700000000000101e-02
1.110310000000000047e-01
1.516135000000000121e-01
1.968554999999999888e-01
2.508885000000000143e-01
3.123934999999999906e-01
3.814845000000000041e-01
5.750208999999999904e+00
7.648952500000000043e+00
7.713745000000000296e+00
7.778456000000000259e+00
7.831986999999999810e+00
7.897700999999999638e+00
7.958655000000000257e+00
8.011749500000000523e+00
8.081850499999999826e+00
8.149318499999999688e+00
8.229304000000000840e+00
8.341034499999999241e+00
8.431240999999999985e+00
8.499304499999999152e+00
8.568104500000000456e+00
8.627266000000000545e+00
8.699930999999999415e+00
8.764442499999999470e+00
8.834512999999999394e+00
8.899214000000000624e+00
8.968715500000000063e+00
9.045133500000000382e+00
9.117608000000000601e+00
9.187431999999999377e+00
9.252470499999999376e+00
9.321972499999999329e+00
9.393131999999999593e+00
9.458754000000000772e+00
9.531622499999999221e+00
9.606277000000000399e+00
9.678777000000000186e+00
9.749204499999999385e+00
9.828020999999999674e+00
9.909969500000000764e+00
9.987915499999999724e+00
1.006528750000000016e+01
1.015232300000000087e+01
1.023037099999999988e+01
1.032141999999999982e+01
1.042112000000000016e+01
1.051721049999999913e+01
1.061970999999999954e+01
1.073290650000000035e+01
1.084300700000000006e+01
1.096431699999999942e+01
1.109082300000000032e+01
1.124230400000000074e+01
1.138549199999999928e+01
1.153176850000000009e+01
1.167838000000000065e+01
1.181862899999999961e+01
1.195955350000000017e+01
1.210207349999999948e+01
1.223872549999999926e+01
1.238303649999999934e+01
1.252090300000000056e+01
1.265944600000000086e+01
1.279901399999999967e+01
1.292550100000000057e+01
1.306963599999999914e+01
1.319546799999999998e+01
1.333171349999999933e+01
1.346900149999999918e+01
1.359898699999999927e+01
1.374056749999999916e+01
1.386147449999999992e+01
1.398833549999999981e+01
1.412066049999999962e+01
1.425610449999999929e+01
1.437599600000000066e+01
1.450457100000000032e+01
1.463090599999999952e+01
1.475293850000000084e+01
1.488558249999999994e+01
1.501117050000000042e+01
1.513279299999999949e+01
1.526715500000000070e+01
1.538838750000000033e+01
1.551027099999999947e+01
1.563016099999999931e+01
1.574953700000000012e+01
1.587490150000000000e+01
1.600644949999999866e+01
1.613001399999999919e+01
1.625422950000000100e+01
1.637361950000000022e+01
1.649326750000000175e+01
1.663081400000000087e+01
1.675311100000000053e+01
1.686654550000000086e+01
1.699153250000000170e+01
1.711245399999999961e+01
1.723338049999999910e+01
1.736157349999999866e+01
1.749273949999999900e+01
1.760808600000000013e+01
1.773137350000000012e+01
1.785919600000000074e+01
1.798671750000000102e+01
1.811743699999999890e+01
1.823542850000000115e+01
1.835342950000000073e+01
1.848148049999999998e+01
1.861036950000000090e+01
1.873642149999999873e+01
1.886985749999999840e+01
1.898237100000000055e+01
1.911408399999999830e+01
1.923457549999999827e+01
1.936674899999999866e+01
1.949188350000000014e+01
1.961721500000000162e+01
1.973955099999999874e+01
1.985974649999999997e+01
1.998809999999999931e+01
2.010993200000000058e+01
2.024326449999999866e+01
2.036603750000000090e+01
2.048893049999999860e+01
2.062202399999999969e+01
2.074466749999999848e+01
2.086549799999999877e+01
2.099951049999999952e+01
2.112131099999999861e+01
2.124833050000000156e+01
2.137547700000000006e+01
2.149587299999999956e+01
2.162636450000000110e+01
2.174478549999999899e+01
2.187098650000000077e+01
2.199499300000000090e+01
2.212499100000000141e+01
2.225808599999999871e+01
2.237990350000000106e+01
2.249308149999999884e+01
2.263064200000000170e+01
2.275229450000000142e+01
2.287528849999999991e+01
2.301208300000000051e+01
2.313649450000000130e+01
2.325347650000000144e+01
2.339154650000000046e+01
2.350227999999999895e+01
2.363620149999999853e+01
2.375650249999999986e+01
2.387628099999999876e+01
2.400691799999999887e+01
2.413522999999999996e+01
2.426188499999999948e+01
2.437994399999999828e+01
2.451475149999999914e+01
2.462748200000000054e+01
2.476178300000000121e+01
2.488155199999999923e+01
2.500692150000000069e+01
2.513057099999999977e+01
2.525735699999999895e+01
2.538493749999999949e+01
2.550707399999999936e+01
2.563890599999999864e+01
2.575557050000000103e+01
2.588421650000000085e+01
2.601156299999999888e+01
2.614065150000000060e+01
2.626097999999999999e+01
2.639380549999999914e+01
2.650749899999999926e+01
2.664782900000000154e+01
2.676117449999999920e+01
2.689324900000000085e+01
2.702291599999999860e+01
2.713689349999999934e+01
2.726675200000000032e+01
2.739780049999999889e+01
2.751454400000000078e+01
2.764422499999999872e+01
2.776315200000000161e+01
2.789113250000000122e+01
2.801485399999999970e+01
2.814480950000000092e+01
2.826896400000000042e+01
2.839574349999999825e+01
2.852473750000000052e+01
2.865152050000000017e+01
2.876627099999999970e+01
2.889721450000000047e+01
2.901853699999999847e+01
2.915369300000000052e+01
2.926454749999999905e+01
2.939354600000000062e+01
2.951892300000000091e+01
2.964857500000000101e+01
2.976729650000000049e+01
2.989630550000000042e+01
3.003203099999999992e+01
3.013922150000000144e+01
3.027265350000000055e+01
3.039197199999999910e+01
3.051727500000000148e+01
3.065749299999999877e+01
3.077809699999999893e+01
3.091036100000000175e+01
3.103024600000000177e+01
3.115625650000000135e+01
3.126555850000000092e+01
3.140068199999999976e+01
3.151609200000000044e+01
3.164777949999999862e+01
3.177726200000000034e+01
3.190753300000000081e+01
3.202251199999999898e+01
3.215285999999999689e+01
3.226878800000000069e+01
3.240086500000000314e+01
3.252880300000000346e+01
3.265556999999999732e+01
3.278551499999999663e+01
3.290188100000000304e+01
3.302768449999999945e+01
3.315544100000000327e+01
3.328270899999999699e+01
3.339826399999999751e+01
3.353604649999999765e+01
3.366111949999999808e+01
3.378445399999999665e+01
3.389549099999999981e+01
3.403574249999999779e+01
3.416290550000000081e+01
3.428112200000000342e+01
3.440530499999999847e+01
3.453529199999999832e+01
3.465503300000000309e+01
3.478613550000000032e+01
3.490575400000000172e+01
3.503082400000000263e+01
3.515226650000000319e+01
3.529260000000000019e+01
3.540745499999999879e+01
3.552741850000000312e+01
3.564665850000000091e+01
3.578666549999999802e+01
3.592128999999999905e+01
3.602942949999999911e+01
3.616378999999999877e+01
3.628145200000000159e+01
3.640232850000000298e+01
3.654554100000000005e+01
3.665972599999999915e+01
3.678824449999999757e+01
3.691409600000000069e+01
3.703951150000000325e+01
3.715973050000000200e+01
3.729461700000000235e+01
3.742066299999999757e+01
3.753950449999999961e+01
3.766763600000000167e+01
3.779007949999999738e+01
3.791436900000000065e+01
3.804093749999999829e+01
3.817799850000000106e+01
3.828607999999999834e+01
3.841985050000000257e+01
3.854675749999999823e+01
3.866633999999999816e+01
3.878919150000000116e+01
3.892330650000000247e+01
3.903576699999999988e+01
3.917144249999999772e+01
3.928232950000000301e+01
3.942114000000000118e+01
3.953450099999999878e+01
3.965061500000000194e+01
3.979117999999999711e+01
3.991266699999999901e+01
4.003874499999999870e+01
4.016806199999999905e+01
4.028929149999999737e+01
4.040829200000000299e+01
4.052547650000000345e+01
4.066479700000000008e+01
4.078354550000000245e+01
4.092205400000000282e+01
4.104062849999999685e+01
4.115196250000000333e+01
4.128202149999999904e+01
4.141572299999999984e+01
4.153602399999999761e+01
4.167037650000000326e+01
4.178530700000000309e+01
4.192568049999999857e+01
4.203980049999999835e+01
4.215968199999999655e+01
4.229500199999999666e+01
4.242049099999999839e+01
4.255684449999999686e+01
4.266797650000000175e+01
4.279871399999999682e+01
4.292617099999999652e+01
4.304799500000000023e+01
4.317249449999999911e+01
4.330865150000000341e+01
4.343139699999999692e+01
4.354828200000000038e+01
4.366781499999999738e+01
4.380832399999999893e+01
4.394855299999999687e+01
4.406096200000000351e+01
4.416775750000000045e+01
4.431433899999999682e+01
4.443488250000000050e+01
4.456624049999999926e+01
4.468385250000000042e+01
4.482080599999999748e+01
4.495191350000000341e+01
4.505697599999999881e+01
4.518557049999999720e+01
4.531520650000000217e+01
4.543256300000000181e+01
4.554889800000000122e+01
4.569194650000000024e+01
4.580993699999999791e+01
4.592342899999999872e+01
4.606300999999999846e+01
4.618650050000000107e+01
4.631358099999999922e+01
4.644141700000000128e+01
4.656021100000000246e+01
4.669261850000000180e+01
4.680220249999999993e+01
4.693205849999999657e+01
4.705064749999999663e+01
4.718100400000000150e+01
4.732176599999999667e+01
4.743505650000000173e+01
4.756048100000000289e+01
4.767812800000000095e+01
4.780765600000000148e+01
4.794047249999999849e+01
4.805361450000000190e+01
4.818330650000000048e+01
4.830651050000000168e+01
4.843215099999999751e+01
4.856231749999999892e+01
4.869566249999999741e+01
4.880633749999999793e+01
4.895275000000000176e+01
4.907996599999999887e+01
4.917843400000000287e+01
4.931376449999999778e+01
4.942756700000000336e+01
4.956529700000000105e+01
4.970765099999999848e+01
4.982112649999999832e+01
4.993824800000000153e+01
5.006018949999999990e+01
5.019882750000000016e+01
5.032862099999999828e+01
5.044771399999999772e+01
5.056811400000000134e+01
5.070642899999999997e+01
5.081877649999999846e+01
5.094281200000000354e+01
5.106408199999999908e+01
5.119546549999999741e+01
5.133277249999999725e+01
5.145904300000000120e+01
5.158667700000000167e+01
5.171239800000000031e+01
5.181513749999999874e+01
5.195267549999999801e+01
5.207333450000000141e+01
5.220018000000000313e+01
5.232441649999999811e+01
5.243869149999999735e+01
5.258581749999999744e+01
5.269814850000000206e+01
5.283468549999999908e+01
5.295091599999999943e+01
5.307389849999999853e+01
5.320327799999999741e+01
5.332188800000000128e+01
5.344763300000000328e+01
5.357894799999999691e+01
5.370325549999999737e+01
5.384183149999999785e+01
5.394891400000000203e+01
5.408634599999999892e+01
5.421766449999999793e+01
5.433340849999999733e+01
5.445895550000000185e+01
5.457728800000000291e+01
5.469845049999999986e+01
5.482585699999999918e+01
5.495806000000000324e+01
5.508916349999999795e+01
5.520169949999999659e+01
5.532756750000000068e+01
5.545750999999999920e+01
5.557978200000000157e+01
5.570596799999999860e+01
5.583746250000000089e+01
5.595849050000000346e+01
5.610152949999999805e+01
5.622059850000000125e+01
5.635302750000000316e+01
5.647822949999999764e+01
5.659036199999999894e+01
5.671085699999999719e+01
5.682801700000000267e+01
5.696763099999999724e+01
5.708636200000000116e+01
5.719473450000000270e+01
5.734700449999999705e+01
5.747588700000000017e+01
5.760059400000000096e+01
5.771724549999999709e+01
5.785482749999999896e+01
5.796982450000000142e+01
5.809584300000000212e+01
5.820869499999999874e+01
5.835708199999999835e+01
5.846264149999999660e+01
5.859042949999999905e+01
5.872335700000000003e+01
5.884797100000000114e+01
5.896763750000000215e+01
5.908953749999999872e+01
5.921511350000000107e+01
5.934131649999999780e+01
5.946364499999999964e+01
5.959908599999999979e+01
5.971284450000000277e+01
5.984143350000000083e+01
5.996418150000000225e+01
6.008614000000000033e+01
6.021418349999999720e+01
6.035926950000000346e+01
6.047295749999999970e+01
6.061382700000000057e+01
6.072211699999999723e+01
6.084963799999999878e+01
6.096340750000000241e+01
6.109211400000000225e+01
6.122715199999999669e+01
6.135001799999999861e+01
6.146599150000000122e+01
6.158827800000000252e+01
6.172606050000000266e+01
6.185241849999999886e+01
6.197217650000000333e+01
6.209119400000000155e+01
6.222318549999999959e+01
6.235659950000000151e+01
6.248617600000000039e+01
6.261495850000000019e+01
6.274059100000000200e+01
6.284955850000000055e+01
6.295544000000000295e+01
6.309737200000000001e+01
6.323668150000000310e+01
6.335848250000000093e+01
6.348512449999999774e+01
6.360278300000000229e+01
6.373390100000000302e+01
6.385869199999999779e+01
6.398140250000000151e+01
6.411300799999999356e+01
6.423618999999999346e+01
6.435729000000000610e+01
6.448466650000000300e+01
6.461608200000000579e+01
6.473862649999999519e+01
6.485974749999999744e+01
6.499383600000000172e+01
6.511719200000000285e+01
6.525447450000000060e+01
6.537146900000000471e+01
6.549657700000000204e+01
6.561051550000000532e+01
6.574195050000000151e+01
6.587576950000000409e+01
6.598130600000000356e+01
6.612861250000000268e+01
6.624538250000000517e+01
6.637165500000000407e+01
6.648775849999999821e+01
6.662328549999999439e+01
6.674233099999999297e+01
6.685916050000000155e+01
6.699386800000000619e+01
6.710767850000000578e+01
6.724176900000000501e+01
6.736376099999999667e+01
6.750271200000000249e+01
6.763109400000000448e+01
6.773839300000000208e+01
6.786877499999999941e+01
6.799442949999999541e+01
6.811356700000000330e+01
6.823785250000000246e+01
6.837108000000000629e+01
6.850085500000000138e+01
6.862926600000000121e+01
6.873691200000000379e+01
6.886122949999999321e+01
6.899654400000000010e+01
6.912587100000000362e+01
6.924307349999999417e+01
6.936672649999999862e+01
6.949507450000000119e+01
6.962035600000000102e+01
6.974434200000000317e+01
6.987335299999999449e+01
6.999885600000000352e+01
7.011516000000000304e+01
7.023363949999999534e+01
7.037523500000000354e+01
7.047568750000000648e+01
7.061368749999999750e+01
7.073941600000000562e+01
7.086512100000000203e+01
7.100844299999999976e+01
7.113223100000000443e+01
7.125870849999999734e+01
7.137340550000000405e+01
7.150047250000000076e+01
7.162191049999999848e+01
7.174020899999999301e+01
7.186425749999999368e+01
7.201060250000000451e+01
7.213041699999999423e+01
7.226159850000000517e+01
7.239412450000000376e+01
7.250864900000000546e+01
7.263787700000000314e+01
7.274821350000000564e+01
7.288373049999999864e+01
7.300898100000000568e+01
7.313841349999999863e+01
7.325627199999999561e+01
7.339693400000000167e+01
7.351021400000000483e+01
7.363594899999999654e+01
7.376192149999999970e+01
7.391204849999999738e+01
7.402302050000000122e+01
7.415436599999999601e+01
7.426367249999999842e+01
7.439322149999999567e+01
7.452467500000000200e+01
7.464847199999999816e+01
7.477143949999999961e+01
7.489150150000000394e+01
7.502626200000000267e+01
7.514472299999999905e+01
7.528347850000000108e+01
7.538168050000000164e+01
7.552299750000000245e+01
7.565307099999999707e+01
7.575588050000000351e+01
7.589147300000000484e+01
7.599895549999999389e+01
7.614638999999999669e+01
7.626078350000000228e+01
7.640600100000000339e+01
7.652835699999999974e+01
7.663712099999999339e+01
7.676510299999999631e+01
7.688524200000000519e+01
7.701502349999999808e+01
7.715055700000000627e+01
7.727574099999999646e+01
7.739644250000000625e+01
7.751373700000000611e+01
7.764861100000000249e+01
7.777229800000000637e+01
7.789933600000000524e+01
7.802564750000000515e+01
7.816249299999999778e+01
7.826301949999999863e+01
7.840516300000000172e+01
7.850680099999999584e+01
7.866119199999999978e+01
7.878121600000000058e+01
7.889009149999999693e+01
7.902995149999999569e+01
7.916247900000000470e+01
7.926622450000000697e+01
7.939140500000000600e+01
7.952974050000000261e+01
7.964369349999999770e+01
7.977910649999999748e+01
7.988537700000000541e+01
8.002683150000000012e+01
8.015786500000000103e+01
8.027124200000000087e+01
8.040447050000000218e+01
8.051262800000000652e+01
8.066569649999999569e+01
8.077015400000000511e+01
8.090936949999999683e+01
8.101210849999999652e+01
8.114921150000000694e+01
8.127002349999999353e+01
8.140041200000000288e+01
8.153039250000000493e+01
8.164933249999999987e+01
8.177214250000000106e+01
8.190614600000000678e+01
8.202788250000000403e+01
8.216058599999999501e+01
8.228353300000000559e+01
8.239933750000000146e+01
8.251738600000000190e+01
8.263876999999999384e+01
8.278902800000000184e+01
8.292531449999999893e+01
8.304196299999999553e+01
8.315284099999999512e+01
8.327129399999999748e+01
8.339898549999999489e+01
8.354307900000000586e+01
8.366875699999999938e+01
8.378399949999999308e+01
8.392634099999999364e+01
8.404130999999999574e+01
8.416943550000000585e+01
8.428352099999999325e+01
8.439886250000000700e+01
8.452663049999999600e+01
8.466349700000000666e+01
8.478470400000000495e+01
8.491117950000000292e+01
8.504614800000000230e+01
8.515220499999999504e+01
8.528714800000000196e+01
8.542729799999999329e+01
8.554050800000000265e+01
8.565491500000000258e+01
8.578566800000000114e+01
8.590925649999999791e+01
8.603760250000000553e+01
8.616825849999999321e+01
8.629477199999999470e+01
8.641007199999999955e+01
8.654632599999999343e+01
8.668185149999999339e+01
8.679181850000000509e+01
8.692242749999999774e+01
8.706504649999999401e+01
8.717004450000000304e+01
8.728290450000000078e+01
8.740941349999999943e+01
8.754985499999999377e+01
8.767715800000000570e+01
8.779810799999999915e+01
8.792800200000000643e+01
8.805388800000000060e+01
8.818337599999999554e+01
8.830285000000000650e+01
8.841698800000000347e+01
8.856549300000000358e+01
8.529227149999999824e+01
8.176019549999999469e+01
7.963900499999999738e+01
7.797686099999999954e+01
7.655804150000000163e+01
7.532744750000000522e+01
7.419889700000000232e+01
7.315010800000000302e+01
7.218610999999999933e+01
7.128113299999999697e+01
7.042168449999999780e+01
6.961659149999999840e+01
6.884854300000000649e+01
6.811738200000000631e+01
6.740949899999999673e+01
6.671405599999999936e+01
6.607184700000000532e+01
6.544420250000000294e+01
6.482040349999999762e+01
6.422537400000000218e+01
6.363964949999999732e+01
6.307641950000000008e+01
6.252085050000000166e+01
6.199649600000000049e+01
6.146343499999999693e+01
6.095399950000000189e+01
6.044628500000000315e+01
5.996330799999999783e+01
5.948337250000000154e+01
5.900315249999999878e+01
5.854831449999999649e+01
5.808998150000000038e+01
5.764144900000000149e+01
5.719451099999999855e+01
5.675603250000000344e+01
5.633981699999999648e+01
5.590551549999999992e+01
5.551034899999999794e+01
5.510916149999999902e+01
5.470340499999999651e+01
5.430729649999999964e+01
5.391300449999999955e+01
5.354548950000000218e+01
5.314211900000000099e+01
5.277475749999999977e+01
5.239998750000000172e+01
5.203720899999999716e+01
5.166882199999999870e+01
5.131116349999999926e+01
5.095991349999999898e+01
5.062041700000000333e+01
5.027420550000000077e+01
4.991057649999999768e+01
4.958849450000000303e+01
4.925097250000000315e+01
4.891668700000000314e+01
4.859178699999999651e+01
4.827718749999999659e+01
4.792779500000000326e+01
4.760882399999999848e+01
4.729679949999999877e+01
4.697254999999999825e+01
4.666646149999999693e+01
4.636352550000000150e+01
4.603904500000000155e+01
4.574959049999999650e+01
4.543549300000000102e+01
4.514812249999999949e+01
4.484268500000000301e+01
4.455697800000000086e+01
4.424945149999999927e+01
4.395420899999999875e+01
4.367864300000000100e+01
4.339427049999999753e+01
4.311440300000000292e+01
4.281124499999999955e+01
4.253150099999999867e+01
4.225893800000000056e+01
4.198457849999999780e+01
4.170400850000000048e+01
4.145580400000000054e+01
4.116756550000000203e+01
4.089300649999999848e+01
4.062690349999999739e+01
4.036183549999999798e+01
4.009549350000000345e+01
3.982768699999999740e+01
3.955429449999999747e+01
3.930811349999999749e+01
3.903990100000000041e+01
3.879261549999999659e+01
3.852267950000000241e+01
3.827194999999999681e+01
3.802571950000000101e+01
3.776639300000000077e+01
3.751705499999999915e+01
3.726071249999999679e+01
3.701821000000000339e+01
3.676932450000000330e+01
3.652013550000000208e+01
3.626964749999999782e+01
3.604184000000000054e+01
3.578618900000000025e+01
3.554420050000000231e+01
3.530497499999999889e+01
3.506425449999999699e+01
3.482351049999999759e+01
3.459110450000000014e+01
3.434521850000000143e+01
3.412171550000000053e+01
3.388461399999999912e+01
3.364748800000000273e+01
3.342099499999999779e+01
3.318393700000000024e+01
3.294794699999999921e+01
3.273077949999999703e+01
3.249942500000000223e+01
3.227498049999999807e+01
3.205467500000000314e+01
3.181994249999999980e+01
3.158461349999999968e+01
3.136136700000000133e+01
3.114698299999999875e+01
3.092371400000000037e+01
3.071205600000000047e+01
3.047780699999999854e+01
3.025578099999999893e+01
3.003748450000000147e+01
2.982333750000000094e+01
2.961388350000000003e+01
2.938991499999999846e+01
2.917406349999999904e+01
2.895714800000000011e+01
2.874605850000000018e+01
2.853355350000000001e+01
2.831861500000000120e+01
2.810778850000000162e+01
2.789642050000000140e+01
2.769188049999999990e+01
2.746967649999999850e+01
2.726803549999999987e+01
2.705019499999999866e+01
2.685118549999999971e+01
2.663922700000000177e+01
2.642858049999999892e+01
2.623203499999999977e+01
2.602333649999999921e+01
2.581115550000000169e+01
2.561156049999999951e+01
2.540117250000000126e+01
2.520042049999999989e+01
2.499654149999999930e+01
2.480815700000000135e+01
2.459035850000000067e+01
2.439765350000000055e+01
2.419950649999999825e+01
2.399294199999999933e+01
2.379260850000000005e+01
2.359381899999999987e+01
2.339687449999999913e+01
2.320459500000000119e+01
2.299960850000000079e+01
2.280681200000000075e+01
2.260682800000000015e+01
2.241853100000000154e+01
2.220715450000000146e+01
2.201441150000000135e+01
2.181952850000000055e+01
2.162899399999999872e+01
2.143902900000000145e+01
2.125028449999999935e+01
2.105112499999999898e+01
2.085098299999999938e+01
2.067206900000000047e+01
2.047176250000000053e+01
2.028323350000000147e+01
2.008657350000000008e+01
1.990403799999999990e+01
1.971406299999999945e+01
1.951603250000000145e+01
1.933962700000000012e+01
1.915001450000000105e+01
1.895379199999999997e+01
1.877156349999999918e+01
1.858304649999999825e+01
1.841072249999999855e+01
1.820965500000000148e+01
1.803450850000000116e+01
1.784410850000000082e+01
1.765228700000000117e+01
1.747140200000000121e+01
1.728228250000000088e+01
1.710125199999999879e+01
1.692233849999999862e+01
1.673049800000000076e+01
1.655237599999999887e+01
1.636605799999999888e+01
1.618323099999999926e+01
1.600654300000000063e+01
1.582613950000000003e+01
1.563814149999999970e+01
1.545999499999999927e+01
1.527753300000000003e+01
1.510360099999999939e+01
1.492387800000000020e+01
1.473984199999999944e+01
1.455851999999999968e+01
1.437917350000000027e+01
1.420314849999999929e+01
1.401626249999999985e+01
1.384157350000000086e+01
1.366751400000000061e+01
1.349000350000000026e+01
1.331142700000000012e+01
1.312855599999999967e+01
1.295804350000000049e+01
1.277653349999999932e+01
1.261085800000000035e+01
1.242681499999999950e+01
1.225126099999999951e+01
1.208122700000000016e+01
1.190384049999999938e+01
1.173417650000000023e+01
1.155602400000000074e+01
1.138290300000000066e+01
1.120762900000000073e+01
1.103780800000000006e+01
1.085816349999999986e+01
1.069053800000000010e+01
1.051445000000000007e+01
1.034326249999999980e+01
1.017216950000000075e+01
9.993849499999999608e+00
9.831032999999999689e+00
9.652754500000000348e+00
9.484776999999999347e+00
9.315840500000000191e+00
9.143555499999999725e+00
8.975652999999999437e+00
8.801769000000000176e+00
8.633046500000000734e+00
8.458266500000000576e+00
8.284399000000000513e+00
8.119511499999999771e+00
7.957221500000000169e+00
7.782504999999999562e+00
7.616165500000000144e+00
7.452325499999999714e+00
7.279533999999999949e+00
7.114923499999999734e+00
6.943272000000000332e+00
6.774417999999999829e+00
6.612226500000000229e+00
6.441950499999999913e+00
6.273507000000000389e+00
6.112731499999999762e+00
5.944446000000000119e+00
5.778496999999999773e+00
5.613534999999999719e+00
5.443174499999999583e+00
5.276388999999999996e+00
5.120536500000000046e+00
4.949828000000000117e+00
4.786684499999999787e+00
4.617223000000000077e+00
4.457202500000000178e+00
4.292691500000000104e+00
4.127075500000000119e+00
3.961593500000000212e+00
3.800330000000000208e+00
3.634898000000000184e+00
3.471449999999999925e+00
3.307259000000000171e+00
3.145278499999999866e+00
2.980067500000000091e+00
2.819987499999999869e+00
2.656030499999999961e+00
2.495328499999999838e+00
2.334442500000000198e+00
2.168596500000000038e+00
2.011062499999999975e+00
1.847860999999999976e+00
1.687171999999999894e+00
1.524159999999999959e+00
1.365054999999999907e+00
1.202029000000000014e+00
1.040295500000000040e+00
8.801900000000000279e-01
7.196299999999999919e-01
5.594010000000000371e-01
3.997060000000000057e-01
2.393824999999999981e-01
8.030950000000000588e-02
L=10.0,N=200,T=1.0,r=0.16,eta=0.16084954386379743,t=552.1164147853851s