0.000000000000000000e+00
0.000000000000000000e+00
0.000000000000000000e+00
0.000000000000000000e+00
0.000000000000000000e+00
0.000000000000000000e+00
0.000000000000000000e+00
0.000000000000000000e+00
0.000000000000000000e+00
0.000000000000000000e+00
0.000000000000000000e+00
0.000000000000000000e+00
0.000000000000000000e+00
0.000000000000000000e+00
0.000000000000000000e+00
0.000000000000000000e+00
0.000000000000000000e+00
0.000000000000000000e+00
0.000000000000000000e+00
0.000000000000000000e+00
0.000000000000000000e+00
0.000000000000000000e+00
0.000000000000000000e+00
0.000000000000000000e+00
0.000000000000000000e+00
0.000000000000000000e+00
0.000000000000000000e+00
0.000000000000000000e+00
0.000000000000000000e+00
0.000000000000000000e+00
0.000000000000000000e+00
0.000000000000000000e+00
0.000000000000000000e+00
0.000000000000000000e+00
9.046400000000000274e-02
8.234869999999999690e-01
1.969840000000000035e+00
3.390573499999999907e+00
4.911752500000000410e+00
6.495510499999999965e+00
8.246474499999999708e+00
1.006237450000000067e+01
1.201490899999999939e+01
1.422982400000000069e+01
1.698896699999999882e+01
3.485751094999999964e+02
4.161006075000000237e+02
3.696072634999999877e+02
3.290118729999999800e+02
2.932978724999999827e+02
2.617944785000000252e+02
2.345729340000000036e+02
2.108186944999999923e+02
1.903068284999999946e+02
1.727678904999999929e+02
1.579948479999999904e+02
1.465671230000000094e+02
1.355946725000000015e+02
1.251157015000000001e+02
1.158336829999999935e+02
1.078257224999999977e+02
1.006993209999999976e+02
9.466071049999999332e+01
8.932269049999999311e+01
8.500095699999999965e+01
8.115898099999999715e+01
7.812069049999999493e+01
7.567219099999999798e+01
7.360182199999999852e+01
7.207533250000000180e+01
7.107034050000000036e+01
7.064056899999999928e+01
7.073975849999999355e+01
7.159302150000000609e+01
7.309575999999999851e+01
7.536310249999999655e+01
7.859381000000000483e+01
8.269651700000000005e+01
8.805378550000000359e+01
9.476133699999999749e+01
1.026824124999999981e+02
1.118691900000000032e+02
1.222804725000000019e+02
1.332542505000000119e+02
1.448537829999999929e+02
1.568282900000000097e+02
1.692201169999999877e+02
1.820906224999999949e+02
1.957241290000000049e+02
2.118528740000000141e+02
2.342795209999999884e+02
2.621165075000000115e+02
2.814447170000000256e+02
2.928952874999999949e+02
2.983988105000000246e+02
2.992082669999999780e+02
2.967136160000000018e+02
2.916581204999999954e+02
2.851183139999999980e+02
2.774761110000000031e+02
2.691992784999999913e+02
2.607801365000000260e+02
2.524250654999999881e+02
2.438927630000000022e+02
2.356418355000000133e+02
2.278095894999999871e+02
2.200544495000000040e+02
2.129668555000000083e+02
2.062788815000000113e+02
2.002710130000000106e+02
1.948060859999999934e+02
1.900020734999999945e+02
1.857044209999999964e+02
1.821521099999999933e+02
1.792770104999999887e+02
1.771383270000000039e+02
1.756148115000000018e+02
1.749957620000000134e+02
1.752345669999999984e+02
1.763396099999999933e+02
1.783487000000000080e+02
1.814836980000000040e+02
1.854407229999999913e+02
1.907279409999999871e+02
1.970553179999999998e+02
2.045472499999999911e+02
2.128551329999999950e+02
2.220815964999999892e+02
2.319815105000000131e+02
2.426305710000000033e+02
2.531874855000000082e+02
2.641914755000000241e+02
2.747970065000000091e+02
2.853661660000000211e+02
2.955911614999999983e+02
3.056467845000000239e+02
3.152297399999999925e+02
3.241646420000000148e+02
3.317867474999999899e+02
3.378109685000000013e+02
3.423897794999999746e+02
3.450709509999999796e+02
3.465785485000000108e+02
3.466098304999999868e+02
3.454441049999999791e+02
3.434286774999999921e+02
3.406061685000000239e+02
3.371578729999999950e+02
3.330893009999999776e+02
3.288938459999999964e+02
3.245343765000000076e+02
3.199488359999999716e+02
3.153984805000000051e+02
3.109325104999999780e+02
3.066861705000000029e+02
3.027192415000000096e+02
2.990696624999999926e+02
2.957100679999999784e+02
2.928420590000000061e+02
2.905495455000000220e+02
2.885549320000000080e+02
2.873855374999999981e+02
2.865806805000000281e+02
2.867013390000000186e+02
2.873684210000000121e+02
2.888180150000000026e+02
2.909967500000000200e+02
2.938667940000000272e+02
2.977717779999999834e+02
3.021002310000000080e+02
3.073158199999999738e+02
3.132954455000000280e+02
3.197282880000000205e+02
3.266129199999999742e+02
3.339995190000000207e+02
3.417760250000000042e+02
3.495867240000000038e+02
3.573342620000000238e+02
3.652847659999999905e+02
3.729491740000000277e+02
3.802157070000000090e+02
3.870080945000000270e+02
3.934093344999999999e+02
3.990914764999999989e+02
4.040598474999999894e+02
4.082608265000000074e+02
4.116244715000000269e+02
4.141753315000000271e+02
4.159542935000000057e+02
4.171734495000000038e+02
4.174502635000000055e+02
4.172426849999999945e+02
4.165888830000000098e+02
4.154958250000000248e+02
4.139890359999999987e+02
4.121443484999999782e+02
4.103028365000000122e+02
4.081581449999999904e+02
4.059490379999999732e+02
4.037872909999999820e+02
4.016627654999999777e+02
3.996804650000000265e+02
3.977148559999999975e+02
3.963258799999999837e+02
3.949871719999999868e+02
3.940974904999999922e+02
3.934677639999999883e+02
3.933172149999999760e+02
3.936334084999999732e+02
3.942000995000000216e+02
3.955133910000000128e+02
3.972959675000000175e+02
3.995646249999999782e+02
4.021969169999999849e+02
4.053910000000000196e+02
4.090129279999999881e+02
4.131983915000000138e+02
4.173696805000000154e+02
4.222547265000000039e+02
4.274365020000000186e+02
4.326232924999999909e+02
4.381913159999999721e+02
4.436504509999999755e+02
4.494356554999999958e+02
4.551180625000000077e+02
4.604722229999999854e+02
4.658309325000000172e+02
4.708064924999999903e+02
4.754431060000000002e+02
4.797472764999999981e+02
4.834680060000000026e+02
4.867457054999999855e+02
4.899614129999999932e+02
4.923324670000000083e+02
4.943768845000000169e+02
4.958177039999999920e+02
4.969986690000000067e+02
4.976656090000000177e+02
4.981288119999999822e+02
4.982879864999999882e+02
4.982511900000000082e+02
4.978795329999999808e+02
4.976054839999999899e+02
4.970289159999999811e+02
4.963720064999999977e+02
4.958407255000000191e+02
4.953596484999999916e+02
4.946326760000000036e+02
4.941008545000000254e+02
4.938767770000000041e+02
4.939047375000000102e+02
4.937366025000000036e+02
4.943345899999999915e+02
4.948872190000000160e+02
4.958201470000000199e+02
4.970534200000000169e+02
4.985503620000000069e+02
5.003207429999999931e+02
5.025445874999999774e+02
5.050259100000000103e+02
5.077505214999999907e+02
5.108352939999999762e+02
5.139452115000000276e+02
5.174995169999999689e+02
5.212324599999999464e+02
5.251213944999999512e+02
5.292002595000000156e+02
5.331685860000000048e+02
5.373473334999999906e+02
5.415732444999999871e+02
5.459518530000000283e+02
5.498579565000000002e+02
5.541104350000000522e+02
5.579545490000000427e+02
5.614811339999999973e+02
5.650041340000000218e+02
5.681009334999999965e+02
5.708582145000000310e+02
5.733440510000000359e+02
5.757065740000000460e+02
5.778031819999999925e+02
5.795791834999999992e+02
5.810685194999999794e+02
5.823439855000000307e+02
5.834266035000000556e+02
5.844933600000000524e+02
5.853541820000000371e+02
5.858549635000000535e+02
5.864706764999999677e+02
5.868655674999999974e+02
5.872059305000000222e+02
5.876574600000000146e+02
5.882136400000000549e+02
5.886390730000000531e+02
5.891190960000000132e+02
5.895262450000000172e+02
5.900406639999999925e+02
5.912760829999999714e+02
5.920323385000000371e+02
5.932165459999999939e+02
5.943898140000000012e+02
5.961673980000000483e+02
5.977840065000000322e+02
5.996844895000000406e+02
6.018602815000000419e+02
6.041029109999999491e+02
6.063184294999999793e+02
6.088469410000000153e+02
6.119289810000000216e+02
6.147101420000000189e+02
6.176359985000000279e+02
6.207810650000000123e+02
6.237914960000000519e+02
6.273195399999999609e+02
6.306446764999999459e+02
6.341285195000000385e+02
6.374091194999999743e+02
6.408305564999999433e+02
6.441829004999999597e+02
6.473120274999999992e+02
6.502383135000000038e+02
6.529900665000000117e+02
6.558648124999999709e+02
6.582600200000000541e+02
6.605505214999999453e+02
6.625420090000000073e+02
6.646898095000000239e+02
6.666076275000000351e+02
6.683138420000000224e+02
6.698433870000000070e+02
6.715281414999999470e+02
6.726896104999999579e+02
6.741244954999999663e+02
6.753033394999999928e+02
6.764612194999999701e+02
6.776479769999999689e+02
6.785457609999999704e+02
6.796828170000000000e+02
6.807791684999999688e+02
6.819750639999999748e+02
6.829404485000000022e+02
6.841358004999999594e+02
6.849798684999999523e+02
6.864888889999999719e+02
6.877543695000000525e+02
6.893165549999999939e+02
6.910207960000000185e+02
6.926965350000000399e+02
6.945309304999999540e+02
6.963395160000000033e+02
6.985929955000000291e+02
7.004336964999999964e+02
7.027550175000000081e+02
7.048771305000000211e+02
7.075140639999999621e+02
7.099768534999999474e+02
7.126294454999999743e+02
7.152935840000000098e+02
7.178460535000000391e+02
7.209358294999999544e+02
7.234756660000000466e+02
7.264474099999999908e+02
7.294521654999999782e+02
7.324784150000000409e+02
7.350398004999999557e+02
7.377947695000000294e+02
7.408286875000000009e+02
7.430721710000000257e+02
7.455205684999999676e+02
7.476921260000000302e+02
7.498853874999999789e+02
7.518905610000000479e+02
7.536174505000000181e+02
7.555352940000000217e+02
7.575873984999999493e+02
7.592626350000000457e+02
7.611747705000000224e+02
7.627888679999999795e+02
7.643375674999999774e+02
7.660905095000000529e+02
7.672028759999999465e+02
7.688969489999999496e+02
7.702923849999999675e+02
7.716937100000000100e+02
7.733231140000000323e+02
7.747426054999999678e+02
7.763342410000000200e+02
7.775104639999999563e+02
7.789457115000000158e+02
7.804979210000000194e+02
7.822911285000000134e+02
7.839745564999999488e+02
7.858286934999999858e+02
7.877033840000000282e+02
7.894897535000000062e+02
7.916548490000000129e+02
7.936613804999999502e+02
7.955542020000000321e+02
7.976807015000000547e+02
7.997616984999999659e+02
8.019837109999999711e+02
8.041665984999999637e+02
8.067141844999999876e+02
8.089895010000000184e+02
8.113442935000000489e+02
8.138114984999999706e+02
8.164893285000000560e+02
8.190049450000000206e+02
8.215619229999999789e+02
8.242260780000000295e+02
8.266911529999999857e+02
8.292115575000000263e+02
8.317622394999999642e+02
8.340753869999999779e+02
8.361346455000000333e+02
8.383917504999999437e+02
8.403927925000000414e+02
8.420999130000000150e+02
8.442096705000000156e+02
8.461849475000000211e+02
8.480694005000000288e+02
8.501472350000000233e+02
8.518696744999999737e+02
8.536781174999999848e+02
8.554813319999999521e+02
8.572379604999999856e+02
8.590123989999999594e+02
8.605692064999999502e+02
8.624329209999999648e+02
8.639811304999999493e+02
8.656011475000000246e+02
8.675053930000000264e+02
8.690335734999999886e+02
8.706670900000000302e+02
8.725241909999999734e+02
8.740551359999999477e+02
8.760000465000000531e+02
8.778637019999999893e+02
8.797600834999999506e+02
8.815815270000000510e+02
8.834701304999999820e+02
8.857100335000000086e+02
8.874680959999999459e+02
8.894605125000000498e+02
8.914383175000000392e+02
8.935996085000000448e+02
8.956166054999999915e+02
8.978977674999999863e+02
8.999265970000000152e+02
9.022308604999999488e+02
9.045614900000000489e+02
9.068033155000000534e+02
9.092063190000000077e+02
9.116538389999999481e+02
9.141366299999999683e+02
9.164037624999999707e+02
9.187350529999999935e+02
9.212602715000000444e+02
9.232262190000000146e+02
9.254472349999999778e+02
9.276276319999999487e+02
9.295943154999999933e+02
9.317557725000000346e+02
9.333801284999999552e+02
9.355117539999999963e+02
9.374064035000000104e+02
9.397391460000000052e+02
9.413846579999999449e+02
9.431045824999999923e+02
9.451118430000000217e+02
9.471693125000000464e+02
9.489297239999999647e+02
9.508664605000000165e+02
9.527846114999999827e+02
9.543740999999999985e+02
9.563484949999999571e+02
9.582639090000000124e+02
9.600681405000000268e+02
9.616097555000000057e+02
9.635651024999999663e+02
9.655107010000000400e+02
9.674765284999999722e+02
9.691751604999999472e+02
9.710134984999999688e+02
9.731435645000000250e+02
9.749654195000000527e+02
9.773050220000000081e+02
9.788797905000000128e+02
9.806197690000000193e+02
9.828894944999999552e+02
9.847608850000000302e+02
9.868577095000000554e+02
9.888511654999999791e+02
9.909080434999999625e+02
9.929200305000000526e+02
9.951214639999999463e+02
9.973242169999999760e+02
9.994576264999999466e+02
1.001798048999999992e+03
1.004371895999999992e+03
1.006466457500000047e+03
1.008922314499999970e+03
1.010991931499999964e+03
1.013448029499999961e+03
1.015452764999999999e+03
1.017516151499999978e+03
1.019299061000000052e+03
1.021535641499999997e+03
1.023398820000000001e+03
1.025338449500000024e+03
1.027262124999999969e+03
1.029069585499999903e+03
1.031164210500000081e+03
1.033136987000000090e+03
1.035004672499999970e+03
1.037196963999999980e+03
1.038981910499999913e+03
1.040939104000000043e+03
1.042906741499999953e+03
1.045052895000000035e+03
1.046804622500000050e+03
1.048820478500000036e+03
1.050679354999999987e+03
1.052532690000000002e+03
1.054270101999999952e+03
1.056287762500000099e+03
1.058175945499999898e+03
1.060262132999999949e+03
1.062188429499999984e+03
1.064209671000000071e+03
1.066096834500000114e+03
1.067999187500000062e+03
1.070039236500000015e+03
1.072001587499999914e+03
1.073654080000000022e+03
1.075890182999999979e+03
1.077865889500000094e+03
1.079635115499999984e+03
1.081866796499999964e+03
1.083770784000000049e+03
1.085773866499999940e+03
1.087931192000000010e+03
1.090155967500000088e+03
1.092351346500000091e+03
1.094408725499999946e+03
1.096566810000000032e+03
1.099025287500000104e+03
1.101177934000000050e+03
1.103501336999999921e+03
1.105760541999999987e+03
1.107823683500000016e+03
1.109641294499999958e+03
1.111486009499999909e+03
1.113439100999999937e+03
1.115421413000000030e+03
1.117331609999999955e+03
1.119258599000000004e+03
1.121098979000000099e+03
1.123070659499999920e+03
1.125159278000000086e+03
1.127131429499999967e+03
1.129344888000000083e+03
1.131288671499999964e+03
1.133313126499999953e+03
1.135046794000000091e+03
1.137337772000000086e+03
1.139335349499999893e+03
1.141240878000000066e+03
1.143085882500000025e+03
1.145007470499999954e+03
1.146956308000000035e+03
1.149105467999999973e+03
1.150676649499999940e+03
1.152761261500000046e+03
1.154954116500000055e+03
1.157057440499999984e+03
1.158894815500000050e+03
1.160982215499999938e+03
1.162770061500000111e+03
1.164813830499999995e+03
1.166586997500000052e+03
1.168593888500000048e+03
1.170250356000000011e+03
1.172511050500000010e+03
1.174397979999999961e+03
1.176557745000000068e+03
1.178450622999999950e+03
1.180678164500000094e+03
1.182704666000000088e+03
1.184684871500000099e+03
1.187201814000000013e+03
1.189147412499999973e+03
1.191653671499999973e+03
1.193882482499999924e+03
1.195905659999999898e+03
1.197879568500000005e+03
1.199769043999999894e+03
1.201693121000000019e+03
1.204008415999999897e+03
1.205678069999999934e+03
1.207817935499999976e+03
1.209409200999999939e+03
1.211568706000000020e+03
1.213325111999999990e+03
1.215359893499999998e+03
1.217437532500000088e+03
1.219478996000000052e+03
1.221534047000000101e+03
1.223573061000000052e+03
1.225645501499999909e+03
1.227672019000000091e+03
1.229609139500000083e+03
1.231645584000000099e+03
1.233552194999999983e+03
1.235696503500000063e+03
1.237811302500000011e+03
1.239455839499999911e+03
1.241547696000000087e+03
1.243686630500000092e+03
1.245660584499999914e+03
1.247471660500000098e+03
1.249360937500000091e+03
1.251687490999999909e+03
1.253463617000000113e+03
1.255314450000000079e+03
1.257502320000000054e+03
1.259514026000000058e+03
1.261114008000000013e+03
1.262963874999999916e+03
1.264724214999999958e+03
1.266998478499999919e+03
1.268967664499999955e+03
1.271324316499999895e+03
1.273253050499999972e+03
1.275152796000000080e+03
1.277576596999999992e+03
1.279423859499999935e+03
1.281984848499999998e+03
1.283606416000000081e+03
1.286244017499999927e+03
1.288204375000000027e+03
1.290422530499999993e+03
1.292649775999999974e+03
1.294317864500000042e+03
1.296047263500000099e+03
1.297997843000000103e+03
1.300082114499999989e+03
1.301842082500000060e+03
1.303814830000000029e+03
1.305938450500000044e+03
1.307637148499999967e+03
1.309869691000000103e+03
1.311925520999999890e+03
1.313722440000000006e+03
1.315923364499999934e+03
1.318055154500000071e+03
1.320211563500000011e+03
1.322017781999999897e+03
1.324017609499999935e+03
1.326316968500000030e+03
1.328023000500000080e+03
1.330101689500000020e+03
1.332031334999999899e+03
1.334018896000000041e+03
1.336077373999999963e+03
1.337961649500000021e+03
1.340154329499999903e+03
1.341962912499999902e+03
1.343990487999999914e+03
1.346308183999999983e+03
1.348002848500000027e+03
1.349765911499999902e+03
1.352046612500000037e+03
1.353691483999999946e+03
1.355782376500000055e+03
1.357601662499999975e+03
1.359570739999999887e+03
1.361435470500000065e+03
1.363758877499999926e+03
1.365913551999999981e+03
1.367841775500000040e+03
1.370166829499999949e+03
1.372068724499999917e+03
1.374250129999999899e+03
1.376566164000000072e+03
1.378857516499999974e+03
1.380550565000000006e+03
1.382805216499999915e+03
1.384994995499999959e+03
1.386741269500000044e+03
1.388491177500000049e+03
1.390200299500000028e+03
1.392398695000000089e+03
1.394236568499999976e+03
1.396043771000000106e+03
1.398258016499999940e+03
1.400198094500000025e+03
1.402156701000000112e+03
1.404300115999999889e+03
1.406340562500000033e+03
1.408396113499999956e+03
1.410435650500000065e+03
1.412654440999999906e+03
1.414557293999999956e+03
1.416266189500000110e+03
1.418384104499999921e+03
1.420489382499999920e+03
1.368321054000000004e+03
1.311408826999999974e+03
1.277592643499999895e+03
1.250974525500000027e+03
1.228063031500000079e+03
1.207867015999999921e+03
1.189900877999999921e+03
1.173223019000000022e+03
1.157492684499999996e+03
1.143246485500000063e+03
1.129579408500000000e+03
1.116613356500000009e+03
1.104367626499999915e+03
1.092665101999999933e+03
1.081018307499999992e+03
1.070241469999999936e+03
1.059541152000000011e+03
1.049552449999999908e+03
1.039615533500000083e+03
1.029980070000000069e+03
1.020737555499999985e+03
1.011384024999999951e+03
1.002847769500000027e+03
9.941619779999999764e+02
9.856862810000000081e+02
9.775308575000000246e+02
9.692738504999999805e+02
9.615815830000000233e+02
9.539066135000000486e+02
9.464243064999999433e+02
9.389439849999999979e+02
9.316578154999999697e+02
9.243053985000000239e+02
9.173356414999999515e+02
9.105115660000000162e+02
9.035822415000000092e+02
8.967414270000000442e+02
8.902932325000000446e+02
8.838061649999999645e+02
8.773504235000000335e+02
8.710829414999999472e+02
8.648950035000000298e+02
8.583848520000000235e+02
8.522317600000000084e+02
8.463785544999999502e+02
8.403096150000000080e+02
8.346876365000000533e+02
8.287530130000000099e+02
8.231236715000000004e+02
8.172870450000000346e+02
8.116181695000000218e+02
8.061144845000000032e+02
8.004285764999999628e+02
7.953216979999999694e+02
7.897347929999999678e+02
7.845520705000000135e+02
7.790114899999999807e+02
7.738980790000000525e+02
7.685028005000000348e+02
7.636418535000000247e+02
7.585989064999999982e+02
7.534839369999999690e+02
7.484060054999999920e+02
7.434862245000000485e+02
7.385246365000000424e+02
7.336275900000000547e+02
7.288854609999999639e+02
7.238666289999999890e+02
7.189003940000000057e+02
7.144581849999999577e+02
7.094650000000000318e+02
7.049829770000000053e+02
7.003438710000000356e+02
6.958429075000000239e+02
6.914016494999999622e+02
6.868536235000000261e+02
6.821220399999999700e+02
6.777040694999999459e+02
6.733652210000000196e+02
6.689869539999999688e+02
6.646519510000000537e+02
6.601004755000000159e+02
6.558927324999999655e+02
6.515259170000000495e+02
6.471486814999999524e+02
6.429695725000000266e+02
6.389049270000000433e+02
6.346240944999999556e+02
6.303281114999999772e+02
6.262279089999999542e+02
6.218553950000000441e+02
6.175664735000000292e+02
6.136789209999999457e+02
6.097068904999999859e+02
6.056604035000000295e+02
6.014584720000000289e+02
5.974833459999999832e+02
5.934610324999999875e+02
5.896652175000000398e+02
5.857725860000000466e+02
5.816833145000000513e+02
5.778569955000000391e+02
5.739027385000000550e+02
5.698873354999999492e+02
5.659855750000000398e+02
5.624014879999999721e+02
5.584988570000000436e+02
5.547403659999999945e+02
5.509870979999999463e+02
5.472037924999999632e+02
5.434999215000000277e+02
5.397247640000000501e+02
5.357898619999999710e+02
5.324373785000000225e+02
5.284737850000000208e+02
5.248358699999999999e+02
5.210675280000000384e+02
5.176741305000000466e+02
5.140544169999999440e+02
5.104555980000000091e+02
5.068997734999999807e+02
5.032891195000000266e+02
4.996413969999999836e+02
4.961152910000000134e+02
4.924966769999999769e+02
4.889336885000000166e+02
4.853522340000000099e+02
4.819932324999999764e+02
4.784059265000000210e+02
4.750054375000000277e+02
4.713598329999999805e+02
4.679563110000000279e+02
4.646742029999999772e+02
4.610146429999999782e+02
4.575607145000000173e+02
4.542026690000000144e+02
4.507255425000000173e+02
4.472620559999999728e+02
4.437724129999999718e+02
4.405770044999999868e+02
4.371539965000000052e+02
4.337724739999999883e+02
4.305000289999999836e+02
4.270983330000000251e+02
4.237976315000000227e+02
4.205307339999999954e+02
4.171553230000000099e+02
4.139633769999999799e+02
4.107129835000000071e+02
4.074409754999999791e+02
4.042102624999999989e+02
4.008289560000000051e+02
3.975021644999999921e+02
3.944312709999999811e+02
3.911600849999999809e+02
3.879124494999999797e+02
3.848858685000000150e+02
3.817777340000000095e+02
3.784340525000000071e+02
3.753303154999999833e+02
3.720384450000000243e+02
3.688851655000000278e+02
3.656275145000000180e+02
3.625539934999999900e+02
3.594182395000000270e+02
3.563191699999999855e+02
3.532440310000000068e+02
3.500384280000000103e+02
3.470886169999999993e+02
3.438573690000000056e+02
3.406681360000000041e+02
3.376151914999999804e+02
3.345464420000000132e+02
3.314826869999999985e+02
3.284057124999999928e+02
3.253176629999999818e+02
3.221475730000000226e+02
3.190993649999999775e+02
3.159615385000000174e+02
3.129609034999999722e+02
3.098547320000000127e+02
3.069736204999999813e+02
3.039441790000000196e+02
3.010789930000000254e+02
2.979927045000000021e+02
2.950978400000000192e+02
2.920035750000000121e+02
2.890211669999999913e+02
2.858749545000000012e+02
2.830299749999999790e+02
2.801642024999999876e+02
2.771062959999999862e+02
2.742085885000000189e+02
2.712283014999999864e+02
2.684381184999999732e+02
2.654830249999999978e+02
2.624977485000000001e+02
2.595806370000000243e+02
2.566279574999999795e+02
2.537094854999999995e+02
2.509272550000000024e+02
2.480470545000000016e+02
2.450692914999999914e+02
2.422760399999999947e+02
2.392142990000000111e+02
2.363868589999999870e+02
2.334514095000000111e+02
2.305902150000000006e+02
2.277207354999999893e+02
2.248323929999999962e+02
2.219539054999999905e+02
2.192632235000000094e+02
2.164261314999999968e+02
2.135720110000000034e+02
2.106723704999999995e+02
2.078421365000000094e+02
2.049109950000000140e+02
2.020892059999999901e+02
1.992572380000000010e+02
1.964434975000000065e+02
1.936618880000000047e+02
1.908597814999999969e+02
1.880711484999999925e+02
1.853546954999999912e+02
1.824886175000000037e+02
1.796698370000000011e+02
1.769088754999999935e+02
1.741814275000000123e+02
1.713625235000000089e+02
1.685538400000000081e+02
1.658612625000000094e+02
1.630073825000000056e+02
1.603425119999999993e+02
1.576022049999999979e+02
1.548496110000000101e+02
1.521140305000000126e+02
1.493308984999999893e+02
1.466103594999999871e+02
1.438195819999999969e+02
1.411310850000000130e+02
1.383457145000000139e+02
1.357423359999999946e+02
1.329986379999999997e+02
1.302455219999999940e+02
1.274979984999999942e+02
1.248842510000000061e+02
1.221154169999999937e+02
1.194710295000000002e+02
1.168033195000000006e+02
1.140980914999999953e+02
1.113489804999999961e+02
1.087146580000000000e+02
1.060037109999999956e+02
1.033131104999999934e+02
1.007115014999999971e+02
9.802721900000000232e+01
9.533060199999999895e+01
9.269438350000000071e+01
9.000631350000000452e+01
8.729241000000000383e+01
8.463492599999999300e+01
8.203009299999999371e+01
7.934713700000000358e+01
7.669852950000000646e+01
7.408652700000000380e+01
7.139003099999999336e+01
6.876744349999999883e+01
6.606327000000000282e+01
6.351724000000000103e+01
6.083968699999999785e+01
5.824038449999999756e+01
5.566630549999999999e+01
5.303143750000000267e+01
5.047005899999999912e+01
4.786571949999999731e+01
4.522611899999999707e+01
4.262572850000000102e+01
3.999432749999999714e+01
3.738342949999999831e+01
3.479426300000000083e+01
3.217706650000000224e+01
2.958526200000000017e+01
2.702830649999999935e+01
2.445691499999999863e+01
2.188190600000000074e+01
1.929580400000000040e+01
1.672339450000000127e+01
1.416147649999999913e+01
1.156313250000000004e+01
8.998844000000000065e+00
6.431841499999999989e+00
3.833435000000000148e+00
1.284121499999999916e+00
L=10.0,N=800,T=1.0,r=0.16,eta=0.6433981754551897,t=7630.638345956802s