0.000000000000000000e+00
0.000000000000000000e+00
0.000000000000000000e+00
0.000000000000000000e+00
0.000000000000000000e+00
0.000000000000000000e+00
0.000000000000000000e+00
0.000000000000000000e+00
0.000000000000000000e+00
0.000000000000000000e+00
0.000000000000000000e+00
0.000000000000000000e+00
0.000000000000000000e+00
0.000000000000000000e+00
0.000000000000000000e+00
0.000000000000000000e+00
0.000000000000000000e+00
0.000000000000000000e+00
0.000000000000000000e+00
0.000000000000000000e+00
0.000000000000000000e+00
0.000000000000000000e+00
0.000000000000000000e+00
0.000000000000000000e+00
0.000000000000000000e+00
0.000000000000000000e+00
0.000000000000000000e+00
0.000000000000000000e+00
0.000000000000000000e+00
0.000000000000000000e+00
0.000000000000000000e+00
0.000000000000000000e+00
0.000000000000000000e+00
0.000000000000000000e+00
1.018339999999999940e-01
9.300829999999999931e-01
2.360383500000000190e+00
3.903497000000000217e+00
5.735870499999999872e+00
7.508097499999999869e+00
9.512209999999999610e+00
1.170776150000000015e+01
1.424262399999999928e+01
1.730795699999999826e+01
2.193135549999999867e+01
5.411012855000000172e+02
6.268472914999999830e+02
5.380511354999999867e+02
4.623400545000000079e+02
3.977861995000000093e+02
3.421483719999999948e+02
2.944483490000000074e+02
2.538166730000000086e+02
2.191931020000000103e+02
1.900508555000000115e+02
1.659048940000000130e+02
1.463280349999999999e+02
1.285450840000000028e+02
1.124807940000000031e+02
9.868008600000000285e+01
8.693517500000000098e+01
7.709206899999999507e+01
6.880060450000000571e+01
6.202102699999999658e+01
5.652217950000000002e+01
5.223032150000000229e+01
4.877741600000000233e+01
4.631932549999999793e+01
4.480801050000000174e+01
4.422518749999999699e+01
4.445360050000000030e+01
4.573527750000000225e+01
4.820951850000000150e+01
5.229469100000000026e+01
5.825772599999999812e+01
6.632221900000000403e+01
7.671146149999999864e+01
9.049020050000000026e+01
1.078955715000000026e+02
1.297790369999999882e+02
1.553561325000000011e+02
1.831219519999999932e+02
2.102558155000000113e+02
2.352335835000000088e+02
2.565012150000000020e+02
2.727175879999999779e+02
2.846285219999999754e+02
2.918932740000000194e+02
2.978969220000000178e+02
3.056020570000000021e+02
3.288433249999999930e+02
3.723266264999999748e+02
3.993386724999999728e+02
4.112457130000000234e+02
4.128880475000000274e+02
4.062792539999999804e+02
3.947932440000000156e+02
3.791174189999999840e+02
3.609887714999999844e+02
3.415058774999999969e+02
3.215949454999999944e+02
3.013537395000000174e+02
2.815832930000000260e+02
2.623333205000000135e+02
2.434655809999999860e+02
2.259295610000000067e+02
2.092924419999999941e+02
1.939355779999999925e+02
1.801940204999999935e+02
1.677491620000000125e+02
1.568177075000000116e+02
1.477463079999999991e+02
1.404392804999999953e+02
1.347835704999999962e+02
1.311725884999999892e+02
1.297057570000000055e+02
1.302783569999999997e+02
1.336975155000000086e+02
1.399235055000000045e+02
1.496030949999999962e+02
1.628588254999999947e+02
1.803843275000000119e+02
2.022965800000000058e+02
2.286050559999999905e+02
2.582331480000000283e+02
2.906661265000000185e+02
3.242895834999999920e+02
3.571465289999999868e+02
3.877212754999999902e+02
4.144372950000000060e+02
4.361501974999999902e+02
4.516265994999999975e+02
4.620981830000000059e+02
4.671420094999999719e+02
4.672203134999999747e+02
4.650294935000000009e+02
4.617878595000000246e+02
4.584280615000000125e+02
4.540466974999999934e+02
4.486042924999999855e+02
4.415202785000000176e+02
4.332605019999999740e+02
4.246738940000000184e+02
4.152100320000000124e+02
4.053077499999999986e+02
3.954563665000000015e+02
3.844525605000000041e+02
3.730473554999999806e+02
3.618157074999999736e+02
3.503605944999999906e+02
3.389164835000000267e+02
3.271249394999999822e+02
3.153718129999999746e+02
3.044274795000000040e+02
2.937162675000000149e+02
2.838551590000000147e+02
2.750628775000000132e+02
2.680009005000000002e+02
2.623739954999999782e+02
2.587354265000000169e+02
2.577901049999999827e+02
2.592251764999999750e+02
2.634665694999999914e+02
2.707624329999999873e+02
2.815803450000000225e+02
2.960707909999999856e+02
3.131980560000000082e+02
3.336541745000000105e+02
3.565426550000000248e+02
3.823249620000000277e+02
4.094811654999999746e+02
4.372330860000000143e+02
4.644211409999999773e+02
4.906295264999999972e+02
5.151375510000000304e+02
5.362255975000000490e+02
5.541318899999999985e+02
5.674823394999999664e+02
5.765773335000000088e+02
5.808382050000000163e+02
5.807602699999999913e+02
5.773368725000000268e+02
5.713021350000000211e+02
5.621870675000000119e+02
5.513210910000000240e+02
5.387366269999999986e+02
5.254641074999999546e+02
5.118678664999999910e+02
4.982954369999999926e+02
4.847514014999999858e+02
4.721983635000000277e+02
4.605326014999999984e+02
4.497691194999999880e+02
4.399845869999999763e+02
4.310385175000000118e+02
4.230649854999999775e+02
4.159078915000000052e+02
4.100167055000000005e+02
4.043955844999999840e+02
4.001459869999999910e+02
3.963695285000000013e+02
3.940055965000000242e+02
3.927396934999999871e+02
3.925540354999999977e+02
3.943968975000000228e+02
3.973244465000000218e+02
4.028575789999999870e+02
4.109492190000000278e+02
4.210077084999999784e+02
4.325983024999999884e+02
4.464625594999999976e+02
4.624413175000000251e+02
4.794334665000000086e+02
4.979070360000000051e+02
5.166939589999999498e+02
5.363162280000000237e+02
5.553315679999999475e+02
5.741237475000000359e+02
5.920286399999999958e+02
6.086722049999999626e+02
6.234288659999999709e+02
6.372003144999999904e+02
6.477020489999999882e+02
6.557142394999999624e+02
6.613903994999999441e+02
6.639282319999999800e+02
6.638903004999999666e+02
6.613829405000000179e+02
6.565459144999999808e+02
6.493706710000000157e+02
6.402753350000000410e+02
6.291826019999999744e+02
6.172925205000000233e+02
6.039006060000000389e+02
5.904350664999999481e+02
5.772534429999999475e+02
5.637329805000000533e+02
5.515606504999999515e+02
5.397240880000000516e+02
5.292931754999999612e+02
5.206642994999999701e+02
5.132314179999999624e+02
5.071838584999999853e+02
5.030195420000000013e+02
5.011976409999999760e+02
5.008735369999999989e+02
5.022268685000000232e+02
5.053993330000000128e+02
5.106115980000000150e+02
5.172798954999999523e+02
5.256464829999999893e+02
5.357800109999999449e+02
5.471695449999999710e+02
5.602282414999999673e+02
5.746832160000000158e+02
5.896932900000000473e+02
6.055879135000000133e+02
6.215404975000000150e+02
6.372441979999999830e+02
6.527964994999999817e+02
6.670598205000000007e+02
6.814402374999999665e+02
6.938992054999999937e+02
7.053901110000000472e+02
7.151879904999999553e+02
7.237593269999999848e+02
7.301171369999999570e+02
7.356682409999999663e+02
7.393990874999999505e+02
7.419798735000000534e+02
7.419897499999999582e+02
7.416612595000000283e+02
7.394123070000000553e+02
7.359695394999999962e+02
7.313830159999999978e+02
7.251673785000000407e+02
7.184596500000000106e+02
7.103896570000000565e+02
7.018671490000000404e+02
6.922026485000000093e+02
6.822975884999999607e+02
6.727944965000000366e+02
6.621442405000000235e+02
6.524894994999999653e+02
6.440576495000000250e+02
6.360807760000000144e+02
6.292874604999999519e+02
6.237252330000000029e+02
6.197023444999999811e+02
6.176904604999999719e+02
6.175976239999999962e+02
6.198412039999999479e+02
6.236267319999999472e+02
6.299593834999999444e+02
6.373024574999999459e+02
6.470835694999999532e+02
6.589369520000000193e+02
6.715805040000000190e+02
6.852134254999999712e+02
7.005949654999999439e+02
7.160157850000000508e+02
7.312712119999999913e+02
7.466312950000000228e+02
7.616623164999999744e+02
7.763741989999999760e+02
7.884076874999999518e+02
8.003806359999999813e+02
8.107031544999999824e+02
8.186610755000000381e+02
8.255382839999999760e+02
8.311458710000000565e+02
8.341363284999999905e+02
8.360930604999999787e+02
8.360408724999999777e+02
8.355539639999999508e+02
8.329742320000000291e+02
8.302032605000000558e+02
8.264045614999999998e+02
8.213310575000000426e+02
8.165171424999999772e+02
8.108769829999999956e+02
8.048862595000000510e+02
7.978044399999999996e+02
7.918607054999999946e+02
7.854016315000000077e+02
7.787289765000000443e+02
7.723163620000000265e+02
7.661092360000000099e+02
7.602247459999999819e+02
7.553870154999999613e+02
7.513881420000000162e+02
7.477404074999999466e+02
7.453561825000000454e+02
7.439293404999999666e+02
7.439359905000000026e+02
7.451690055000000257e+02
7.478562654999999495e+02
7.524553220000000238e+02
7.581708754999999655e+02
7.654096395000000257e+02
7.746936859999999569e+02
7.844353609999999435e+02
7.957557504999999765e+02
8.078438505000000305e+02
8.207460865000000467e+02
8.344239645000000110e+02
8.475075470000000450e+02
8.613991395000000466e+02
8.737820110000000113e+02
8.868137960000000248e+02
8.976131000000000313e+02
9.081725874999999633e+02
9.162286715000000186e+02
9.234585379999999759e+02
9.295336485000000266e+02
9.331247059999999465e+02
9.361876975000000130e+02
9.367455860000000030e+02
9.362639054999999644e+02
9.346051469999999881e+02
9.319945205000000215e+02
9.282498395000000073e+02
9.236278389999999945e+02
9.184036280000000261e+02
9.123025049999999965e+02
9.065264684999999645e+02
9.007650605000000041e+02
8.946546925000000101e+02
8.881124674999999797e+02
8.821515335000000277e+02
8.767582834999999477e+02
8.725902459999999792e+02
8.677725960000000214e+02
8.649813940000000230e+02
8.624087779999999839e+02
8.608981949999999870e+02
8.605983770000000277e+02
8.615126999999999953e+02
8.634908954999999651e+02
8.658487045000000535e+02
8.698685289999999668e+02
8.749789869999999610e+02
8.804805179999999609e+02
8.872701080000000502e+02
8.950593464999999469e+02
9.035911835000000565e+02
9.124357595000000174e+02
9.227002199999999448e+02
9.330380310000000463e+02
9.431839499999999816e+02
9.540476575000000139e+02
9.648334155000000010e+02
9.754140875000000506e+02
9.849724089999999705e+02
9.942921955000000480e+02
1.003020424499999990e+03
1.010210346999999956e+03
1.017063561499999992e+03
1.023152705500000025e+03
1.026861295500000097e+03
1.030087404000000106e+03
1.032204815000000053e+03
1.032979384499999924e+03
1.032697920000000067e+03
1.031795395000000099e+03
1.029896139499999890e+03
1.026503805499999999e+03
1.022996937499999945e+03
1.018595156500000030e+03
1.013953241499999990e+03
1.008656562499999950e+03
1.003661772000000042e+03
9.985697830000000295e+02
9.928137319999999590e+02
9.879373329999999669e+02
9.834147994999999582e+02
9.795677295000000413e+02
9.771455754999999499e+02
9.736017134999999598e+02
9.731964229999999816e+02
9.727506505000000061e+02
9.736323009999999840e+02
9.756179915000000165e+02
9.788958559999999807e+02
9.836563415000000532e+02
9.884446444999999812e+02
9.946211070000000518e+02
1.001478536500000018e+03
1.010084241000000020e+03
1.018251696000000038e+03
1.027420793499999945e+03
1.036344714500000009e+03
1.045423981500000082e+03
1.054927040999999917e+03
1.064249406500000077e+03
1.073291402999999946e+03
1.081675581499999907e+03
1.090004831499999909e+03
1.097188745500000095e+03
1.104202463999999964e+03
1.110125422999999955e+03
1.116067840500000102e+03
1.120053852999999890e+03
1.123722490999999991e+03
1.126279223000000002e+03
1.127976899999999887e+03
1.128502304999999978e+03
1.128568115000000034e+03
1.128620774499999925e+03
1.127561998500000072e+03
1.125402020499999935e+03
1.123210426500000040e+03
1.120502766500000007e+03
1.117453294500000084e+03
1.114596929499999987e+03
1.111044725499999913e+03
1.107277266000000054e+03
1.103908001999999897e+03
1.100377765499999896e+03
1.096981948999999986e+03
1.094245809999999892e+03
1.091311450500000092e+03
1.089989485999999943e+03
1.088836348999999927e+03
1.088808346499999971e+03
1.088992680500000006e+03
1.090927835499999901e+03
1.093228847999999971e+03
1.096881883999999900e+03
1.100895619500000066e+03
1.106351568499999985e+03
1.113475527000000056e+03
1.120005308999999897e+03
1.128052394000000049e+03
1.135784617999999909e+03
1.144170781499999975e+03
1.153586819500000047e+03
1.162025135999999975e+03
1.171104280000000017e+03
1.179165268499999911e+03
1.186713794999999891e+03
1.194519492500000069e+03
1.201990708999999924e+03
1.207987004000000070e+03
1.213243633999999929e+03
1.218219060500000069e+03
1.222429589000000078e+03
1.225262711500000023e+03
1.227060661499999924e+03
1.229516535499999918e+03
1.229528647500000034e+03
1.229308266999999887e+03
1.228970538000000033e+03
1.227393515499999921e+03
1.225696358500000088e+03
1.224302066499999910e+03
1.221807645000000093e+03
1.219675011000000040e+03
1.216802081000000044e+03
1.214818950000000086e+03
1.212821007999999892e+03
1.211008564499999920e+03
1.208641635499999893e+03
1.207190745500000048e+03
1.205861509500000011e+03
1.204134679000000006e+03
1.203403945999999905e+03
1.203506718000000092e+03
1.203457873999999947e+03
1.204695024500000045e+03
1.206047735500000044e+03
1.209025012000000061e+03
1.212467860499999915e+03
1.216520958999999948e+03
1.221072148499999912e+03
1.225638824999999997e+03
1.232123663500000021e+03
1.238876997500000016e+03
1.246066412500000069e+03
1.253235431000000062e+03
1.259927292500000021e+03
1.267889703499999996e+03
1.275716667500000085e+03
1.283100781999999981e+03
1.290888003499999968e+03
1.297135864500000025e+03
1.302788733500000035e+03
1.309753050999999914e+03
1.315299140000000079e+03
1.319698202000000038e+03
1.323978229000000056e+03
1.326516601000000037e+03
1.329593657500000063e+03
1.331014350500000091e+03
1.332301164499999913e+03
1.332817491000000018e+03
1.332372106999999914e+03
1.330981806000000006e+03
1.330088158000000021e+03
1.328454766000000063e+03
1.326812841500000104e+03
1.324617830500000082e+03
1.322794433999999910e+03
1.320580780499999946e+03
1.318335491000000047e+03
1.317261533000000099e+03
1.315822983999999906e+03
1.314832492000000002e+03
1.314380353000000014e+03
1.314556346999999960e+03
1.314204654500000061e+03
1.314769698000000062e+03
1.315465414499999952e+03
1.316530011000000059e+03
1.319441352000000052e+03
1.321816127999999935e+03
1.325327068000000054e+03
1.329426056000000017e+03
1.334013305499999888e+03
1.339324252999999999e+03
1.344366277500000024e+03
1.350362281500000108e+03
1.356615223499999956e+03
1.363430717499999901e+03
1.370130670999999893e+03
1.376017267499999889e+03
1.382342076500000076e+03
1.388935452500000110e+03
1.395089502499999981e+03
1.401053517000000056e+03
1.406991138000000092e+03
1.411969180499999993e+03
1.416895835000000034e+03
1.421068528499999957e+03
1.424586308500000086e+03
1.427442927499999996e+03
1.430287737999999990e+03
1.432490995500000054e+03
1.433538219000000026e+03
1.434870527499999980e+03
1.435066351500000110e+03
1.435259752500000104e+03
1.434601055000000088e+03
1.433831244499999912e+03
1.432268385500000022e+03
1.430836230999999998e+03
1.429957583500000055e+03
1.428271556500000088e+03
1.426618361000000050e+03
1.425648055999999997e+03
1.425067602999999963e+03
1.423712209499999972e+03
1.423656119499999932e+03
1.423984382999999980e+03
1.424268094499999961e+03
1.424917337000000089e+03
1.426679153499999984e+03
1.428013449499999979e+03
1.430341456999999991e+03
1.433219689999999900e+03
1.436999466499999926e+03
1.439370747500000107e+03
1.443995059999999967e+03
1.448497977499999934e+03
1.454222226000000092e+03
1.460638627999999926e+03
1.465833963499999982e+03
1.471608478500000047e+03
1.478280498999999963e+03
1.484452424500000006e+03
1.490192373999999973e+03
1.496339972499999931e+03
1.501160374000000047e+03
1.506841601500000024e+03
1.512122228499999892e+03
1.516437162500000113e+03
1.520836884000000055e+03
1.524286212499999920e+03
1.528206476500000008e+03
1.531307765999999901e+03
1.533679395000000113e+03
1.535295651500000076e+03
1.536442254999999932e+03
1.537599629000000050e+03
1.537869599000000107e+03
1.537890509000000065e+03
1.538094659500000034e+03
1.537991019000000051e+03
1.536952925000000050e+03
1.536091173499999968e+03
1.535571093499999961e+03
1.535016005499999892e+03
1.534041684000000032e+03
1.533257816000000048e+03
1.533387421500000073e+03
1.533479906999999912e+03
1.533091521999999941e+03
1.533954468500000075e+03
1.534973909499999991e+03
1.535706245999999965e+03
1.537010211499999969e+03
1.539436664000000064e+03
1.541450804999999946e+03
1.543962692999999945e+03
1.546855594500000052e+03
1.550670620500000041e+03
1.554627455000000054e+03
1.558682401499999969e+03
1.562935656000000108e+03
1.568474603999999999e+03
1.573429061499999989e+03
1.579045430500000066e+03
1.584719777999999906e+03
1.590461648499999910e+03
1.596147811000000047e+03
1.602149638000000095e+03
1.607708190000000059e+03
1.612200462499999958e+03
1.617492379999999912e+03
1.622400632500000029e+03
1.625632244500000070e+03
1.629882730000000038e+03
1.632511138000000074e+03
1.635267358500000000e+03
1.637700604500000054e+03
1.640140257499999962e+03
1.642022506999999905e+03
1.641920650499999965e+03
1.643121169499999951e+03
1.643299279999999953e+03
1.643440697499999942e+03
1.643589772000000039e+03
1.642671734499999957e+03
1.642155657999999903e+03
1.641647727999999915e+03
1.640736453499999925e+03
1.640756558000000041e+03
1.640425678000000062e+03
1.640832315500000050e+03
1.640900320499999907e+03
1.641009141000000000e+03
1.642104293500000040e+03
1.643146444499999916e+03
1.644421072000000095e+03
1.646012978499999917e+03
1.649010925000000043e+03
1.651299688999999944e+03
1.654163977500000101e+03
1.657690326500000083e+03
1.660453120500000068e+03
1.664600597500000049e+03
1.668815441499999906e+03
1.672039800000000014e+03
1.677207077499999968e+03
1.682124019500000031e+03
1.687398840999999948e+03
1.691888958499999944e+03
1.698091604499999903e+03
1.702526763000000074e+03
1.708355751999999939e+03
1.713134653999999955e+03
1.718088858000000073e+03
1.722326997500000061e+03
1.726784306999999899e+03
1.730671108000000004e+03
1.734794367499999908e+03
1.737797544000000016e+03
1.672096576500000083e+03
1.601893773000000010e+03
1.559327716999999893e+03
1.526654919500000005e+03
1.497173739999999952e+03
1.471801394999999957e+03
1.447955499500000087e+03
1.424809991500000024e+03
1.404164651000000049e+03
1.384970309999999927e+03
1.367060922500000061e+03
1.349869361000000026e+03
1.333256905499999903e+03
1.317693412500000022e+03
1.301988632999999936e+03
1.288507887499999924e+03
1.274631626999999980e+03
1.260948209500000075e+03
1.247884994000000006e+03
1.236254991999999902e+03
1.224286927500000047e+03
1.214013317500000085e+03
1.203180884999999989e+03
1.192283584999999903e+03
1.183374240999999984e+03
1.173720170999999937e+03
1.164745672999999897e+03
1.156486023500000101e+03
1.148303697999999940e+03
1.141122084999999970e+03
1.133572064499999897e+03
1.126562334499999906e+03
1.119185729499999979e+03
1.112583673999999974e+03
1.105132253499999933e+03
1.098573934999999892e+03
1.091349968499999932e+03
1.084826954999999998e+03
1.077082312000000002e+03
1.069856633999999985e+03
1.062937458500000048e+03
1.055387882499999932e+03
1.048121364000000085e+03
1.040894285500000024e+03
1.032896850000000086e+03
1.025580590999999913e+03
1.017031482999999980e+03
1.008968923000000018e+03
1.001335530500000004e+03
9.933988544999999704e+02
9.848364175000000387e+02
9.772031234999999469e+02
9.695706209999999601e+02
9.613485500000000457e+02
9.539980950000000348e+02
9.463039380000000165e+02
9.392624624999999696e+02
9.318816719999999805e+02
9.247719124999999849e+02
9.178548925000000054e+02
9.113544329999999718e+02
9.050972934999999779e+02
8.985173790000000054e+02
8.925437650000000076e+02
8.864444300000000112e+02
8.816969115000000556e+02
8.759204224999999724e+02
8.702904955000000200e+02
8.653463735000000270e+02
8.597358140000000049e+02
8.553208090000000539e+02
8.500971875000000182e+02
8.454563090000000329e+02
8.405971530000000485e+02
8.361430094999999483e+02
8.317620275000000447e+02
8.269512710000000197e+02
8.225811929999999847e+02
8.174830855000000156e+02
8.131845415000000230e+02
8.077772489999999834e+02
8.029682245000000194e+02
7.985423704999999472e+02
7.933253395000000410e+02
7.881702615000000378e+02
7.825806900000000041e+02
7.780632319999999709e+02
7.724175970000000007e+02
7.672416170000000193e+02
7.611915040000000090e+02
7.558794024999999692e+02
7.503611345000000483e+02
7.444911104999999907e+02
7.390574484999999640e+02
7.337055510000000140e+02
7.286393649999999980e+02
7.234058985000000348e+02
7.179758094999999685e+02
7.131703294999999798e+02
7.076205774999999676e+02
7.019342830000000504e+02
6.971859755000000405e+02
6.921218884999999545e+02
6.869030864999999721e+02
6.822286820000000489e+02
6.772777139999999463e+02
6.728610650000000533e+02
6.682662034999999605e+02
6.635503714999999829e+02
6.589567224999999553e+02
6.548071059999999761e+02
6.501112815000000182e+02
6.460079319999999825e+02
6.416039564999999811e+02
6.370408694999999852e+02
6.335645769999999857e+02
6.288780355000000100e+02
6.249672570000000178e+02
6.213802590000000237e+02
6.167772989999999709e+02
6.131176924999999756e+02
6.094453314999999520e+02
6.053804424999999583e+02
6.012975655000000188e+02
5.974274255000000267e+02
5.933898195000000442e+02
5.898142920000000231e+02
5.848227500000000418e+02
5.812077554999999620e+02
5.768371049999999514e+02
5.726597994999999628e+02
5.685106845000000249e+02
5.644014250000000175e+02
5.596740005000000338e+02
5.552858374999999569e+02
5.512926575000000184e+02
5.471878380000000561e+02
5.423635860000000548e+02
5.379105465000000095e+02
5.333511720000000196e+02
5.294701370000000225e+02
5.251430540000000065e+02
5.209778870000000097e+02
5.165207080000000133e+02
5.125359089999999469e+02
5.083498455000000149e+02
5.041938390000000254e+02
5.000477680000000191e+02
4.957548279999999750e+02
4.919940589999999929e+02
4.878054945000000089e+02
4.843609455000000139e+02
4.805148404999999912e+02
4.765031124999999861e+02
4.723738710000000083e+02
4.684861715000000117e+02
4.646973320000000172e+02
4.607974560000000110e+02
4.572279330000000073e+02
4.532426919999999768e+02
4.494948309999999765e+02
4.456473199999999792e+02
4.418358934999999974e+02
4.382677739999999744e+02
4.343432210000000282e+02
4.306352069999999799e+02
4.268216014999999857e+02
4.227594980000000078e+02
4.194210800000000177e+02
4.162994365000000130e+02
4.121794615000000022e+02
4.085152009999999905e+02
4.049343789999999785e+02
4.015350000000000250e+02
3.982996215000000007e+02
3.944836445000000253e+02
3.906325944999999820e+02
3.867833380000000147e+02
3.832204960000000256e+02
3.794604044999999815e+02
3.761979865000000132e+02
3.724109080000000063e+02
3.685611284999999953e+02
3.648909664999999904e+02
3.612408469999999738e+02
3.574638484999999832e+02
3.537927760000000035e+02
3.500839219999999727e+02
3.459744784999999752e+02
3.420818494999999757e+02
3.388320939999999837e+02
3.350488065000000120e+02
3.312767010000000028e+02
3.279109045000000151e+02
3.242578780000000052e+02
3.207981700000000274e+02
3.173367954999999938e+02
3.136893010000000004e+02
3.101769474999999829e+02
3.069607589999999959e+02
3.029844714999999837e+02
2.998461550000000102e+02
2.962227609999999913e+02
2.930032160000000090e+02
2.894797424999999862e+02
2.860133394999999723e+02
2.826768999999999892e+02
2.791640580000000114e+02
2.758667975000000183e+02
2.722482360000000199e+02
2.687321365000000242e+02
2.654461069999999836e+02
2.619561979999999721e+02
2.585447194999999851e+02
2.552538324999999872e+02
2.515226705000000038e+02
2.478939185000000123e+02
2.445055460000000096e+02
2.410195119999999918e+02
2.373650164999999959e+02
2.341162370000000124e+02
2.307263095000000135e+02
2.274598129999999969e+02
2.239620299999999986e+02
2.206079704999999933e+02
2.172658064999999965e+02
2.138508434999999963e+02
2.102820155000000000e+02
2.071539150000000120e+02
2.039692540000000065e+02
2.005721954999999923e+02
1.970824404999999899e+02
1.938541974999999979e+02
1.905837999999999965e+02
1.873878024999999923e+02
1.841808584999999994e+02
1.807907250000000090e+02
1.776274540000000002e+02
1.743168410000000108e+02
1.708730979999999988e+02
1.676829165000000046e+02
1.644467219999999941e+02
1.612329435000000046e+02
1.579426704999999913e+02
1.547623179999999934e+02
1.512396650000000022e+02
1.479463604999999973e+02
1.446142399999999952e+02
1.412613724999999931e+02
1.379162555000000054e+02
1.345473805000000027e+02
1.313858400000000017e+02
1.281341480000000104e+02
1.246999155000000030e+02
1.216633254999999991e+02
1.184124620000000050e+02
1.152164925000000011e+02
1.120837010000000049e+02
1.087619399999999956e+02
1.054986870000000039e+02
1.022731430000000046e+02
9.927341149999999459e+01
9.596884500000000173e+01
9.285673649999999668e+01
8.969027649999999596e+01
8.656732850000000212e+01
8.324355749999999432e+01
8.021920699999999727e+01
7.708073550000000296e+01
7.386256849999999474e+01
7.071897649999999658e+01
6.757766750000000400e+01
6.434998950000000661e+01
6.110554599999999681e+01
5.803028549999999797e+01
5.472940100000000285e+01
5.156192899999999923e+01
4.832891099999999796e+01
4.502805099999999783e+01
4.192230949999999723e+01
3.872906499999999852e+01
3.563982750000000266e+01
3.245765449999999674e+01
2.922145049999999955e+01
2.613530349999999913e+01
2.306567700000000087e+01
1.997170699999999854e+01
1.690117850000000033e+01
1.381584950000000056e+01
1.076108699999999985e+01
7.661770500000000261e+00
4.570890000000000342e+00
1.514914000000000094e+00
L=10.0,N=880,T=1.0,r=0.16,eta=0.7077379930007088,t=10149.836187124252s