0.000000000000000000e+00
0.000000000000000000e+00
0.000000000000000000e+00
0.000000000000000000e+00
0.000000000000000000e+00
0.000000000000000000e+00
0.000000000000000000e+00
0.000000000000000000e+00
0.000000000000000000e+00
0.000000000000000000e+00
0.000000000000000000e+00
0.000000000000000000e+00
0.000000000000000000e+00
0.000000000000000000e+00
0.000000000000000000e+00
0.000000000000000000e+00
0.000000000000000000e+00
0.000000000000000000e+00
0.000000000000000000e+00
0.000000000000000000e+00
0.000000000000000000e+00
0.000000000000000000e+00
0.000000000000000000e+00
0.000000000000000000e+00
0.000000000000000000e+00
0.000000000000000000e+00
0.000000000000000000e+00
0.000000000000000000e+00
0.000000000000000000e+00
0.000000000000000000e+00
0.000000000000000000e+00
0.000000000000000000e+00
0.000000000000000000e+00
0.000000000000000000e+00
4.684750000000000025e-02
4.476330000000000031e-01
1.140133999999999981e+00
2.003957000000000210e+00
2.993122000000000060e+00
4.071615000000000428e+00
5.251337499999999991e+00
6.526529499999999651e+00
7.890189499999999967e+00
9.376184000000000296e+00
1.114161550000000034e+01
1.946136244999999860e+02
2.416830405000000042e+02
2.251574584999999900e+02
2.097633314999999925e+02
1.956379225000000019e+02
1.825538390000000106e+02
1.705477014999999881e+02
1.597409250000000043e+02
1.498358634999999879e+02
1.411064460000000054e+02
1.335183015000000069e+02
1.275611320000000006e+02
1.215141445000000004e+02
1.153720205000000050e+02
1.097428665000000052e+02
1.046166345000000035e+02
9.996117049999999438e+01
9.576787400000000616e+01
9.201103050000000394e+01
8.870895400000000564e+01
8.571431549999999788e+01
8.321191299999999558e+01
8.099773299999999665e+01
7.902045599999999581e+01
7.727316299999999671e+01
7.584201349999999309e+01
7.474688650000000223e+01
7.393298299999999301e+01
7.347011000000000536e+01
7.333282950000000255e+01
7.358895599999999604e+01
7.423765249999999583e+01
7.527954350000000261e+01
7.678888150000000223e+01
7.880440950000000555e+01
8.132150400000000445e+01
8.451090949999999680e+01
8.830489500000000191e+01
9.260567500000000507e+01
9.753976099999999860e+01
1.029905854999999946e+02
1.091466695000000016e+02
1.158882894999999991e+02
1.235231710000000049e+02
1.323052514999999971e+02
1.438244804999999928e+02
1.576332639999999969e+02
1.688903129999999919e+02
1.778089635000000044e+02
1.844521175000000142e+02
1.893281990000000121e+02
1.926632349999999860e+02
1.948167425000000037e+02
1.958812235000000044e+02
1.961919240000000002e+02
1.957304220000000043e+02
1.949222469999999987e+02
1.935815809999999999e+02
1.919690865000000031e+02
1.900971265000000017e+02
1.879726995000000045e+02
1.857322910000000036e+02
1.834772744999999929e+02
1.810986460000000022e+02
1.787516474999999900e+02
1.765992635000000064e+02
1.743938405000000103e+02
1.723859344999999905e+02
1.705070120000000031e+02
1.688373789999999985e+02
1.672535445000000038e+02
1.659354564999999866e+02
1.648812780000000089e+02
1.640757445000000132e+02
1.635531354999999962e+02
1.633058575000000019e+02
1.634385460000000023e+02
1.638981845000000135e+02
1.645663825000000031e+02
1.658078375000000051e+02
1.673044984999999940e+02
1.692505685000000142e+02
1.715803635000000043e+02
1.742554174999999930e+02
1.773884185000000002e+02
1.808390285000000119e+02
1.846799880000000087e+02
1.888239890000000116e+02
1.931829874999999959e+02
1.978005210000000034e+02
2.027572434999999871e+02
2.077559865000000059e+02
2.127877144999999928e+02
2.177784279999999910e+02
2.226168179999999950e+02
2.270417390000000069e+02
2.309892340000000104e+02
2.346256339999999909e+02
2.378225664999999935e+02
2.405953504999999950e+02
2.430302365000000009e+02
2.449699835000000121e+02
2.465756360000000029e+02
2.478438764999999933e+02
2.487965780000000109e+02
2.495361755000000130e+02
2.499879200000000026e+02
2.501401524999999992e+02
2.502514825000000087e+02
2.501631984999999929e+02
2.499244794999999897e+02
2.496627440000000036e+02
2.493361189999999965e+02
2.488243659999999977e+02
2.484471249999999998e+02
2.480040925000000129e+02
2.476943310000000054e+02
2.474099985000000004e+02
2.471857100000000003e+02
2.472182395000000099e+02
2.473471174999999960e+02
2.475025699999999915e+02
2.479197744999999884e+02
2.484870730000000094e+02
2.491961755000000096e+02
2.501041260000000079e+02
2.513281499999999937e+02
2.526343045000000131e+02
2.542726844999999969e+02
2.560365219999999908e+02
2.580924524999999790e+02
2.602860264999999913e+02
2.626859799999999723e+02
2.652324879999999894e+02
2.679203259999999887e+02
2.708494759999999815e+02
2.737669220000000223e+02
2.768071899999999914e+02
2.798326589999999783e+02
2.828586750000000052e+02
2.859042455000000018e+02
2.888439129999999864e+02
2.916740480000000275e+02
2.943844055000000139e+02
2.970706255000000056e+02
2.995430400000000191e+02
3.019250379999999723e+02
3.040554870000000278e+02
3.061731105000000071e+02
3.079894689999999855e+02
3.096726034999999797e+02
3.113070379999999773e+02
3.126613839999999982e+02
3.139204404999999838e+02
3.151094754999999736e+02
3.161001939999999877e+02
3.171086554999999976e+02
3.179593355000000088e+02
3.186805494999999837e+02
3.194106184999999982e+02
3.200042980000000057e+02
3.206917599999999879e+02
3.212555565000000115e+02
3.218678170000000023e+02
3.224571384999999850e+02
3.231087899999999991e+02
3.237878865000000133e+02
3.245348685000000160e+02
3.254650439999999776e+02
3.262524480000000153e+02
3.271934524999999780e+02
3.282738840000000096e+02
3.294459694999999897e+02
3.306596999999999866e+02
3.319391959999999813e+02
3.334829384999999888e+02
3.349544619999999782e+02
3.366337829999999940e+02
3.383917754999999943e+02
3.402761340000000132e+02
3.422508799999999951e+02
3.443294515000000047e+02
3.462878860000000145e+02
3.485140309999999886e+02
3.507076364999999782e+02
3.527949414999999931e+02
3.549660695000000032e+02
3.571807479999999941e+02
3.594313799999999901e+02
3.614152240000000234e+02
3.635963970000000245e+02
3.657141834999999901e+02
3.677527680000000032e+02
3.696912194999999883e+02
3.715388434999999845e+02
3.734272119999999973e+02
3.752375650000000178e+02
3.770268239999999764e+02
3.786743190000000254e+02
3.803308215000000132e+02
3.817220379999999977e+02
3.833311165000000074e+02
3.846593090000000075e+02
3.860819430000000239e+02
3.873281264999999962e+02
3.885193125000000123e+02
3.898177964999999858e+02
3.908782870000000003e+02
3.920575579999999718e+02
3.931442390000000273e+02
3.943138935000000060e+02
3.954406144999999810e+02
3.966214385000000107e+02
3.977200799999999958e+02
3.989035944999999970e+02
3.999691710000000171e+02
4.011539455000000203e+02
4.023964669999999728e+02
4.036574954999999818e+02
4.049026574999999752e+02
4.063118954999999914e+02
4.076173665000000028e+02
4.090744440000000282e+02
4.106301985000000059e+02
4.121224334999999996e+02
4.137501015000000280e+02
4.154108860000000050e+02
4.170906585000000177e+02
4.188678615000000036e+02
4.206183224999999766e+02
4.224051430000000096e+02
4.241733600000000024e+02
4.258710725000000252e+02
4.277712055000000078e+02
4.295194584999999847e+02
4.312650939999999764e+02
4.331730699999999956e+02
4.348851265000000126e+02
4.366677090000000021e+02
4.384189420000000155e+02
4.402848640000000273e+02
4.419600340000000074e+02
4.436731060000000184e+02
4.454227369999999837e+02
4.471024120000000153e+02
4.487625355000000127e+02
4.503945550000000253e+02
4.520180015000000253e+02
4.535010419999999840e+02
4.549457904999999869e+02
4.565179499999999848e+02
4.580406360000000063e+02
4.593464180000000283e+02
4.608956994999999779e+02
4.623127949999999942e+02
4.635484559999999874e+02
4.650521659999999997e+02
4.664011840000000007e+02
4.676967159999999808e+02
4.690681885000000193e+02
4.704141010000000165e+02
4.718242660000000228e+02
4.731888915000000111e+02
4.745253700000000094e+02
4.758757770000000278e+02
4.771423585000000003e+02
4.786323219999999878e+02
4.800182644999999866e+02
4.814947344999999927e+02
4.829617195000000152e+02
4.844802139999999895e+02
4.860573489999999879e+02
4.875854654999999980e+02
4.891852119999999786e+02
4.907385474999999815e+02
4.924573245000000270e+02
4.940073014999999828e+02
4.955307295000000067e+02
4.972373150000000237e+02
4.988122399999999743e+02
5.004481710000000021e+02
5.021363135000000284e+02
5.036919985000000111e+02
5.053438795000000141e+02
5.069864119999999730e+02
5.086217584999999985e+02
5.103078434999999899e+02
5.119320885000000203e+02
5.135792155000000321e+02
5.152538409999999658e+02
5.168344435000000203e+02
5.185136370000000170e+02
5.201325259999999844e+02
5.217094445000000178e+02
5.233248804999999493e+02
5.248599884999999858e+02
5.263742349999999988e+02
5.279203459999999950e+02
5.294143460000000232e+02
5.309410209999999779e+02
5.324818115000000489e+02
5.339884200000000192e+02
5.354499974999999949e+02
5.370470565000000533e+02
5.383696804999999586e+02
5.398735974999999598e+02
5.414604084999999714e+02
5.428312059999999519e+02
5.442929994999999508e+02
5.456368780000000243e+02
5.470719940000000179e+02
5.485998120000000426e+02
5.499440865000000258e+02
5.515507394999999633e+02
5.529459669999999960e+02
5.545084289999999783e+02
5.559893614999999727e+02
5.575833589999999731e+02
5.590871284999999489e+02
5.606594675000000052e+02
5.622186990000000151e+02
5.637548614999999472e+02
5.653337565000000495e+02
5.668048989999999776e+02
5.683923975000000155e+02
5.700021054999999706e+02
5.714545970000000352e+02
5.731212719999999763e+02
5.746243124999999736e+02
5.761263139999999794e+02
5.777139744999999493e+02
5.793174504999999499e+02
5.808906735000000481e+02
5.825410460000000512e+02
5.840580840000000080e+02
5.857558219999999665e+02
5.873377124999999523e+02
5.889610014999999521e+02
5.904769400000000132e+02
5.920764215000000377e+02
5.936273155000000088e+02
5.951300499999999829e+02
5.967365254999999706e+02
5.982974255000000312e+02
5.998922370000000228e+02
6.013936459999999897e+02
6.028766289999999799e+02
6.045031609999999773e+02
6.059855844999999590e+02
6.074645279999999730e+02
6.090924764999999752e+02
6.105734595000000127e+02
6.121754170000000386e+02
6.135643420000000106e+02
6.151094184999999470e+02
6.166312384999999949e+02
6.180237980000000562e+02
6.195335424999999532e+02
6.209939950000000408e+02
6.224443979999999783e+02
6.239562885000000279e+02
6.256068884999999682e+02
6.270737169999999878e+02
6.287030750000000126e+02
6.301678204999999480e+02
6.317630080000000135e+02
6.333329559999999674e+02
6.348432880000000296e+02
6.364316999999999780e+02
6.378813820000000305e+02
6.394281429999999773e+02
6.408933449999999539e+02
6.424597790000000259e+02
6.439802445000000262e+02
6.454896830000000136e+02
6.470186555000000226e+02
6.487089345000000549e+02
6.501926939999999604e+02
6.517261714999999640e+02
6.532948360000000321e+02
6.548924279999999953e+02
6.564351044999999658e+02
6.580025689999999940e+02
6.597067680000000109e+02
6.611683984999999666e+02
6.626859610000000202e+02
6.643567044999999780e+02
6.658157195000000002e+02
6.673280654999999797e+02
6.689650110000000041e+02
6.704699444999999969e+02
6.719320089999999936e+02
6.736128425000000561e+02
6.750392640000000029e+02
6.766613465000000360e+02
6.781687190000000101e+02
6.796445240000000467e+02
6.812337710000000470e+02
6.827647030000000541e+02
6.844127164999999877e+02
6.857783564999999726e+02
6.873373305000000073e+02
6.888525264999999536e+02
6.903574559999999565e+02
6.918885034999999561e+02
6.933991634999999860e+02
6.948792089999999462e+02
6.964112169999999651e+02
6.979336279999999988e+02
6.995375800000000481e+02
7.012628740000000107e+02
7.026362890000000334e+02
7.042724915000000010e+02
7.057210495000000492e+02
7.073755204999999933e+02
7.088598240000000033e+02
7.102775954999999612e+02
7.117394180000000006e+02
7.132967280000000301e+02
7.147688164999999572e+02
7.164589634999999817e+02
7.179884869999999637e+02
7.194759185000000343e+02
7.210260604999999714e+02
7.226396385000000464e+02
7.241887000000000398e+02
7.256693004999999630e+02
7.272980629999999564e+02
7.288609424999999646e+02
7.304629740000000311e+02
7.318904734999999846e+02
7.334630170000000362e+02
7.350001079999999547e+02
7.367272120000000086e+02
7.381535840000000235e+02
7.397317399999999452e+02
7.411982880000000478e+02
7.427286110000000008e+02
7.443254879999999503e+02
7.458614055000000462e+02
7.474581030000000510e+02
7.489429205000000138e+02
7.504344794999999522e+02
7.519921144999999569e+02
7.536195514999999432e+02
7.549290310000000090e+02
7.566382180000000517e+02
7.579666260000000193e+02
7.595964750000000549e+02
7.610667379999999866e+02
7.625768835000000081e+02
7.641033889999999928e+02
7.656473674999999730e+02
7.671767025000000331e+02
7.688965594999999666e+02
7.703862679999999727e+02
7.719336254999999483e+02
7.735248215000000300e+02
7.750686415000000125e+02
7.765957194999999729e+02
7.782522840000000315e+02
7.797328965000000380e+02
7.811994809999999916e+02
7.826070744999999533e+02
7.841909020000000510e+02
7.856886299999999892e+02
7.872301959999999781e+02
7.888386004999999841e+02
7.903212624999999889e+02
7.918813669999999547e+02
7.935449155000000019e+02
7.949769959999999855e+02
7.966912489999999707e+02
7.981403299999999490e+02
7.996430585000000519e+02
8.011343954999999823e+02
8.027379664999999704e+02
8.042806695000000445e+02
8.058422890000000507e+02
8.074068105000000060e+02
8.089288360000000466e+02
8.104351124999999456e+02
8.119336495000000014e+02
8.136071660000000065e+02
8.150088725000000522e+02
8.167605224999999791e+02
8.181254629999999679e+02
8.196938854999999648e+02
8.213292155000000321e+02
8.227480189999999993e+02
8.243269149999999854e+02
8.259486140000000205e+02
8.272187085000000479e+02
8.288650195000000167e+02
8.303333874999999580e+02
8.317142085000000407e+02
8.333786035000000538e+02
8.349015470000000505e+02
8.365497814999999946e+02
8.380845315000000255e+02
8.396151419999999916e+02
8.411959110000000237e+02
8.428258359999999811e+02
8.444131194999999934e+02
8.459723374999999805e+02
8.475020875000000160e+02
8.489993060000000469e+02
8.505072384999999713e+02
8.521040189999999939e+02
8.535365410000000566e+02
8.550996280000000525e+02
8.565033949999999550e+02
8.580592474999999695e+02
8.594802310000000034e+02
8.611039084999999886e+02
8.626406709999999975e+02
8.642868415000000368e+02
8.657304169999999885e+02
8.674079934999999750e+02
8.689281670000000304e+02
8.704390194999999721e+02
8.720010714999999664e+02
8.734758839999999509e+02
8.751072904999999764e+02
8.767079119999999648e+02
8.780900504999999612e+02
8.797550210000000561e+02
8.811542230000000018e+02
8.828547495000000254e+02
8.843776824999999917e+02
8.859424605000000383e+02
8.873199614999999767e+02
8.889329300000000558e+02
8.905761804999999640e+02
8.920304660000000467e+02
8.935944345000000339e+02
8.951350609999999506e+02
8.966605254999999488e+02
8.980731534999999894e+02
8.995690935000000081e+02
9.012335930000000417e+02
9.026287630000000490e+02
9.041315270000000055e+02
9.058374099999999771e+02
9.074169140000000198e+02
9.089209965000000011e+02
9.104402539999999817e+02
9.121029079999999567e+02
9.137159914999999728e+02
9.152092675000000099e+02
9.167565029999999524e+02
9.183877784999999676e+02
9.197978725000000395e+02
9.212877214999999751e+02
9.229065140000000156e+02
9.243110165000000507e+02
9.257423979999999801e+02
9.273175629999999501e+02
9.288117340000000013e+02
9.303489025000000083e+02
9.319423339999999598e+02
9.334064905000000181e+02
9.350935680000000048e+02
9.365783205000000180e+02
9.381449744999999893e+02
9.396854019999999537e+02
9.412596330000000080e+02
9.428131624999999758e+02
9.442600485000000390e+02
9.458248079999999618e+02
9.474086340000000064e+02
9.490128065000000106e+02
9.505738165000000208e+02
9.521013044999999693e+02
9.536935865000000376e+02
9.550713140000000294e+02
9.566150720000000547e+02
9.583458275000000413e+02
9.598725375000000213e+02
9.612660389999999779e+02
9.628565754999999626e+02
9.643863045000000511e+02
9.658916144999999460e+02
9.673295869999999468e+02
9.688070404999999710e+02
9.704463749999999891e+02
9.719490120000000388e+02
9.735527240000000120e+02
9.750321689999999535e+02
9.766748354999999719e+02
9.781293070000000398e+02
9.797371004999999968e+02
9.813814535000000205e+02
9.828858950000000050e+02
9.844706840000000057e+02
9.859781349999999520e+02
9.877123544999999467e+02
9.891918849999999566e+02
9.905467774999999619e+02
9.920469064999999773e+02
9.936374319999999898e+02
9.951214240000000473e+02
9.966572704999999814e+02
9.981277860000000146e+02
9.997455985000000283e+02
1.001212232999999969e+03
1.002662372499999947e+03
1.004294941999999992e+03
1.005861222999999995e+03
1.007285663500000055e+03
1.008959438500000033e+03
1.010440178999999944e+03
1.011973563499999955e+03
1.013553599999999960e+03
1.015230924500000015e+03
1.016666566999999986e+03
1.018328064499999982e+03
1.019704195499999969e+03
1.021261165499999947e+03
1.022969385500000044e+03
1.024407566999999972e+03
1.025945152000000007e+03
1.027589953500000092e+03
1.029081374999999980e+03
1.030555941500000017e+03
1.032186365000000023e+03
1.033631628999999975e+03
1.035105393000000049e+03
1.036669683999999961e+03
1.038127639000000045e+03
1.039515325999999959e+03
1.041224226000000044e+03
1.042797687499999938e+03
1.044139092500000061e+03
1.045859997999999905e+03
1.047491500500000029e+03
1.048945735999999897e+03
1.050578829000000042e+03
1.052260976499999970e+03
1.053801799999999957e+03
1.055400105500000109e+03
1.056886343500000066e+03
1.058359033499999896e+03
1.059914085500000056e+03
1.061392829500000062e+03
1.062914142000000083e+03
1.064466126499999973e+03
1.065856436000000031e+03
1.067506035000000111e+03
1.069069647999999916e+03
1.070418369499999926e+03
1.071937809000000016e+03
1.073522425500000054e+03
1.075148430499999904e+03
1.076753713000000062e+03
1.078159918500000003e+03
1.079836951499999941e+03
1.081447372500000029e+03
1.082898024000000078e+03
1.084386216500000046e+03
1.085913046500000064e+03
1.087494310000000041e+03
1.047382798999999977e+03
1.003934992500000021e+03
9.779881679999999733e+02
9.575710675000000265e+02
9.401288210000000163e+02
9.249410649999999805e+02
9.109286045000000058e+02
8.981221345000000156e+02
8.863312945000000127e+02
8.752609274999999798e+02
8.648944125000000440e+02
8.548121680000000424e+02
8.454388394999999718e+02
8.363742180000000417e+02
8.276239494999999806e+02
8.192584829999999556e+02
8.113245630000000119e+02
8.035090155000000323e+02
7.959046359999999822e+02
7.886091930000000048e+02
7.814694600000000264e+02
7.745186905000000479e+02
7.677277205000000322e+02
7.611593420000000378e+02
7.546418419999999969e+02
7.483006460000000288e+02
7.423376094999999850e+02
7.363232534999999643e+02
7.304155680000000075e+02
7.244278219999999919e+02
7.189105154999999741e+02
7.131777409999999691e+02
7.076751765000000205e+02
7.023623229999999467e+02
6.970549640000000409e+02
6.918266640000000507e+02
6.866404959999999846e+02
6.816784910000000082e+02
6.765873559999999998e+02
6.716401540000000523e+02
6.666633154999999533e+02
6.619888280000000123e+02
6.571516380000000481e+02
6.525910720000000538e+02
6.480422825000000557e+02
6.434269839999999476e+02
6.389618534999999611e+02
6.344286540000000514e+02
6.300548340000000280e+02
6.256680565000000342e+02
6.215074899999999616e+02
6.171765335000000050e+02
6.130032965000000331e+02
6.088484124999999949e+02
6.046506170000000111e+02
6.005525945000000547e+02
5.966057865000000220e+02
5.924964099999999689e+02
5.885010115000000042e+02
5.845629870000000210e+02
5.806754760000000033e+02
5.768241870000000517e+02
5.729206365000000005e+02
5.691271345000000110e+02
5.653410920000000033e+02
5.616585649999999532e+02
5.579731309999999667e+02
5.543026254999999765e+02
5.506577224999999771e+02
5.469647545000000264e+02
5.432934205000000247e+02
5.397660475000000133e+02
5.362095540000000256e+02
5.327029655000000048e+02
5.292397379999999885e+02
5.257715150000000222e+02
5.223197255000000041e+02
5.188553524999999809e+02
5.155359200000000328e+02
5.120071000000000367e+02
5.086903810000000021e+02
5.052934119999999893e+02
5.021034905000000208e+02
4.988128914999999779e+02
4.955699994999999944e+02
4.922387879999999996e+02
4.889907114999999749e+02
4.856820895000000178e+02
4.824836139999999887e+02
4.793563659999999800e+02
4.760990944999999783e+02
4.729845554999999990e+02
4.697944499999999834e+02
4.668078310000000215e+02
4.636625435000000266e+02
4.605655775000000176e+02
4.574899490000000242e+02
4.544322655000000282e+02
4.514628010000000131e+02
4.484021445000000199e+02
4.454136214999999765e+02
4.423902244999999880e+02
4.393975090000000137e+02
4.364723984999999971e+02
4.335860149999999749e+02
4.305714735000000246e+02
4.276480599999999868e+02
4.247071789999999964e+02
4.217660290000000032e+02
4.189513294999999857e+02
4.161192290000000185e+02
4.132744094999999902e+02
4.102922325000000114e+02
4.074753079999999841e+02
4.046494509999999991e+02
4.018809089999999742e+02
3.991030969999999911e+02
3.961897159999999758e+02
3.934769220000000018e+02
3.907142579999999725e+02
3.879618155000000002e+02
3.850999545000000239e+02
3.824330239999999890e+02
3.797190019999999890e+02
3.769528159999999843e+02
3.743043390000000272e+02
3.715520134999999868e+02
3.688832095000000209e+02
3.662260919999999942e+02
3.635083245000000147e+02
3.609103860000000168e+02
3.582189680000000180e+02
3.555464324999999803e+02
3.529565354999999727e+02
3.503737960000000271e+02
3.476862365000000068e+02
3.451550354999999968e+02
3.425506459999999720e+02
3.398673274999999876e+02
3.373473715000000084e+02
3.347593340000000239e+02
3.322787490000000048e+02
3.296361200000000053e+02
3.270823260000000232e+02
3.245491455000000087e+02
3.220179665000000000e+02
3.194362545000000182e+02
3.170142635000000269e+02
3.144385914999999727e+02
3.119540455000000065e+02
3.094373444999999947e+02
3.069020899999999870e+02
3.044442700000000173e+02
3.019883270000000266e+02
2.994591500000000224e+02
2.970384755000000041e+02
2.945351764999999773e+02
2.921142639999999915e+02
2.897395055000000070e+02
2.872583245000000147e+02
2.847636754999999766e+02
2.823856114999999818e+02
2.799796734999999899e+02
2.776099580000000060e+02
2.751145715000000109e+02
2.726785459999999830e+02
2.703375009999999747e+02
2.679155269999999973e+02
2.655415135000000078e+02
2.632220510000000218e+02
2.608320420000000013e+02
2.584658605000000193e+02
2.561598114999999893e+02
2.537211484999999982e+02
2.513957010000000025e+02
2.490014025000000117e+02
2.466880625000000009e+02
2.443655119999999954e+02
2.419978250000000060e+02
2.396735339999999894e+02
2.374195510000000127e+02
2.350739619999999945e+02
2.328004170000000101e+02
2.304661084999999900e+02
2.281988870000000134e+02
2.258330665000000010e+02
2.235925895000000025e+02
2.212918809999999894e+02
2.190463584999999966e+02
2.168263295000000141e+02
2.145001230000000021e+02
2.122075790000000097e+02
2.100447810000000004e+02
2.076738870000000077e+02
2.054387429999999881e+02
2.031681154999999990e+02
2.009610619999999983e+02
1.987419045000000040e+02
1.964754709999999989e+02
1.942441335000000038e+02
1.920243265000000008e+02
1.897931590000000028e+02
1.875258489999999938e+02
1.853516405000000020e+02
1.831389025000000004e+02
1.809370110000000125e+02
1.787060684999999864e+02
1.765349694999999883e+02
1.743366929999999968e+02
1.721379995000000065e+02
1.699155304999999885e+02
1.677653545000000008e+02
1.656085480000000132e+02
1.633858074999999985e+02
1.612532799999999895e+02
1.590551590000000033e+02
1.569228060000000085e+02
1.547838549999999884e+02
1.526270250000000033e+02
1.504359804999999994e+02
1.483320085000000006e+02
1.461620440000000087e+02
1.440134175000000027e+02
1.418660974999999951e+02
1.397442979999999864e+02
1.376143084999999928e+02
1.354674395000000118e+02
1.333420414999999934e+02
1.312183274999999867e+02
1.291173939999999902e+02
1.269729899999999958e+02
1.248452094999999957e+02
1.227315179999999941e+02
1.206648414999999943e+02
1.185257945000000035e+02
1.164323444999999992e+02
1.143451960000000014e+02
1.122609585000000010e+02
1.101719099999999969e+02
1.080903365000000065e+02
1.059760545000000036e+02
1.038903090000000020e+02
1.018366335000000049e+02
9.975943800000000294e+01
9.764308649999999545e+01
9.557899050000000329e+01
9.350797099999999773e+01
9.141688899999999762e+01
8.940077150000000472e+01
8.730094149999999331e+01
8.524241050000000541e+01
8.317045600000000150e+01
8.113795299999999600e+01
7.912572350000000654e+01
7.705989200000000494e+01
7.500195650000000569e+01
7.296057299999999657e+01
7.092966599999999744e+01
6.886525249999999687e+01
6.686917149999999310e+01
6.477153049999999723e+01
6.274354799999999699e+01
6.072409300000000343e+01
5.872994549999999947e+01
5.669546449999999993e+01
5.468044849999999713e+01
5.265986699999999843e+01
5.064770399999999739e+01
4.863713750000000147e+01
4.660532450000000182e+01
4.464120650000000268e+01
4.263188650000000024e+01
4.062480850000000032e+01
3.863184799999999797e+01
3.661945300000000003e+01
3.460771749999999969e+01
3.261929599999999851e+01
3.062188349999999915e+01
2.865124450000000067e+01
2.662698449999999895e+01
2.465694600000000136e+01
2.266149850000000043e+01
2.069063050000000104e+01
1.872459399999999974e+01
1.673589450000000056e+01
1.475564450000000072e+01
1.279189949999999953e+01
1.082477150000000066e+01
8.844492000000000687e+00
6.877557999999999616e+00
4.906949000000000005e+00
2.941828500000000179e+00
9.800044999999999451e-01
L=10.0,N=700,T=1.0,r=0.16,eta=0.562973403523291,t=5498.356300115585s