0.000000000000000000e+00
0.000000000000000000e+00
0.000000000000000000e+00
0.000000000000000000e+00
0.000000000000000000e+00
0.000000000000000000e+00
0.000000000000000000e+00
0.000000000000000000e+00
0.000000000000000000e+00
0.000000000000000000e+00
0.000000000000000000e+00
0.000000000000000000e+00
0.000000000000000000e+00
0.000000000000000000e+00
0.000000000000000000e+00
0.000000000000000000e+00
0.000000000000000000e+00
0.000000000000000000e+00
0.000000000000000000e+00
0.000000000000000000e+00
0.000000000000000000e+00
0.000000000000000000e+00
0.000000000000000000e+00
0.000000000000000000e+00
0.000000000000000000e+00
0.000000000000000000e+00
8.063700000000000312e-01
4.265725999999999907e+00
8.991640500000000813e+00
1.413943100000000008e+01
1.976494800000000041e+01
2.593446249999999864e+01
3.314519200000000154e+01
1.292717570000000080e+02
1.355992120500000055e+03
1.116452287500000011e+03
9.221666360000000395e+02
7.651418929999999818e+02
6.385482100000000401e+02
5.364407730000000356e+02
4.549658605000000193e+02
3.904911149999999793e+02
3.421573399999999765e+02
2.996544574999999782e+02
2.630959114999999997e+02
2.333493339999999989e+02
2.090392439999999965e+02
1.898620630000000062e+02
1.747318165000000079e+02
1.632937704999999937e+02
1.550284355000000005e+02
1.495621204999999918e+02
1.466867849999999862e+02
1.469536444999999958e+02
1.508144565000000057e+02
1.585494889999999941e+02
1.712019109999999955e+02
1.898257199999999898e+02
2.160799304999999890e+02
2.513496705000000020e+02
2.959762020000000007e+02
3.476713579999999979e+02
4.004294009999999844e+02
4.517025719999999751e+02
4.989683600000000183e+02
5.432678160000000389e+02
5.880979320000000143e+02
6.492988169999999855e+02
7.616752265000000079e+02
8.360654435000000149e+02
8.607274344999999585e+02
8.527603725000000168e+02
8.254174679999999853e+02
7.864298294999999825e+02
7.420662095000000136e+02
6.962724190000000135e+02
6.514296765000000278e+02
6.092539795000000140e+02
5.695577905000000101e+02
5.330033750000000055e+02
5.000111620000000130e+02
4.709865434999999820e+02
4.458363684999999919e+02
4.254255759999999782e+02
4.091522279999999796e+02
3.971674835000000030e+02
3.902875530000000026e+02
3.888879109999999741e+02
3.930412259999999947e+02
4.037471835000000056e+02
4.218652324999999905e+02
4.488752514999999903e+02
4.841090869999999882e+02
5.279163300000000163e+02
5.787822099999999637e+02
6.335507390000000214e+02
6.898533879999999954e+02
7.435854564999999639e+02
7.929002749999999651e+02
8.349336879999999610e+02
8.704179635000000417e+02
9.001080664999999499e+02
9.266926919999999654e+02
9.473574495000000297e+02
9.588933855000000221e+02
9.605667274999999563e+02
9.531950030000000424e+02
9.386970850000000155e+02
9.185860965000000533e+02
8.947146824999999808e+02
8.687263635000000477e+02
8.419037520000000541e+02
8.150903319999999894e+02
7.893045580000000427e+02
7.648946744999999510e+02
7.425247000000000526e+02
7.225546144999999569e+02
7.056023529999999937e+02
6.923371224999999640e+02
6.827201505000000452e+02
6.781599165000000085e+02
6.784981434999999692e+02
6.847051030000000083e+02
6.964727470000000267e+02
7.146151190000000497e+02
7.393631424999999808e+02
7.701162735000000339e+02
8.063182215000000497e+02
8.467802675000000363e+02
8.899110144999999648e+02
9.340412165000000186e+02
9.764577984999999671e+02
1.016856335500000000e+03
1.052092497500000036e+03
1.081924565499999972e+03
1.105980463500000042e+03
1.124094258999999965e+03
1.135872229500000003e+03
1.141226883999999927e+03
1.141118026000000100e+03
1.135990977500000099e+03
1.125779862999999978e+03
1.112580155999999988e+03
1.096362933999999996e+03
1.078740211999999929e+03
1.060513920500000040e+03
1.042400108000000046e+03
1.025128899499999989e+03
1.008992622500000039e+03
9.946266544999999724e+02
9.829453580000000557e+02
9.733115900000000238e+02
9.666399059999999963e+02
9.636403850000000375e+02
9.638730444999999918e+02
9.681588819999999487e+02
9.772404675000000225e+02
9.907988239999999678e+02
1.008244180000000028e+03
1.029626558500000101e+03
1.054509036500000093e+03
1.082678062499999896e+03
1.111811403500000097e+03
1.143873939500000006e+03
1.175395308500000056e+03
1.205749250000000075e+03
1.234712543500000038e+03
1.261180450999999948e+03
1.284466221500000074e+03
1.303911026499999934e+03
1.319025754999999890e+03
1.329609138999999914e+03
1.336513850000000048e+03
1.338612351499999932e+03
1.336493868499999962e+03
1.331750592999999981e+03
1.323341901000000007e+03
1.313111773999999969e+03
1.301123418500000071e+03
1.288985036999999920e+03
1.276777059999999892e+03
1.265127234000000044e+03
1.254562985499999968e+03
1.245690192499999966e+03
1.239089991499999996e+03
1.234626692000000048e+03
1.233174150000000054e+03
1.234149185499999930e+03
1.238593538000000081e+03
1.245411567999999988e+03
1.255934274499999901e+03
1.269705503500000077e+03
1.285905380500000092e+03
1.304391426500000080e+03
1.325656832500000064e+03
1.347716604499999903e+03
1.370621309999999994e+03
1.394232005999999956e+03
1.417103294499999947e+03
1.439800911499999984e+03
1.460706560999999965e+03
1.479985723499999949e+03
1.497455662000000075e+03
1.511637464500000078e+03
1.524005357999999887e+03
1.533470771000000013e+03
1.539852259000000004e+03
1.544110259000000042e+03
1.545103949000000057e+03
1.543570384999999987e+03
1.540191825500000050e+03
1.535041322000000036e+03
1.529031671499999902e+03
1.521639791999999943e+03
1.514500965499999893e+03
1.508232950500000015e+03
1.503035352999999986e+03
1.498316473500000029e+03
1.495644604500000014e+03
1.494772872999999890e+03
1.495965840000000071e+03
1.499385948999999982e+03
1.505117080499999929e+03
1.512782764999999927e+03
1.523173387000000048e+03
1.536215255000000070e+03
1.550532406000000037e+03
1.566551576500000010e+03
1.583833972500000073e+03
1.602155140999999958e+03
1.620906238999999914e+03
1.639039476500000092e+03
1.657209571999999980e+03
1.674925334499999963e+03
1.690460197000000107e+03
1.705900347000000011e+03
1.718772371999999905e+03
1.730587527500000078e+03
1.740154326000000083e+03
1.748381601000000046e+03
1.754992729499999996e+03
1.759728783000000021e+03
1.762153084499999977e+03
1.763108827499999961e+03
1.762853903499999888e+03
1.761188012500000013e+03
1.759206672000000026e+03
1.756536558499999956e+03
1.752970151499999929e+03
1.751265603499999997e+03
1.749380006000000094e+03
1.748773486499999990e+03
1.749242320000000063e+03
1.751223617999999988e+03
1.754744693500000039e+03
1.759532164499999908e+03
1.766010974499999975e+03
1.774232641000000058e+03
1.783488866500000086e+03
1.794681475000000091e+03
1.807268808000000035e+03
1.821409249499999987e+03
1.835841347000000042e+03
1.850199853000000076e+03
1.865535532000000103e+03
1.880853390499999932e+03
1.895095503000000008e+03
1.909309696000000031e+03
1.922331495500000074e+03
1.934469021999999995e+03
1.945941847999999936e+03
1.955257393999999977e+03
1.963844622000000072e+03
1.971829492500000015e+03
1.977924907000000076e+03
1.983434949499999902e+03
1.987248950500000092e+03
1.989447128999999904e+03
1.991375419499999907e+03
1.992151953999999932e+03
1.992972666500000059e+03
1.992945116999999982e+03
1.992694645000000037e+03
1.993602725499999906e+03
1.995122373500000094e+03
1.996332366999999977e+03
1.999139820000000100e+03
2.003410399500000040e+03
2.008318265000000110e+03
2.014007045500000004e+03
2.021265059500000007e+03
2.029122818000000052e+03
2.038456508499999927e+03
2.048240551500000038e+03
2.059463051499999892e+03
2.071289538500000162e+03
2.083527385500000037e+03
2.096128677000000152e+03
2.108526919999999791e+03
2.121096832499999891e+03
2.132695227499999874e+03
2.144520121000000017e+03
2.155615226500000063e+03
2.166051422000000002e+03
2.175732308000000103e+03
2.184202624000000014e+03
2.192124013999999988e+03
2.199989216999999826e+03
2.205849362999999812e+03
2.212170470999999907e+03
2.217116753499999959e+03
2.220593613000000005e+03
2.224511638500000117e+03
2.226939492500000142e+03
2.229075123499999791e+03
2.231749759499999982e+03
2.233692339000000175e+03
2.236060000999999829e+03
2.239605058499999814e+03
2.242633029499999793e+03
2.246504544500000065e+03
2.252020082999999886e+03
2.258050000499999896e+03
2.264640154000000166e+03
2.271851920000000064e+03
2.279687870000000203e+03
2.288356795499999862e+03
2.297532793500000025e+03
2.307336453500000061e+03
2.317327628000000004e+03
2.328272262500000124e+03
2.339397331499999837e+03
2.350325174499999775e+03
2.360440055500000199e+03
2.371359945499999867e+03
2.381754025000000183e+03
2.390642787000000226e+03
2.399776234500000101e+03
2.408896396999999979e+03
2.416804400999999871e+03
2.424148066000000199e+03
2.431316582500000095e+03
2.437510347999999794e+03
2.443983204499999829e+03
2.449846755500000199e+03
2.454874488999999812e+03
2.459788786000000073e+03
2.464287695500000154e+03
2.467577714500000184e+03
2.471258749499999794e+03
2.474989803999999822e+03
2.478827772999999979e+03
2.483061693499999819e+03
2.487245226999999886e+03
2.492498788500000046e+03
2.498036412500000097e+03
2.505062046999999893e+03
2.511871504000000186e+03
2.519613068000000112e+03
2.526672579999999925e+03
2.535200525499999912e+03
2.543653577000000041e+03
2.552582905000000210e+03
2.562074641499999871e+03
2.571751064999999926e+03
2.580814286499999980e+03
2.590796910000000025e+03
2.600071942999999919e+03
2.609859484999999950e+03
2.619204137000000173e+03
2.627558363499999814e+03
2.635633441999999832e+03
2.643811159500000031e+03
2.650871419999999944e+03
2.658469304499999907e+03
2.665655544499999905e+03
2.672842786000000160e+03
2.678825934500000130e+03
2.685239313000000038e+03
2.691275044999999864e+03
2.696908586000000014e+03
2.701680398500000138e+03
2.706910999499999889e+03
2.711881663499999831e+03
2.716146171500000037e+03
2.721303339500000220e+03
2.725453096499999901e+03
2.731232890499999939e+03
2.736679517999999916e+03
2.743244564999999966e+03
2.749951820499999940e+03
2.756851843999999801e+03
2.764236815000000206e+03
2.772126267499999813e+03
2.780074003499999890e+03
2.788226819999999861e+03
2.796077368499999920e+03
2.804400301000000127e+03
2.813320488500000010e+03
2.822606760000000122e+03
2.831228765500000009e+03
2.840322956500000146e+03
2.848149483499999860e+03
2.857023235999999997e+03
2.864904301999999916e+03
2.872525221500000043e+03
2.880896227499999895e+03
2.887682916000000205e+03
2.894829043499999898e+03
2.901381785000000036e+03
2.908858800999999858e+03
2.915302716000000146e+03
2.922589803500000016e+03
2.929184200499999861e+03
2.935127753499999926e+03
2.941459408499999881e+03
2.946639736499999799e+03
2.951845224499999858e+03
2.957336719500000072e+03
2.962353235500000210e+03
2.968364833499999804e+03
2.973420077499999934e+03
2.979889305000000149e+03
2.986493746499999816e+03
2.993431943500000216e+03
3.000965651999999864e+03
3.007915488000000096e+03
3.015329418499999974e+03
3.023278909999999996e+03
3.031262940999999955e+03
3.039442900999999893e+03
3.046852851999999984e+03
3.054587026499999865e+03
3.063184488500000043e+03
3.071364173500000106e+03
3.079728251999999884e+03
3.087640982999999778e+03
3.095574818000000050e+03
3.102891548500000226e+03
3.110315903499999877e+03
3.117911607500000173e+03
3.125582162000000153e+03
3.132468906499999775e+03
3.139050328499999978e+03
3.146169910000000073e+03
3.153221378000000186e+03
3.160293005999999878e+03
3.167684408999999960e+03
3.173912112500000148e+03
3.181108693499999845e+03
3.186807509000000209e+03
3.193172606999999971e+03
3.198277973000000202e+03
3.204691901499999858e+03
3.209961525000000165e+03
3.215884034499999871e+03
3.222500541500000054e+03
3.228629745000000185e+03
3.236002285000000029e+03
3.243072514500000125e+03
3.250462101999999959e+03
3.257618808000000172e+03
3.265783816499999830e+03
3.273094958499999848e+03
3.280629019500000140e+03
3.288100677999999789e+03
3.295788323000000219e+03
3.303710818000000017e+03
3.312130724000000100e+03
3.319478039000000081e+03
3.326999887999999828e+03
3.334697638499999812e+03
3.342229560499999934e+03
3.348993699000000106e+03
3.356469450500000221e+03
3.363341538000000128e+03
3.370121462999999949e+03
3.377442070500000227e+03
3.385111188500000026e+03
3.391505654000000050e+03
3.398749538999999913e+03
3.406685942000000068e+03
3.413679212500000176e+03
3.420768990999999914e+03
3.427785140999999840e+03
3.433566938500000106e+03
3.439939197000000149e+03
3.445770816000000195e+03
3.451927811999999903e+03
3.457820063000000118e+03
3.464486504999999852e+03
3.471249107999999978e+03
3.477775536999999986e+03
3.485042266999999811e+03
3.491226150999999845e+03
3.499334746999999879e+03
3.507239618999999948e+03
3.513944210000000112e+03
3.520891466999999921e+03
3.529149902000000111e+03
3.536116143499999907e+03
3.544227996499999790e+03
3.551753963499999827e+03
3.558913710499999979e+03
3.567280552499999885e+03
3.574562849500000084e+03
3.582314488999999867e+03
3.588447439000000031e+03
3.595993696500000169e+03
3.603182774500000050e+03
3.609410182499999792e+03
3.616246775000000071e+03
3.623317323000000215e+03
3.631131581499999811e+03
3.638034029999999802e+03
3.645112865500000225e+03
3.654229276500000196e+03
3.659757532999999967e+03
3.667871724999999969e+03
3.674229307999999946e+03
3.681141751499999828e+03
3.687086757999999918e+03
3.693379091499999959e+03
3.699151530499999808e+03
3.705503197999999884e+03
3.712574317999999948e+03
3.719731595499999912e+03
3.725831601500000033e+03
3.733267778500000077e+03
3.740506717000000208e+03
3.747556082499999775e+03
3.755304611500000192e+03
3.761902563499999815e+03
3.769651446500000020e+03
3.776721010499999920e+03
3.783922343499999897e+03
3.791492510000000038e+03
3.799575111999999990e+03
3.806736087499999940e+03
3.813935895999999957e+03
3.821795998000000054e+03
3.828996263999999883e+03
3.835548825500000021e+03
3.842661685000000034e+03
3.849255000999999993e+03
3.856244978000000174e+03
3.863638989999999922e+03
3.870017039500000010e+03
3.877502113000000008e+03
3.885151726500000223e+03
3.893005752500000199e+03
3.900846400999999787e+03
3.907336197499999798e+03
3.915471895000000131e+03
3.921352005499999905e+03
3.927932244499999797e+03
3.933699211000000105e+03
3.940300102000000152e+03
3.946997150499999861e+03
3.953315245499999946e+03
3.959888071500000024e+03
3.967086655000000064e+03
3.974200202500000159e+03
3.981934130000000096e+03
3.988979581500000222e+03
3.995427096500000061e+03
4.002911063500000182e+03
4.010398036500000217e+03
4.017404684499999803e+03
4.024530979000000116e+03
4.032546165000000201e+03
4.038965431999999964e+03
4.046573412000000189e+03
4.054214801000000080e+03
4.061211991000000125e+03
4.068280396499999824e+03
4.075877027500000167e+03
4.082433306999999786e+03
4.089094714500000009e+03
4.096321788999999626e+03
4.102998604000000341e+03
4.110308240000000296e+03
4.116767556499999955e+03
4.124766843000000335e+03
4.132130266999999549e+03
4.140510709000000134e+03
4.147958111500000086e+03
4.155756618000000344e+03
4.162368080500000360e+03
4.169023481500000344e+03
4.174838075499999832e+03
4.181333671499999582e+03
4.186976160500000333e+03
4.194790861499999664e+03
4.201121192999999948e+03
4.207646472000000358e+03
4.214850935499999650e+03
4.221980645999999979e+03
4.229492742999999791e+03
4.236278364499999952e+03
4.243554907499999899e+03
4.250942519500000344e+03
4.257986845499999617e+03
4.265636512500000208e+03
4.272860279499999706e+03
4.279936110999999983e+03
4.286918591499999820e+03
4.294032431499999802e+03
4.300899067999999716e+03
4.308309314000000086e+03
4.315368585999999596e+03
4.322291592999999921e+03
4.329393142500000067e+03
4.336175694999999905e+03
4.343036813499999880e+03
4.349674154500000441e+03
4.356635041999999885e+03
4.364365004000000226e+03
4.372358890999999858e+03
4.379785544000000300e+03
4.388402396499999668e+03
4.395934172999999646e+03
4.402776162000000113e+03
4.409620534499999849e+03
4.415878109000000222e+03
4.422756161999999676e+03
4.429017029499999808e+03
4.434640903000000435e+03
4.441650991499999691e+03
4.447965302999999949e+03
4.455303237500000250e+03
4.462489013000000341e+03
4.470160678000000189e+03
4.476978377999999793e+03
4.483743341999999757e+03
4.491950100000000020e+03
4.498718768499999896e+03
4.505843977499999710e+03
4.512808872499999779e+03
4.519936667500000112e+03
4.527422439500000110e+03
4.533789901500000269e+03
4.541538241500000368e+03
4.548662169500000346e+03
4.555572406500000398e+03
4.563186838499999794e+03
4.570247194499999750e+03
4.575642958499999622e+03
4.583350713499999983e+03
4.589299226000000090e+03
4.596821450999999797e+03
4.604322564000000057e+03
4.612356108500000119e+03
4.619721768999999767e+03
4.627371887500000412e+03
4.635189473499999622e+03
4.642779153999999835e+03
4.649823272499999803e+03
4.656858490499999789e+03
4.663223859499999890e+03
4.669116610500000206e+03
4.676141252999999779e+03
4.682321716000000379e+03
4.689004307000000153e+03
4.696172932000000401e+03
4.703391314499999680e+03
4.710264989000000242e+03
4.717377430999999888e+03
4.724627298999999766e+03
4.732200635999999577e+03
4.739149000499999602e+03
4.747070093999999699e+03
4.753434301500000402e+03
4.759617460499999652e+03
4.767460349500000120e+03
4.774747357500000362e+03
4.782276013499999863e+03
4.789047514500000034e+03
4.796213004500000352e+03
4.803094696500000282e+03
4.809591502000000219e+03
4.816280788000000030e+03
4.823576538500000424e+03
4.829481271499999821e+03
4.836533295000000180e+03
4.844457392999999684e+03
4.852059447999999975e+03
4.859148934499999996e+03
4.866916905000000042e+03
4.875004291000000194e+03
4.883093974999999773e+03
4.889831478500000230e+03
4.896712586999999985e+03
4.903680712999999741e+03
4.910478680000000168e+03
4.916766805000000204e+03
4.923222821000000295e+03
4.929686866500000178e+03
4.936604167000000416e+03
4.944071514000000207e+03
4.951119995500000186e+03
4.958462196000000404e+03
4.965313369499999681e+03
4.972845160500000020e+03
4.979805252500000279e+03
4.986812412000000222e+03
4.993353915499999857e+03
4.810293016999999963e+03
4.610796624999999949e+03
4.492463101999999708e+03
4.398503897999999936e+03
4.318373759500000233e+03
4.247903475000000071e+03
4.183887400499999785e+03
4.125238468999999895e+03
4.070624070500000016e+03
4.019475877500000024e+03
3.971143152999999984e+03
3.925552715499999977e+03
3.881468151000000034e+03
3.840488029000000097e+03
3.799991934499999843e+03
3.762542453999999907e+03
3.724732773000000179e+03
3.689041494000000057e+03
3.654009211999999934e+03
3.620591330499999913e+03
3.587328654500000084e+03
3.555787950500000079e+03
3.524892284999999902e+03
3.494905163999999786e+03
3.464953693500000099e+03
3.437027818000000025e+03
3.408728351499999917e+03
3.381225342499999897e+03
3.353625571500000206e+03
3.326991688499999782e+03
3.301008333499999935e+03
3.275719619999999850e+03
3.249626858000000084e+03
3.225506481999999778e+03
3.200631376499999988e+03
3.177458684499999890e+03
3.153300841499999933e+03
3.130655617500000062e+03
3.106894768999999997e+03
3.085345191500000055e+03
3.062165105500000209e+03
3.040092954499999905e+03
3.018362376500000209e+03
2.996753338500000154e+03
2.975237050499999896e+03
2.954575865499999964e+03
2.933801425999999992e+03
2.913153077500000109e+03
2.893026600000000144e+03
2.873501622000000225e+03
2.853359261999999944e+03
2.834047974000000067e+03
2.814605283500000041e+03
2.795114226000000144e+03
2.776401287499999853e+03
2.757679891499999940e+03
2.738946014999999989e+03
2.720266513999999916e+03
2.701968680999999833e+03
2.683980888999999934e+03
2.667099184499999865e+03
2.648793851500000073e+03
2.631480482999999822e+03
2.613645905500000026e+03
2.596786845499999799e+03
2.579455176999999821e+03
2.563040857999999844e+03
2.545194751500000166e+03
2.528863852500000121e+03
2.512207906999999977e+03
2.495304667500000050e+03
2.479099560499999825e+03
2.462332689500000015e+03
2.446309078000000227e+03
2.430434377500000210e+03
2.414523148000000219e+03
2.398095417500000167e+03
2.382642566500000157e+03
2.367228911499999867e+03
2.351408176999999796e+03
2.335754133999999794e+03
2.320575007500000083e+03
2.304834052000000156e+03
2.289716374499999802e+03
2.274836074499999995e+03
2.260023525999999947e+03
2.245256406999999854e+03
2.230367084999999861e+03
2.216108246499999950e+03
2.201348172500000146e+03
2.186579916499999854e+03
2.171810085999999956e+03
2.157433473999999933e+03
2.143226038499999959e+03
2.129262532000000192e+03
2.115327268500000173e+03
2.101240578999999798e+03
2.086748477999999977e+03
2.072923308999999790e+03
2.059216111000000183e+03
2.045245114999999942e+03
2.032252001500000006e+03
2.017934874000000036e+03
2.004603063999999904e+03
1.991062547499999937e+03
1.977419356500000049e+03
1.964328195499999993e+03
1.950401863499999990e+03
1.937215110000000095e+03
1.923475355499999978e+03
1.910834853000000066e+03
1.897222498999999971e+03
1.883977926000000025e+03
1.871730919500000027e+03
1.858397799999999961e+03
1.844878051500000083e+03
1.832194686000000047e+03
1.818815163499999926e+03
1.806730676500000072e+03
1.794026142500000105e+03
1.781441399999999931e+03
1.768638496000000032e+03
1.756589649499999950e+03
1.743460383500000034e+03
1.731350182500000074e+03
1.718799569999999903e+03
1.706123180000000048e+03
1.694256963000000042e+03
1.681647200999999995e+03
1.669698257999999896e+03
1.657104413499999964e+03
1.645309948000000077e+03
1.633262208000000101e+03
1.620745181000000002e+03
1.608964074499999924e+03
1.597195570000000089e+03
1.584871263499999941e+03
1.572726638500000035e+03
1.560948084500000050e+03
1.549284711499999958e+03
1.537744144000000006e+03
1.525992850500000031e+03
1.513797514500000034e+03
1.501750939000000017e+03
1.490244820500000060e+03
1.478630824500000017e+03
1.466845555000000104e+03
1.455044154500000104e+03
1.443690066999999999e+03
1.432231666500000074e+03
1.420735711499999979e+03
1.409078105000000050e+03
1.397554277499999898e+03
1.386132536000000073e+03
1.375146811500000013e+03
1.363407034000000067e+03
1.352626524000000018e+03
1.341711011500000041e+03
1.330280015000000049e+03
1.319273699999999963e+03
1.308145197499999995e+03
1.296814010000000053e+03
1.285789436999999907e+03
1.275112311500000033e+03
1.263986654499999986e+03
1.252953877500000090e+03
1.242101596499999914e+03
1.230886283499999990e+03
1.219972578500000054e+03
1.208850302499999998e+03
1.197844771000000037e+03
1.186625851999999895e+03
1.175635054500000024e+03
1.165143330999999989e+03
1.154041128999999955e+03
1.143634868999999981e+03
1.132581521500000008e+03
1.121930657500000052e+03
1.110968591000000060e+03
1.100204502999999931e+03
1.089856483499999968e+03
1.078922599499999933e+03
1.068570372500000076e+03
1.058079805500000020e+03
1.048232648500000096e+03
1.037354336500000045e+03
1.027059425500000089e+03
1.016133180000000038e+03
1.006010988500000053e+03
9.951927534999999807e+02
9.844741844999999785e+02
9.744259534999999914e+02
9.642685719999999492e+02
9.537733319999999821e+02
9.433090734999999540e+02
9.334485419999999749e+02
9.232588054999999940e+02
9.126147694999999658e+02
9.023532800000000407e+02
8.921478805000000420e+02
8.820711495000000468e+02
8.716245199999999613e+02
8.618974044999999933e+02
8.516112759999999753e+02
8.410043869999999515e+02
8.308653669999999920e+02
8.206907615000000078e+02
8.106079170000000431e+02
8.006315919999999551e+02
7.903267895000000181e+02
7.804348959999999806e+02
7.703776364999999942e+02
7.601681939999999713e+02
7.502592345000000478e+02
7.401410114999999905e+02
7.303778369999999995e+02
7.206145635000000311e+02
7.105212874999999713e+02
7.005802410000000009e+02
6.909121995000000425e+02
6.808245140000000220e+02
6.712418934999999465e+02
6.617018460000000459e+02
6.515579044999999496e+02
6.416445605000000114e+02
6.318262825000000475e+02
6.217298590000000331e+02
6.124437789999999495e+02
6.024773280000000568e+02
5.929850914999999532e+02
5.835689840000000004e+02
5.734386940000000550e+02
5.636776294999999664e+02
5.540434064999999464e+02
5.444343730000000505e+02
5.344707775000000538e+02
5.250857799999999997e+02
5.153112620000000561e+02
5.058101740000000177e+02
4.962159639999999854e+02
4.866497205000000008e+02
4.770424140000000079e+02
4.676753034999999841e+02
4.578360974999999939e+02
4.483056334999999990e+02
4.388166979999999739e+02
4.294995284999999967e+02
4.199296044999999822e+02
4.104745364999999993e+02
4.011772230000000263e+02
3.915946395000000280e+02
3.821061404999999809e+02
3.728954889999999978e+02
3.632056380000000217e+02
3.540365724999999770e+02
3.445924549999999726e+02
3.350738180000000170e+02
3.256140975000000140e+02
3.161084854999999720e+02
3.066478645000000256e+02
2.974321699999999851e+02
2.880287420000000225e+02
2.788714734999999791e+02
2.695331335000000195e+02
2.602858175000000074e+02
2.510386315000000081e+02
2.416709424999999953e+02
2.325349429999999984e+02
2.232882150000000081e+02
2.142511374999999987e+02
2.051986220000000003e+02
1.958456175000000030e+02
1.864954889999999921e+02
1.775018530000000112e+02
1.682040394999999933e+02
1.591155454999999961e+02
1.499018164999999954e+02
1.408772500000000036e+02
1.316628479999999968e+02
1.223807225000000045e+02
1.132794954999999959e+02
1.040668419999999941e+02
9.482297300000000462e+01
8.572282749999999396e+01
7.663080999999999676e+01
6.754752349999999694e+01
5.861710800000000177e+01
4.950863950000000102e+01
4.057179899999999861e+01
3.148464799999999997e+01
2.247596100000000163e+01
1.349060350000000064e+01
4.501190499999999872e+00
L=10.0,N=1500,T=1.0,r=0.12,eta=0.6785840131753952,t=28839.961104869843s