0.000000000000000000e+00
0.000000000000000000e+00
0.000000000000000000e+00
0.000000000000000000e+00
0.000000000000000000e+00
0.000000000000000000e+00
0.000000000000000000e+00
0.000000000000000000e+00
0.000000000000000000e+00
0.000000000000000000e+00
0.000000000000000000e+00
0.000000000000000000e+00
0.000000000000000000e+00
0.000000000000000000e+00
0.000000000000000000e+00
0.000000000000000000e+00
0.000000000000000000e+00
0.000000000000000000e+00
0.000000000000000000e+00
0.000000000000000000e+00
0.000000000000000000e+00
0.000000000000000000e+00
0.000000000000000000e+00
0.000000000000000000e+00
0.000000000000000000e+00
0.000000000000000000e+00
0.000000000000000000e+00
0.000000000000000000e+00
0.000000000000000000e+00
0.000000000000000000e+00
0.000000000000000000e+00
0.000000000000000000e+00
0.000000000000000000e+00
0.000000000000000000e+00
9.766099999999999781e-02
9.417980000000000240e-01
2.321645499999999807e+00
3.880365499999999912e+00
5.645774499999999918e+00
7.424573999999999785e+00
9.281014000000000763e+00
1.129729000000000028e+01
1.352998350000000016e+01
1.610924100000000081e+01
1.964969800000000077e+01
4.703631335000000036e+02
5.463231634999999642e+02
4.702687119999999936e+02
4.061109440000000177e+02
3.514706969999999728e+02
3.052611949999999865e+02
2.658013080000000059e+02
2.325478430000000003e+02
2.044501620000000059e+02
1.807056430000000091e+02
1.612365660000000105e+02
1.459999004999999954e+02
1.320614674999999920e+02
1.190687465000000032e+02
1.079473054999999988e+02
9.844817650000000242e+01
9.028734450000000322e+01
8.340477500000000077e+01
7.759405549999999607e+01
7.281894350000000316e+01
6.896046549999999797e+01
6.590760799999999620e+01
6.357081449999999734e+01
6.184166249999999820e+01
6.102990400000000193e+01
6.069787850000000162e+01
6.121359100000000097e+01
6.252089300000000094e+01
6.510243850000000521e+01
6.868972599999999318e+01
7.353569799999999645e+01
7.990337999999999852e+01
8.822231999999999630e+01
9.877266649999999970e+01
1.116844959999999958e+02
1.270727684999999951e+02
1.441184570000000065e+02
1.617912410000000136e+02
1.794076900000000023e+02
1.960372345000000109e+02
2.118116395000000125e+02
2.264040495000000135e+02
2.398549005000000136e+02
2.533568500000000085e+02
2.695685705000000212e+02
2.973825724999999807e+02
3.359845285000000104e+02
3.596457439999999792e+02
3.702110134999999786e+02
3.709827179999999771e+02
3.655680320000000165e+02
3.558805884999999876e+02
3.433739264999999818e+02
3.286368524999999750e+02
3.134798160000000280e+02
2.980900864999999840e+02
2.832042544999999905e+02
2.687302440000000274e+02
2.549192620000000034e+02
2.417284094999999979e+02
2.293618879999999933e+02
2.181127150000000086e+02
2.077889265000000023e+02
1.984214900000000057e+02
1.898939804999999978e+02
1.825640040000000113e+02
1.762636459999999943e+02
1.710766150000000039e+02
1.669765774999999906e+02
1.641874324999999999e+02
1.625720479999999952e+02
1.624979610000000037e+02
1.638450814999999920e+02
1.666863155000000063e+02
1.714178850000000125e+02
1.779758720000000096e+02
1.869347449999999924e+02
1.978510290000000111e+02
2.110639050000000054e+02
2.262323810000000037e+02
2.435629204999999899e+02
2.615935489999999959e+02
2.806495810000000120e+02
2.993271004999999718e+02
3.177110420000000204e+02
3.348469825000000242e+02
3.498093860000000177e+02
3.632758155000000215e+02
3.745141280000000279e+02
3.841554214999999886e+02
3.922507650000000012e+02
4.000892119999999750e+02
4.065988459999999804e+02
4.108856915000000072e+02
4.127125659999999812e+02
4.124205759999999827e+02
4.097438639999999737e+02
4.053879064999999855e+02
3.994915035000000216e+02
3.925320355000000063e+02
3.842154879999999935e+02
3.755182060000000206e+02
3.667360464999999863e+02
3.576561429999999859e+02
3.487680209999999761e+02
3.400878470000000107e+02
3.314938255000000140e+02
3.235581310000000030e+02
3.160921544999999924e+02
3.091067499999999768e+02
3.028708404999999857e+02
2.973092859999999860e+02
2.929301669999999831e+02
2.892431270000000154e+02
2.868876420000000280e+02
2.857159459999999740e+02
2.859099125000000186e+02
2.875668519999999830e+02
2.904585275000000024e+02
2.949651559999999790e+02
3.014713634999999954e+02
3.089822214999999801e+02
3.186620775000000094e+02
3.296188544999999976e+02
3.419797490000000266e+02
3.551491389999999910e+02
3.696980355000000031e+02
3.845238934999999856e+02
3.993422469999999862e+02
4.138505784999999833e+02
4.280580345000000193e+02
4.413922269999999912e+02
4.530296374999999784e+02
4.634141769999999951e+02
4.723049715000000219e+02
4.796093364999999835e+02
4.848137320000000159e+02
4.885906464999999912e+02
4.907520719999999983e+02
4.914214354999999728e+02
4.905508730000000241e+02
4.886199189999999817e+02
4.856590689999999881e+02
4.813719484999999736e+02
4.761941320000000246e+02
4.707256404999999972e+02
4.646043515000000070e+02
4.582973415000000159e+02
4.520465725000000248e+02
4.459288404999999784e+02
4.398414465000000177e+02
4.341509674999999788e+02
4.285781044999999949e+02
4.236970825000000218e+02
4.193480665000000158e+02
4.155138450000000034e+02
4.124622830000000135e+02
4.101160654999999906e+02
4.083611814999999865e+02
4.076834590000000276e+02
4.083324405000000183e+02
4.095154885000000036e+02
4.121566090000000031e+02
4.157081175000000144e+02
4.203696135000000140e+02
4.262706355000000258e+02
4.328479530000000182e+02
4.407802604999999971e+02
4.491132440000000088e+02
4.585087045000000217e+02
4.684133254999999849e+02
4.789701870000000099e+02
4.894502524999999764e+02
5.000461799999999926e+02
5.108828159999999912e+02
5.210497354999999970e+02
5.309312264999999798e+02
5.398111055000000533e+02
5.481497110000000248e+02
5.555939984999999979e+02
5.615864480000000185e+02
5.666274554999999964e+02
5.705685415000000376e+02
5.730806790000000319e+02
5.748092149999999947e+02
5.751045119999999997e+02
5.746283624999999802e+02
5.730078515000000152e+02
5.706015159999999469e+02
5.672030774999999494e+02
5.636835555000000113e+02
5.595406219999999848e+02
5.553673724999999877e+02
5.504845870000000332e+02
5.461836674999999559e+02
5.419041264999999612e+02
5.375884125000000040e+02
5.340543625000000247e+02
5.307301519999999755e+02
5.280897149999999556e+02
5.256018319999999449e+02
5.239321234999999888e+02
5.232070129999999608e+02
5.229999394999999822e+02
5.233976394999999684e+02
5.249240885000000389e+02
5.267954055000000153e+02
5.303344325000000481e+02
5.341296049999999696e+02
5.387116569999999456e+02
5.443873859999999922e+02
5.505659020000000510e+02
5.567150189999999839e+02
5.642570259999999962e+02
5.715926160000000209e+02
5.790905010000000175e+02
5.871931730000000016e+02
5.953543620000000374e+02
6.028877354999999625e+02
6.106625695000000178e+02
6.183242209999999659e+02
6.252916820000000371e+02
6.321491919999999709e+02
6.383655049999999846e+02
6.433544425000000047e+02
6.486466824999999972e+02
6.530725334999999632e+02
6.562345100000000002e+02
6.593045455000000175e+02
6.608794114999999465e+02
6.618522554999999556e+02
6.620676875000000337e+02
6.618958864999999605e+02
6.611674305000000231e+02
6.596969119999999975e+02
6.579027459999999792e+02
6.553548954999999978e+02
6.531447689999999966e+02
6.505826254999999492e+02
6.476098745000000463e+02
6.451037324999999782e+02
6.426173260000000482e+02
6.402470114999999851e+02
6.384122145000000046e+02
6.371428110000000515e+02
6.357630900000000338e+02
6.353736599999999726e+02
6.349515519999999924e+02
6.358450575000000526e+02
6.369476815000000443e+02
6.385651629999999841e+02
6.408154275000000553e+02
6.438273084999999583e+02
6.477981959999999617e+02
6.519983724999999595e+02
6.565738225000000057e+02
6.619764085000000478e+02
6.676153524999999718e+02
6.739847150000000511e+02
6.801708334999999579e+02
6.863457775000000538e+02
6.924388800000000401e+02
6.988775365000000193e+02
7.052803559999999834e+02
7.113802859999999555e+02
7.168098165000000108e+02
7.223190610000000333e+02
7.275052604999999630e+02
7.324259049999999434e+02
7.368470344999999497e+02
7.408904025000000502e+02
7.442544169999999895e+02
7.471941024999999854e+02
7.498403399999999692e+02
7.513492909999999938e+02
7.531036440000000312e+02
7.542238190000000486e+02
7.543599940000000288e+02
7.542566395000000057e+02
7.539123845000000301e+02
7.532864584999999806e+02
7.518949109999999791e+02
7.514293225000000120e+02
7.498953219999999646e+02
7.487506650000000263e+02
7.475855135000000473e+02
7.468484124999999949e+02
7.456013309999999592e+02
7.449651549999999816e+02
7.448602140000000418e+02
7.446873160000000098e+02
7.449931384999999864e+02
7.452917019999999866e+02
7.465491319999999860e+02
7.483066334999999754e+02
7.499732770000000528e+02
7.525518039999999473e+02
7.554378645000000461e+02
7.587459404999999606e+02
7.622289385000000266e+02
7.663856039999999439e+02
7.707304440000000341e+02
7.757303689999999960e+02
7.805629215000000158e+02
7.855779035000000476e+02
7.909716274999999541e+02
7.962800389999999879e+02
8.012756444999999985e+02
8.062379329999999982e+02
8.109544090000000551e+02
8.155738734999999906e+02
8.201607504999999492e+02
8.249043000000000347e+02
8.286689330000000382e+02
8.323941184999999905e+02
8.355840600000000222e+02
8.386067645000000539e+02
8.417878805000000284e+02
8.442476390000000492e+02
8.461287435000000414e+02
8.480991305000000011e+02
8.492931585000000041e+02
8.501192865000000438e+02
8.506547020000000430e+02
8.506278344999999490e+02
8.509926960000000236e+02
8.504668295000000171e+02
8.506033360000000130e+02
8.502426394999999957e+02
8.502183459999999968e+02
8.498988154999999551e+02
8.498123014999999896e+02
8.498862520000000131e+02
8.503578800000000228e+02
8.507538094999999885e+02
8.511972144999999728e+02
8.523656780000000026e+02
8.535850934999999708e+02
8.550451180000000022e+02
8.571006535000000213e+02
8.588097665000000234e+02
8.614905300000000352e+02
8.646372685000000047e+02
8.675573630000000094e+02
8.707248339999999871e+02
8.742560525000000098e+02
8.777634914999999864e+02
8.820068659999999454e+02
8.857491129999999657e+02
8.903473474999999553e+02
8.943216244999999844e+02
8.992548805000000129e+02
9.033103915000000370e+02
9.076298669999999902e+02
9.110181904999999460e+02
9.152497210000000223e+02
9.191698109999999815e+02
9.225128485000000182e+02
9.264519084999999450e+02
9.291865440000000262e+02
9.328307624999999916e+02
9.355537020000000439e+02
9.379631379999999581e+02
9.407430644999999458e+02
9.428426719999999932e+02
9.447234805000000506e+02
9.461679970000000139e+02
9.478672454999999673e+02
9.488630369999999630e+02
9.492726555000000417e+02
9.498998884999999746e+02
9.509691185000000360e+02
9.513373070000000098e+02
9.513491010000000188e+02
9.521952294999999822e+02
9.524446010000000342e+02
9.532763410000000022e+02
9.537868240000000242e+02
9.543580769999999802e+02
9.556841865000000098e+02
9.566109340000000429e+02
9.582177444999999807e+02
9.601021445000000085e+02
9.615063239999999496e+02
9.637156985000000304e+02
9.661047730000000229e+02
9.684848375000000260e+02
9.710285699999999451e+02
9.740873384999999871e+02
9.770864540000000034e+02
9.801087280000000419e+02
9.836928370000000541e+02
9.868640430000000379e+02
9.905507700000000568e+02
9.941947880000000168e+02
9.977518000000000029e+02
1.001360358499999961e+03
1.004967262000000005e+03
1.009104244999999992e+03
1.012342624999999998e+03
1.015820656999999983e+03
1.018907216500000004e+03
1.021952301000000034e+03
1.024944824500000095e+03
1.028222991500000035e+03
1.030875496000000112e+03
1.033446597000000111e+03
1.035995688499999915e+03
1.038200790999999981e+03
1.041020194499999889e+03
1.043110438500000100e+03
1.045126678999999967e+03
1.046562738999999965e+03
1.048063161999999920e+03
1.049288625500000080e+03
1.050358058000000028e+03
1.051416040999999950e+03
1.052278816499999948e+03
1.053280979500000058e+03
1.053969893499999898e+03
1.055048964500000011e+03
1.056006243999999924e+03
1.057352375500000107e+03
1.058453559000000041e+03
1.059987523499999952e+03
1.061716321000000107e+03
1.062810092500000110e+03
1.065105909999999994e+03
1.067112255999999888e+03
1.069308712999999898e+03
1.071436907999999903e+03
1.074088347500000054e+03
1.076646508000000040e+03
1.079119712500000105e+03
1.082001191999999946e+03
1.084844825500000070e+03
1.087768307499999992e+03
1.090725985000000037e+03
1.094304685999999947e+03
1.097503971000000092e+03
1.100828003500000023e+03
1.104092513000000054e+03
1.107029506999999967e+03
1.110181417000000010e+03
1.113541996500000096e+03
1.116586403499999960e+03
1.119444142999999940e+03
1.122154300500000090e+03
1.124767097500000091e+03
1.127950268999999935e+03
1.130101112499999999e+03
1.132737830000000031e+03
1.135380878500000108e+03
1.137779086000000007e+03
1.139922265500000094e+03
1.142469526999999971e+03
1.144666481499999918e+03
1.146457609000000048e+03
1.147496004000000084e+03
1.149779191999999966e+03
1.151223962499999971e+03
1.152707632000000103e+03
1.153711464499999920e+03
1.155180655500000057e+03
1.156389387500000112e+03
1.157711888999999928e+03
1.159158735499999921e+03
1.160400127000000111e+03
1.161620014000000083e+03
1.163830734500000062e+03
1.165455331500000057e+03
1.167553581500000064e+03
1.169562455499999942e+03
1.171351513000000068e+03
1.173519068000000061e+03
1.176098316000000068e+03
1.178344908499999974e+03
1.180913095999999996e+03
1.183613096499999983e+03
1.186051071500000035e+03
1.188680009500000097e+03
1.191522293499999932e+03
1.194560883999999987e+03
1.197391914499999984e+03
1.200519645999999966e+03
1.203262725000000046e+03
1.206357382500000085e+03
1.209101834999999937e+03
1.212199087499999905e+03
1.214912947999999915e+03
1.217361859500000037e+03
1.220318897999999990e+03
1.223127887000000101e+03
1.225280086499999925e+03
1.227639653499999895e+03
1.230447779000000082e+03
1.232814215999999988e+03
1.235352809499999921e+03
1.237894972999999936e+03
1.240371666499999947e+03
1.242446221500000092e+03
1.244759401999999909e+03
1.246858153500000071e+03
1.248564780500000097e+03
1.250464958000000024e+03
1.252586043000000018e+03
1.253844528999999966e+03
1.255376374500000111e+03
1.257158394000000044e+03
1.258751096499999903e+03
1.260281390500000043e+03
1.262245912999999973e+03
1.263100506499999938e+03
1.265250035000000025e+03
1.267142448000000059e+03
1.269121897499999932e+03
1.270856619500000079e+03
1.272895719500000041e+03
1.275126298500000075e+03
1.277768943000000036e+03
1.279838803999999982e+03
1.282245584999999892e+03
1.284682757499999980e+03
1.287277062999999998e+03
1.289411290999999892e+03
1.292238699499999939e+03
1.294723798499999930e+03
1.297448023500000090e+03
1.299979315499999984e+03
1.303215631999999914e+03
1.306019497000000001e+03
1.308382990500000005e+03
1.311183050999999978e+03
1.314078637500000013e+03
1.316252862999999934e+03
1.319294066500000099e+03
1.321577693499999896e+03
1.323773136999999906e+03
1.326076450999999906e+03
1.328804681000000073e+03
1.330977014999999938e+03
1.333679525999999896e+03
1.335927992500000073e+03
1.338397811499999989e+03
1.340955877500000042e+03
1.342547476499999902e+03
1.345471872500000018e+03
1.348014282000000094e+03
1.349748513999999886e+03
1.352066871499999934e+03
1.353670225999999957e+03
1.355675142499999993e+03
1.357608568999999989e+03
1.359242434499999945e+03
1.360908922999999959e+03
1.362677315500000077e+03
1.364385390500000085e+03
1.366721471000000065e+03
1.367982592999999952e+03
1.370126134999999977e+03
1.372119087000000036e+03
1.374625852500000065e+03
1.376480963499999916e+03
1.378781592999999930e+03
1.381097391499999958e+03
1.382907312499999989e+03
1.385526486499999919e+03
1.388053866499999913e+03
1.390581237999999985e+03
1.392797246000000086e+03
1.395040162999999893e+03
1.397621942499999932e+03
1.400253087000000050e+03
1.402636453999999958e+03
1.405005190500000026e+03
1.407818688999999949e+03
1.410631741500000089e+03
1.412963076499999943e+03
1.415841282500000034e+03
1.418478336500000069e+03
1.420866734499999893e+03
1.422897975000000088e+03
1.425311044499999980e+03
1.427542311500000096e+03
1.430064280499999995e+03
1.432026207500000055e+03
1.434727449499999921e+03
1.436732980499999940e+03
1.439308031000000028e+03
1.441703212500000063e+03
1.443674865499999896e+03
1.446380934999999909e+03
1.448713557000000037e+03
1.450956621000000041e+03
1.453756919500000095e+03
1.455831554500000038e+03
1.458061112999999978e+03
1.459650180999999975e+03
1.461885209999999915e+03
1.463352556999999933e+03
1.465298139499999934e+03
1.466993871500000068e+03
1.468635663499999964e+03
1.470953967500000090e+03
1.472726516499999889e+03
1.475556957999999895e+03
1.477250890000000027e+03
1.479390400000000000e+03
1.481955294999999978e+03
1.483899049500000046e+03
1.486282143500000075e+03
1.488747714999999971e+03
1.491084503999999924e+03
1.493023282000000108e+03
1.495554841500000066e+03
1.497832730999999967e+03
1.499891219999999976e+03
1.502784799000000021e+03
1.505277134500000102e+03
1.507434857499999907e+03
1.510399572499999977e+03
1.512623358000000053e+03
1.515094393000000082e+03
1.517586900499999956e+03
1.519971831999999949e+03
1.522095013000000108e+03
1.524773389499999894e+03
1.526646539500000017e+03
1.529402731500000073e+03
1.531314994000000070e+03
1.533636781500000097e+03
1.536141437499999938e+03
1.538029279000000088e+03
1.540421693000000005e+03
1.543184867500000109e+03
1.545429667500000050e+03
1.547479465500000060e+03
1.549869893499999989e+03
1.552435568000000103e+03
1.555492154499999970e+03
1.557537350999999944e+03
1.560373700999999983e+03
1.562109846999999945e+03
1.563568648500000108e+03
1.566013823000000002e+03
1.567497065499999962e+03
1.569508012999999892e+03
1.571604066000000103e+03
1.573534225999999990e+03
1.575811993499999971e+03
1.578064208999999892e+03
1.579762011000000030e+03
1.582326600500000040e+03
1.584621859000000086e+03
1.586807124500000100e+03
1.588777403499999991e+03
1.591472532000000001e+03
1.593662503499999957e+03
1.595813993499999924e+03
1.598590080500000113e+03
1.600514949500000057e+03
1.602568054999999958e+03
1.544195617999999968e+03
1.480341938999999911e+03
1.442021694000000025e+03
1.412209276499999987e+03
1.386631002500000022e+03
1.364222177500000043e+03
1.343252370500000097e+03
1.324970626499999980e+03
1.307522972499999923e+03
1.290893276999999898e+03
1.275573501999999962e+03
1.261400989499999923e+03
1.247036544000000049e+03
1.234007719499999894e+03
1.220812613000000056e+03
1.208080572999999958e+03
1.196555667000000085e+03
1.184692416500000036e+03
1.174077084999999897e+03
1.162869705000000067e+03
1.152554057499999999e+03
1.142157760499999995e+03
1.132173351500000081e+03
1.122343066500000077e+03
1.112803129500000068e+03
1.103669836000000032e+03
1.094506440500000053e+03
1.085150624500000049e+03
1.076843286499999977e+03
1.068231176499999947e+03
1.059924887500000068e+03
1.051636081500000046e+03
1.043350743499999908e+03
1.035623943999999938e+03
1.027595328000000109e+03
1.019984689000000003e+03
1.012258054499999957e+03
1.004729339500000037e+03
9.967954959999999573e+02
9.900109270000000379e+02
9.826450575000000072e+02
9.760055820000000040e+02
9.692425244999999450e+02
9.623118100000000368e+02
9.556758489999999711e+02
9.487692779999999857e+02
9.421030465000000049e+02
9.357533214999999700e+02
9.288461949999999661e+02
9.228116209999999455e+02
9.160035189999999830e+02
9.097141070000000127e+02
9.036198974999999791e+02
8.975991884999999684e+02
8.918034440000000131e+02
8.857683630000000221e+02
8.797160794999999780e+02
8.739691884999999729e+02
8.681601014999999961e+02
8.622253924999999981e+02
8.564700894999999718e+02
8.507250470000000178e+02
8.449510265000000118e+02
8.395172864999999547e+02
8.338914865000000418e+02
8.284193074999999453e+02
8.228337934999999561e+02
8.176252650000000131e+02
8.121775870000000168e+02
8.065291385000000446e+02
8.011460895000000164e+02
7.959027875000000449e+02
7.909660420000000158e+02
7.855113884999999527e+02
7.803161434999999528e+02
7.751486714999999776e+02
7.701721324999999752e+02
7.648328085000000556e+02
7.598891704999999774e+02
7.552122315000000299e+02
7.499595689999999877e+02
7.450291525000000092e+02
7.401943810000000212e+02
7.352409880000000157e+02
7.301277199999999539e+02
7.254545409999999492e+02
7.208272315000000390e+02
7.161689260000000559e+02
7.111058474999999817e+02
7.068198905000000423e+02
7.022470730000000003e+02
6.975458734999999706e+02
6.929200825000000350e+02
6.881251385000000482e+02
6.838880719999999656e+02
6.790104529999999841e+02
6.742848804999999857e+02
6.700893529999999600e+02
6.657532404999999471e+02
6.612584624999999505e+02
6.568757745000000341e+02
6.526798000000000002e+02
6.479861895000000231e+02
6.437088730000000396e+02
6.394360460000000330e+02
6.351736979999999448e+02
6.308370194999999967e+02
6.265217770000000428e+02
6.220785455000000184e+02
6.178876685000000180e+02
6.134797720000000254e+02
6.092980774999999767e+02
6.050206100000000333e+02
6.007604089999999815e+02
5.966163715000000138e+02
5.925046849999999949e+02
5.882746525000000020e+02
5.843437020000000075e+02
5.804492699999999559e+02
5.761180534999999736e+02
5.720611175000000230e+02
5.681104374999999891e+02
5.640559829999999693e+02
5.597101609999999710e+02
5.562419605000000047e+02
5.520042045000000144e+02
5.478567610000000059e+02
5.440580240000000458e+02
5.397463320000000522e+02
5.358269115000000511e+02
5.319445719999999937e+02
5.281116409999999632e+02
5.239773105000000442e+02
5.204768480000000181e+02
5.165769729999999527e+02
5.128118289999999888e+02
5.088432050000000118e+02
5.049530434999999784e+02
5.009926045000000272e+02
4.974851409999999987e+02
4.933378250000000094e+02
4.897771599999999808e+02
4.860802350000000160e+02
4.821129680000000235e+02
4.785963219999999865e+02
4.747370310000000018e+02
4.712960239999999885e+02
4.674581155000000194e+02
4.637706234999999992e+02
4.601383814999999800e+02
4.564034419999999841e+02
4.523869129999999927e+02
4.492129749999999717e+02
4.453484480000000190e+02
4.418218904999999950e+02
4.382819034999999985e+02
4.344726324999999747e+02
4.308437640000000215e+02
4.271820910000000140e+02
4.234710964999999874e+02
4.200019369999999981e+02
4.161626254999999901e+02
4.125577220000000125e+02
4.092188750000000255e+02
4.055815225000000055e+02
4.020000625000000127e+02
3.984563135000000216e+02
3.950661425000000122e+02
3.915281989999999723e+02
3.882082184999999868e+02
3.845798785000000066e+02
3.810927780000000098e+02
3.775792445000000157e+02
3.741722379999999930e+02
3.706883935000000179e+02
3.672760119999999802e+02
3.636259620000000155e+02
3.603889550000000099e+02
3.570859889999999837e+02
3.535443730000000073e+02
3.501072520000000168e+02
3.467284455000000207e+02
3.434250809999999774e+02
3.398738404999999716e+02
3.368110404999999901e+02
3.331924960000000056e+02
3.298586834999999837e+02
3.264859089999999924e+02
3.229239514999999869e+02
3.197234070000000088e+02
3.161596220000000130e+02
3.126206930000000170e+02
3.093791249999999877e+02
3.063288969999999836e+02
3.028562420000000088e+02
2.997180920000000128e+02
2.962640475000000038e+02
2.927451545000000124e+02
2.896600999999999999e+02
2.861972724999999969e+02
2.830206200000000081e+02
2.797913270000000239e+02
2.764011815000000070e+02
2.731367344999999887e+02
2.698546375000000239e+02
2.668480784999999855e+02
2.635385034999999903e+02
2.602738405000000057e+02
2.571243934999999965e+02
2.538735225000000071e+02
2.506015690000000120e+02
2.474710044999999923e+02
2.444353140000000053e+02
2.411415379999999971e+02
2.378012840000000097e+02
2.347485734999999920e+02
2.315793344999999874e+02
2.281203529999999944e+02
2.252008915000000115e+02
2.219695240000000069e+02
2.186225139999999953e+02
2.153736690000000067e+02
2.122688144999999906e+02
2.092287029999999959e+02
2.060638424999999927e+02
2.026409720000000050e+02
1.998377695000000074e+02
1.967593620000000101e+02
1.935842049999999972e+02
1.903742565000000013e+02
1.872169485000000009e+02
1.840507184999999879e+02
1.809946935000000110e+02
1.778088684999999884e+02
1.748181845000000010e+02
1.717180245000000127e+02
1.686303594999999973e+02
1.655856479999999920e+02
1.625905899999999917e+02
1.595197834999999884e+02
1.563628295000000037e+02
1.533012860000000046e+02
1.501040150000000040e+02
1.469544825000000117e+02
1.439592130000000054e+02
1.408847770000000139e+02
1.378033029999999997e+02
1.347641649999999913e+02
1.317511885000000120e+02
1.287155975000000012e+02
1.255537984999999992e+02
1.226152289999999994e+02
1.195682285000000036e+02
1.166058299999999974e+02
1.135028755000000018e+02
1.106350790000000046e+02
1.075318919999999991e+02
1.046062150000000059e+02
1.016069860000000062e+02
9.854794900000000268e+01
9.555127149999999858e+01
9.263164600000000348e+01
8.963258399999999426e+01
8.663567299999999705e+01
8.359087900000000104e+01
8.067985649999999964e+01
7.766127950000000624e+01
7.467900649999999985e+01
7.182374799999999482e+01
6.873408249999999953e+01
6.582904100000000369e+01
6.291896899999999704e+01
6.005472050000000195e+01
5.699520950000000141e+01
5.408115149999999716e+01
5.106916249999999735e+01
4.815454600000000340e+01
4.511836100000000016e+01
4.213898149999999987e+01
3.917114250000000197e+01
3.625818850000000282e+01
3.332855800000000102e+01
3.044398100000000085e+01
2.747053299999999965e+01
2.461217249999999979e+01
2.172082800000000091e+01
1.881205800000000039e+01
1.591625900000000016e+01
1.299712800000000001e+01
1.010106700000000046e+01
7.205480500000000177e+00
4.317249000000000336e+00
1.435694500000000096e+00
L=10.0,N=850,T=1.0,r=0.16,eta=0.6836105614211391,t=8209.784177064896s