0.000000000000000000e+00
0.000000000000000000e+00
0.000000000000000000e+00
0.000000000000000000e+00
0.000000000000000000e+00
0.000000000000000000e+00
0.000000000000000000e+00
0.000000000000000000e+00
0.000000000000000000e+00
0.000000000000000000e+00
0.000000000000000000e+00
0.000000000000000000e+00
0.000000000000000000e+00
0.000000000000000000e+00
0.000000000000000000e+00
0.000000000000000000e+00
0.000000000000000000e+00
0.000000000000000000e+00
0.000000000000000000e+00
0.000000000000000000e+00
0.000000000000000000e+00
0.000000000000000000e+00
0.000000000000000000e+00
0.000000000000000000e+00
0.000000000000000000e+00
0.000000000000000000e+00
3.355400000000000049e-02
1.535350999999999910e+00
5.113930500000000379e+00
9.801660500000000553e+00
1.511530699999999960e+01
2.090536600000000078e+01
2.785582249999999860e+01
3.715684499999999701e+01
3.851060659999999984e+02
1.471076884000000064e+03
1.223192872500000021e+03
1.016087994999999978e+03
8.410182575000000043e+02
6.936788685000000214e+02
5.716081655000000410e+02
4.703590629999999919e+02
3.884111359999999991e+02
3.247757159999999885e+02
2.688824685000000159e+02
2.214621145000000126e+02
1.830712540000000104e+02
1.522863739999999950e+02
1.283014379999999903e+02
1.099250775000000004e+02
9.654140099999999336e+01
8.689582599999999957e+01
8.117310150000000135e+01
7.886784400000000517e+01
8.047275650000000269e+01
8.630918900000000349e+01
9.817932899999999563e+01
1.172430894999999964e+02
1.466356470000000058e+02
1.884129770000000121e+02
2.472545959999999923e+02
3.248922175000000152e+02
4.157816384999999855e+02
5.063043744999999944e+02
5.844857554999999820e+02
6.417128139999999803e+02
6.745664239999999836e+02
6.861063390000000481e+02
6.891814879999999448e+02
7.266684159999999792e+02
8.376709290000000010e+02
9.026220429999999624e+02
9.241553024999999479e+02
9.146345284999999876e+02
8.835442345000000159e+02
8.378265595000000303e+02
7.828387014999999565e+02
7.225933069999999816e+02
6.608790595000000394e+02
5.982586919999999964e+02
5.370078019999999697e+02
4.788549454999999853e+02
4.251118154999999774e+02
3.768356860000000097e+02
3.354432985000000258e+02
3.009155529999999885e+02
2.740395409999999856e+02
2.545428614999999866e+02
2.436973785000000134e+02
2.428456449999999904e+02
2.528911420000000021e+02
2.766189264999999864e+02
3.169043624999999906e+02
3.759416335000000231e+02
4.558302540000000249e+02
5.557531669999999622e+02
6.693688535000000002e+02
7.874751430000000028e+02
8.998803084999999555e+02
9.939050825000000486e+02
1.063347851499999933e+03
1.103663946500000065e+03
1.115023454500000071e+03
1.102878212500000018e+03
1.076966194000000087e+03
1.048125430999999935e+03
1.020013382500000034e+03
9.902311809999999923e+02
9.621274529999999459e+02
9.337580054999999675e+02
9.064865780000000086e+02
8.786976429999999709e+02
8.507950885000000198e+02
8.214595030000000406e+02
7.896350664999999935e+02
7.551362120000000004e+02
7.183813274999999976e+02
6.812533194999999751e+02
6.432312725000000455e+02
6.066605144999999766e+02
5.744462055000000191e+02
5.476525579999999991e+02
5.291449995000000399e+02
5.213647075000000086e+02
5.259642095000000381e+02
5.456862740000000258e+02
5.806498109999999997e+02
6.318055769999999711e+02
6.990303565000000390e+02
7.806291939999999840e+02
8.724976920000000291e+02
9.726241175000000112e+02
1.072673915999999963e+03
1.168017718000000059e+03
1.250715685500000063e+03
1.317643962999999985e+03
1.362641084000000092e+03
1.385102425999999923e+03
1.384643321999999898e+03
1.364278771999999890e+03
1.328432139000000006e+03
1.279569490000000087e+03
1.226365080000000034e+03
1.167904072000000042e+03
1.112036577999999963e+03
1.059096532499999967e+03
1.012497295000000008e+03
9.733033444999999801e+02
9.400783480000000054e+02
9.128467140000000200e+02
8.916708254999999781e+02
8.737178354999999783e+02
8.593470955000000231e+02
8.474571170000000393e+02
8.387211925000000292e+02
8.332315220000000409e+02
8.329656649999999445e+02
8.391583769999999731e+02
8.541375560000000178e+02
8.796907539999999699e+02
9.145392004999999926e+02
9.609536285000000362e+02
1.015802916500000038e+03
1.078126150499999994e+03
1.146889068499999894e+03
1.216842850499999940e+03
1.285856058500000017e+03
1.351953958000000057e+03
1.412104034499999898e+03
1.463765372500000012e+03
1.506397412999999915e+03
1.537599685500000078e+03
1.554580731999999898e+03
1.559280272499999910e+03
1.550131350999999995e+03
1.529012836000000107e+03
1.495023046999999906e+03
1.452381767999999965e+03
1.401867195000000038e+03
1.347668253499999992e+03
1.290203171999999995e+03
1.234019696000000067e+03
1.181588268499999913e+03
1.135571740000000091e+03
1.096519125000000031e+03
1.067069450499999903e+03
1.046763263499999994e+03
1.037019228999999996e+03
1.036879772499999945e+03
1.046009811500000069e+03
1.064352205500000082e+03
1.091048230500000045e+03
1.127046106499999951e+03
1.169795074000000113e+03
1.220024772499999926e+03
1.275899597500000027e+03
1.335262725999999930e+03
1.395887804499999902e+03
1.456938204499999983e+03
1.514966817499999934e+03
1.567158063999999968e+03
1.613107430999999906e+03
1.650230510000000095e+03
1.679763239000000112e+03
1.699305205500000056e+03
1.711503175499999998e+03
1.715899809999999889e+03
1.712653352000000041e+03
1.703973261000000093e+03
1.690037088999999924e+03
1.671221415499999921e+03
1.646304634000000078e+03
1.617994642000000113e+03
1.585019455000000107e+03
1.548279379500000005e+03
1.506909317000000101e+03
1.464741902499999924e+03
1.421836250999999947e+03
1.382181641500000069e+03
1.345588809500000025e+03
1.316502932500000043e+03
1.294931467000000112e+03
1.283647486999999956e+03
1.284470643000000109e+03
1.297813255000000026e+03
1.322612576499999932e+03
1.359134483499999988e+03
1.406926548500000081e+03
1.462712756500000069e+03
1.524961789499999895e+03
1.591468585999999959e+03
1.658534212499999967e+03
1.723125195000000076e+03
1.784726809000000003e+03
1.837087274499999921e+03
1.882112703000000010e+03
1.915595760500000097e+03
1.937757387000000108e+03
1.950175635999999940e+03
1.950540062000000034e+03
1.942758095500000081e+03
1.927239855499999976e+03
1.905641820499999994e+03
1.879730389000000059e+03
1.851716461499999923e+03
1.823480525500000113e+03
1.794689170500000046e+03
1.766374701499999901e+03
1.739337430499999982e+03
1.712132101500000090e+03
1.686952647000000070e+03
1.662918953999999985e+03
1.639528618000000051e+03
1.619156612499999937e+03
1.601881122499999947e+03
1.588813347000000022e+03
1.581673095500000045e+03
1.581855725500000062e+03
1.589905197000000044e+03
1.607644066500000008e+03
1.634898762000000033e+03
1.671638556500000050e+03
1.716841298000000052e+03
1.769004236499999934e+03
1.826238675499999999e+03
1.885924322000000075e+03
1.946871403999999984e+03
2.005104466499999944e+03
2.057541013999999905e+03
2.103960969000000205e+03
2.141106556000000182e+03
2.167583815999999842e+03
2.183363855999999942e+03
2.188584452500000225e+03
2.182939780499999870e+03
2.169179028500000186e+03
2.147327095999999983e+03
2.118760647999999946e+03
2.086364320000000134e+03
2.050624167999999827e+03
2.014236321500000031e+03
1.979469994499999984e+03
1.945718324500000108e+03
1.916553576000000021e+03
1.891382667999999967e+03
1.870447762499999953e+03
1.854742304999999988e+03
1.843821384500000022e+03
1.840105879499999901e+03
1.841025752499999953e+03
1.848108822500000088e+03
1.860384893500000089e+03
1.878788520999999946e+03
1.904050717000000077e+03
1.934460817500000076e+03
1.969297461500000054e+03
2.007978927999999996e+03
2.051016591499999777e+03
2.097204916000000139e+03
2.144084522000000106e+03
2.189688826000000063e+03
2.234565359000000171e+03
2.275589591500000097e+03
2.311418370500000037e+03
2.342425656500000059e+03
2.367486981500000184e+03
2.381354906500000197e+03
2.389813993499999924e+03
2.390892157499999939e+03
2.382605508499999814e+03
2.367244086499999867e+03
2.347911047000000053e+03
2.321101206499999989e+03
2.292930844999999863e+03
2.259568421500000113e+03
2.227088277500000004e+03
2.193372445999999854e+03
2.162393768999999793e+03
2.133363550000000032e+03
2.109837255500000083e+03
2.090621192999999948e+03
2.078043227499999830e+03
2.073580834500000037e+03
2.076115252500000224e+03
2.085773258499999883e+03
2.104730880000000070e+03
2.129621121499999845e+03
2.161329780500000197e+03
2.199379037499999868e+03
2.240439504500000112e+03
2.285044695000000047e+03
2.329375447500000064e+03
2.374667903000000024e+03
2.417820050499999979e+03
2.457527895499999886e+03
2.493355195000000094e+03
2.523973844000000099e+03
2.549616494500000044e+03
2.568936620999999832e+03
2.582343058999999812e+03
2.589566834499999914e+03
2.592640344999999797e+03
2.589126435499999843e+03
2.579302777500000047e+03
2.566642190500000197e+03
2.549767280999999912e+03
2.530179106500000216e+03
2.507810253499999817e+03
2.484690692000000126e+03
2.459328267500000038e+03
2.435409115500000098e+03
2.412029028500000095e+03
2.388982369500000004e+03
2.370531683499999872e+03
2.354191678000000138e+03
2.342835451500000090e+03
2.337100914999999986e+03
2.337592564500000208e+03
2.345474725999999919e+03
2.360088636500000121e+03
2.381613452999999936e+03
2.410606657499999983e+03
2.446428327000000081e+03
2.486599941500000114e+03
2.531387819999999920e+03
2.576381060499999876e+03
2.622061842000000070e+03
2.666426154000000224e+03
2.707317924500000117e+03
2.742947443000000021e+03
2.772600169499999993e+03
2.795352057499999773e+03
2.811961502499999824e+03
2.820362739000000147e+03
2.822827278000000206e+03
2.820287436999999954e+03
2.810524155999999948e+03
2.797533205000000180e+03
2.779395627500000046e+03
2.760758030999999846e+03
2.739312623499999972e+03
2.717521433500000057e+03
2.696074490999999853e+03
2.675190634999999929e+03
2.655221540999999888e+03
2.640099812500000098e+03
2.625494979500000227e+03
2.614564323000000059e+03
2.607434420000000046e+03
2.603353391999999985e+03
2.604422701500000130e+03
2.610151450500000010e+03
2.619863437999999860e+03
2.635416578500000014e+03
2.655418416999999863e+03
2.680956999999999880e+03
2.710796091000000160e+03
2.743678208499999982e+03
2.780942090500000177e+03
2.820904933499999970e+03
2.861258156500000041e+03
2.900344116000000213e+03
2.937316698999999971e+03
2.970513060000000223e+03
2.998722049500000139e+03
3.022396258499999931e+03
3.038153503999999884e+03
3.048874202500000138e+03
3.050851764500000172e+03
3.050899254500000097e+03
3.042762806000000182e+03
3.028915805999999975e+03
3.012364362499999970e+03
2.992241231500000140e+03
2.970257921500000066e+03
2.946525758499999938e+03
2.923338255000000117e+03
2.902162058500000057e+03
2.882605057000000215e+03
2.866447921999999835e+03
2.855037644500000170e+03
2.847231413999999859e+03
2.844805858000000171e+03
2.846289421500000117e+03
2.853139634000000115e+03
2.864362084500000037e+03
2.881704820999999811e+03
2.899456630499999847e+03
2.925063993499999924e+03
2.952394953500000156e+03
2.982028230500000063e+03
3.014397565000000213e+03
3.046875124000000142e+03
3.080294034500000180e+03
3.113100291000000198e+03
3.145862946499999907e+03
3.175402884000000086e+03
3.201298085500000070e+03
3.224592450499999813e+03
3.241768046000000140e+03
3.256204463000000032e+03
3.263744290499999806e+03
3.266915180500000133e+03
3.266190728000000036e+03
3.260740275999999994e+03
3.252208218499999930e+03
3.239016480499999943e+03
3.221846683000000212e+03
3.204578547999999955e+03
3.184805682000000161e+03
3.164075354999999945e+03
3.143811870999999883e+03
3.126030388499999844e+03
3.110061296500000026e+03
3.098929692000000159e+03
3.090641023000000132e+03
3.087852756000000227e+03
3.091055411499999991e+03
3.098731992500000160e+03
3.111303996000000097e+03
3.128989327499999945e+03
3.151415928500000064e+03
3.177443087499999820e+03
3.207161449499999890e+03
3.238852167000000009e+03
3.272178060000000187e+03
3.304367279500000222e+03
3.337832598999999846e+03
3.368631723999999849e+03
3.397684139500000128e+03
3.424224661000000197e+03
3.445650276500000018e+03
3.461964270999999826e+03
3.475515593499999795e+03
3.483926895000000059e+03
3.487012333000000126e+03
3.486726845000000139e+03
3.483200104000000010e+03
3.475945507999999791e+03
3.467454828500000076e+03
3.456305268000000069e+03
3.441928785000000062e+03
3.427688512499999888e+03
3.413409459500000139e+03
3.397348803500000031e+03
3.381948818500000016e+03
3.369315364000000045e+03
3.358096074000000044e+03
3.349192367999999988e+03
3.344184296500000073e+03
3.342542590999999902e+03
3.346019817500000045e+03
3.354196755500000108e+03
3.365920178500000020e+03
3.383716153500000019e+03
3.404358500499999991e+03
3.428706452500000069e+03
3.457347333499999877e+03
3.487533123000000160e+03
3.518829568999999992e+03
3.550951325999999881e+03
3.581166784500000176e+03
3.612138376500000049e+03
3.639585676499999863e+03
3.664664715500000057e+03
3.685097734999999830e+03
3.701130044500000167e+03
3.712220632500000193e+03
3.719320732499999849e+03
3.721571806500000093e+03
3.718341029499999877e+03
3.712715199499999926e+03
3.702781712500000140e+03
3.691386811500000022e+03
3.680350771500000064e+03
3.665624992999999904e+03
3.651334921499999837e+03
3.636980657000000065e+03
3.625417593499999839e+03
3.613525184499999796e+03
3.604173560000000180e+03
3.597049586000000090e+03
3.592478133000000071e+03
3.592263443499999994e+03
3.593847306000000117e+03
3.599983470000000125e+03
3.610867268500000137e+03
3.624007121499999812e+03
3.643457624499999838e+03
3.664049982000000000e+03
3.686636997999999949e+03
3.712466342000000168e+03
3.740841956000000209e+03
3.769381604000000152e+03
3.797902174500000001e+03
3.825877598000000035e+03
3.851672468499999923e+03
3.875564431499999955e+03
3.897616491000000224e+03
3.916244148499999937e+03
3.931031774000000041e+03
3.942718467499999861e+03
3.948444947999999840e+03
3.950264243000000079e+03
3.949598273999999947e+03
3.944288967999999841e+03
3.936016604500000085e+03
3.924402377500000057e+03
3.911975722000000133e+03
3.897646787499999846e+03
3.883419097999999849e+03
3.871236151499999778e+03
3.859537734000000000e+03
3.847584019999999782e+03
3.840291082000000188e+03
3.836139466499999799e+03
3.833321741000000202e+03
3.834258331999999882e+03
3.839287763499999983e+03
3.846654589499999929e+03
3.860106322000000091e+03
3.876523286999999982e+03
3.896250579999999900e+03
3.918257316000000174e+03
3.943013199500000155e+03
3.969444404500000019e+03
3.995132332000000133e+03
4.022427927000000182e+03
4.048660815000000184e+03
4.073568336499999987e+03
4.096994657000000188e+03
4.117171940500000346e+03
4.135612909999999829e+03
4.150741020999999819e+03
4.160737312500000371e+03
4.169965293500000371e+03
4.174672910500000398e+03
4.176558497500000158e+03
4.175046701500000381e+03
4.169211155500000132e+03
4.163243692500000179e+03
4.154674726000000192e+03
4.143138439499999549e+03
4.130862360000000081e+03
4.119750456499999927e+03
4.107953591000000415e+03
4.097843156500000077e+03
4.089797579000000042e+03
4.083318942500000048e+03
4.079882650999999896e+03
4.077116582499999822e+03
4.081400881999999910e+03
4.086833005999999841e+03
4.095379355999999916e+03
4.106711290999999619e+03
4.124247852999999850e+03
4.143265432500000315e+03
4.167164532499999950e+03
4.190536599000000024e+03
4.218775373499999660e+03
4.244104801499999667e+03
4.270294025000000147e+03
4.297253872500000398e+03
4.322179833500000314e+03
4.341838144500000453e+03
4.361647009500000422e+03
4.376735620499999641e+03
4.388628886999999850e+03
4.397360512999999628e+03
4.402607748999999785e+03
4.405848374500000318e+03
4.405728427500000180e+03
4.403240270500000406e+03
4.396343222000000424e+03
4.388022452000000158e+03
4.381075319499999750e+03
4.371539319999999861e+03
4.361941881499999909e+03
4.352205525999999736e+03
4.342842311499999596e+03
4.335263796000000184e+03
4.328868448999999600e+03
4.326055966500000068e+03
4.324418010000000322e+03
4.325803310000000238e+03
4.329819937500000378e+03
4.337663478000000396e+03
4.346553764999999657e+03
4.359856745500000216e+03
4.375415109999999913e+03
4.393629453499999727e+03
4.414720183000000361e+03
4.437964837999999872e+03
4.463352007000000413e+03
4.489782484999999724e+03
4.513949334500000077e+03
4.538395929000000251e+03
4.562576721999999791e+03
4.583915313000000424e+03
4.602473350500000379e+03
4.616485172499999862e+03
4.626276664500000152e+03
4.635125468999999612e+03
4.638325630999999703e+03
4.640740652499999669e+03
4.636953405000000203e+03
4.633708532999999989e+03
4.628435470000000350e+03
4.620630868999999620e+03
4.611999833500000022e+03
4.602510994999999639e+03
4.594135747999999694e+03
4.584414893500000289e+03
4.576505710000000363e+03
4.570257172499999797e+03
4.566922075999999834e+03
4.566211221499999738e+03
4.566397797999999966e+03
4.569840951999999561e+03
4.577151681999999710e+03
4.585384041000000252e+03
4.597512689999999566e+03
4.610812020499999562e+03
4.627998765000000276e+03
4.646316300000000410e+03
4.666347154000000046e+03
4.687996976499999619e+03
4.710775795499999731e+03
4.734319655999999668e+03
4.759422610499999792e+03
4.781777165000000423e+03
4.802544673000000330e+03
4.822390344000000368e+03
4.838452992499999709e+03
4.851032243999999992e+03
4.862660572499999944e+03
4.868325840499999686e+03
4.873204077999999754e+03
4.873331127999999808e+03
4.869858094999999594e+03
4.867001226499999575e+03
4.860646349999999984e+03
4.853931247499999699e+03
4.846340325000000121e+03
4.836770841499999733e+03
4.829240934999999808e+03
4.821129619500000445e+03
4.815858416000000034e+03
4.808809705499999836e+03
4.806569107500000428e+03
4.804842467999999826e+03
4.807462130500000058e+03
4.813352370999999948e+03
4.819811947500000315e+03
4.831021093499999552e+03
4.844256408500000362e+03
4.859183465000000069e+03
4.876689507000000049e+03
4.894552902000000358e+03
4.916474791999999979e+03
4.937790320500000234e+03
4.960971706999999697e+03
4.981466121000000385e+03
5.004501989999999751e+03
5.025924605999999585e+03
5.044848874999999680e+03
5.062289377000000059e+03
4.876466390499999761e+03
4.663987030000000232e+03
4.542131205499999851e+03
4.444855109000000084e+03
4.361992443500000263e+03
4.285970501499999955e+03
4.216241114499999640e+03
4.149799503000000186e+03
4.084934164499999952e+03
4.024541294499999822e+03
3.968283333500000026e+03
3.916687880999999834e+03
3.867021255499999825e+03
3.821649828999999954e+03
3.775341551999999865e+03
3.734757980500000031e+03
3.693850746000000072e+03
3.655732896500000152e+03
3.620246936000000005e+03
3.586483118999999988e+03
3.554376452500000141e+03
3.523585653499999808e+03
3.495073143499999787e+03
3.470499869000000217e+03
3.445885682499999803e+03
3.423728420999999798e+03
3.402739056999999775e+03
3.383515395500000068e+03
3.364119070499999907e+03
3.345201549500000056e+03
3.325582329500000014e+03
3.306241811500000040e+03
3.286881291000000147e+03
3.265843990500000018e+03
3.244331130999999914e+03
3.219603035499999805e+03
3.195604849500000000e+03
3.168229003999999804e+03
3.141246685000000070e+03
3.111620740500000011e+03
3.081596709500000088e+03
3.051315250000000106e+03
3.022642846000000191e+03
2.992250602999999956e+03
2.962883010500000182e+03
2.935281191500000205e+03
2.908345143999999891e+03
2.883601956500000142e+03
2.860161881999999878e+03
2.836360683500000050e+03
2.816363968999999997e+03
2.798681000500000209e+03
2.780739927000000080e+03
2.764679775000000063e+03
2.748254505500000050e+03
2.735822341500000221e+03
2.722710373500000060e+03
2.710562360999999783e+03
2.697942470500000127e+03
2.687282016499999827e+03
2.674553129500000068e+03
2.663879916500000036e+03
2.651146773999999823e+03
2.638339534000000185e+03
2.623899472499999774e+03
2.607422339000000193e+03
2.591525398000000223e+03
2.574973163000000113e+03
2.555887380000000121e+03
2.536378839999999855e+03
2.516844090000000051e+03
2.497133155999999872e+03
2.476090260999999828e+03
2.455279692499999783e+03
2.434066962500000045e+03
2.413264706500000102e+03
2.393420214000000215e+03
2.372274789500000225e+03
2.353146086499999910e+03
2.335357874499999980e+03
2.318597258499999953e+03
2.300618188500000088e+03
2.284309984500000155e+03
2.269241160999999920e+03
2.255461421500000142e+03
2.241281700000000001e+03
2.228139059499999803e+03
2.215394974499999989e+03
2.203927129499999864e+03
2.192447322999999869e+03
2.181107456499999898e+03
2.169758576000000176e+03
2.158155490499999814e+03
2.146293686500000149e+03
2.134665078500000163e+03
2.123008114000000205e+03
2.111318941500000165e+03
2.099802207000000180e+03
2.086269065999999839e+03
2.072595933499999774e+03
2.058485173000000032e+03
2.044591011499999922e+03
2.030387812500000109e+03
2.015674700499999972e+03
2.001133047499999975e+03
1.985930683499999986e+03
1.969821365000000014e+03
1.955149165000000039e+03
1.940159364000000096e+03
1.925196222000000034e+03
1.909304247000000032e+03
1.894861754999999903e+03
1.880508811500000093e+03
1.866015638000000081e+03
1.851928575500000079e+03
1.838347608999999920e+03
1.823813687500000015e+03
1.811373182999999926e+03
1.797889001000000007e+03
1.784868453499999987e+03
1.772611716500000057e+03
1.760513678499999969e+03
1.748958871000000045e+03
1.737703504000000066e+03
1.726681712500000003e+03
1.715408545499999946e+03
1.703019066000000066e+03
1.692586340000000064e+03
1.681523566999999957e+03
1.670448879499999975e+03
1.659200828499999943e+03
1.649075874000000113e+03
1.637453618999999890e+03
1.625312976500000104e+03
1.614627615500000047e+03
1.602237344500000063e+03
1.590335568499999908e+03
1.578525446000000102e+03
1.566347704000000022e+03
1.554122991499999898e+03
1.541344626000000062e+03
1.528909155000000055e+03
1.517030941499999926e+03
1.503434044500000027e+03
1.491685664000000088e+03
1.480030025499999965e+03
1.467764816000000110e+03
1.455388568000000078e+03
1.443246578499999941e+03
1.431736398000000008e+03
1.419364636000000019e+03
1.407800303499999927e+03
1.395187194000000090e+03
1.384282066499999928e+03
1.372440426500000058e+03
1.361101699000000053e+03
1.349693416999999954e+03
1.338323550999999952e+03
1.326085630499999979e+03
1.315668360500000063e+03
1.304489850500000102e+03
1.293753098500000078e+03
1.283254059999999981e+03
1.272713343500000065e+03
1.261527170000000069e+03
1.251279665000000023e+03
1.241247465500000089e+03
1.230080489500000112e+03
1.220446181999999908e+03
1.209396123499999931e+03
1.198756197500000098e+03
1.188728065000000015e+03
1.178651389000000108e+03
1.168287119999999959e+03
1.156822921499999893e+03
1.146196375499999931e+03
1.135258092999999917e+03
1.124322638999999981e+03
1.113457884500000091e+03
1.102646653000000015e+03
1.091334857000000056e+03
1.080707839500000091e+03
1.069669270500000039e+03
1.057812773000000107e+03
1.047979007500000080e+03
1.037437856499999953e+03
1.026698592499999904e+03
1.015485189500000047e+03
1.004825606500000049e+03
9.945072420000000193e+02
9.843856875000000173e+02
9.734459769999999708e+02
9.627694729999999481e+02
9.526427374999999529e+02
9.418765204999999696e+02
9.320810099999999920e+02
9.220776425000000245e+02
9.110371595000000298e+02
9.013245074999999815e+02
8.907264145000000326e+02
8.798888174999999592e+02
8.704222290000000157e+02
8.608586195000000316e+02
8.501040494999999737e+02
8.410359035000000176e+02
8.306945885000000089e+02
8.208217485000000124e+02
8.110253024999999525e+02
8.012582360000000108e+02
7.913391339999999445e+02
7.816782275000000482e+02
7.718481540000000223e+02
7.615349420000000009e+02
7.512453134999999520e+02
7.414937644999999975e+02
7.318518480000000181e+02
7.218656730000000152e+02
7.114836695000000191e+02
7.015916704999999638e+02
6.913303465000000188e+02
6.815499680000000353e+02
6.715230050000000119e+02
6.610943344999999454e+02
6.508928329999999960e+02
6.411705285000000458e+02
6.312778779999999870e+02
6.213042084999999588e+02
6.115292464999999993e+02
6.014075329999999440e+02
5.923464370000000372e+02
5.825588565000000472e+02
5.730850484999999708e+02
5.642019575000000486e+02
5.539641679999999724e+02
5.442531145000000379e+02
5.350617855000000418e+02
5.254041009999999687e+02
5.153810535000000073e+02
5.057151039999999966e+02
4.963283020000000079e+02
4.865612590000000068e+02
4.768668230000000108e+02
4.669395974999999908e+02
4.570688319999999862e+02
4.475541625000000181e+02
4.382524364999999875e+02
4.289430894999999850e+02
4.188853444999999738e+02
4.099117724999999837e+02
4.002668884999999932e+02
3.910837609999999813e+02
3.820234469999999760e+02
3.724624089999999796e+02
3.635908890000000042e+02
3.543463469999999802e+02
3.451222809999999868e+02
3.359013524999999731e+02
3.267456310000000030e+02
3.177079474999999888e+02
3.083934830000000034e+02
2.995147019999999998e+02
2.895528904999999895e+02
2.803504515000000197e+02
2.711017140000000154e+02
2.612458659999999782e+02
2.518170929999999998e+02
2.423785680000000013e+02
2.326664629999999931e+02
2.229069519999999898e+02
2.133599614999999972e+02
2.036523395000000107e+02
1.941584924999999942e+02
1.850356789999999876e+02
1.759118060000000128e+02
1.666727025000000140e+02
1.575268504999999948e+02
1.487023379999999975e+02
1.394926000000000101e+02
1.307715614999999900e+02
1.219093905000000007e+02
1.130229060000000061e+02
1.042423679999999990e+02
9.545153899999999680e+01
8.654004299999999716e+01
7.774414000000000158e+01
6.867171700000000101e+01
5.971377350000000206e+01
5.062923800000000085e+01
4.159445600000000098e+01
3.240629500000000007e+01
2.319600900000000010e+01
1.397212500000000013e+01
4.664115500000000303e+00
L=10.0,N=1500,T=1.0,r=0.123,eta=0.7129373288423996,t=26312.432815790176s