0.000000000000000000e+00
0.000000000000000000e+00
0.000000000000000000e+00
0.000000000000000000e+00
0.000000000000000000e+00
0.000000000000000000e+00
0.000000000000000000e+00
0.000000000000000000e+00
0.000000000000000000e+00
0.000000000000000000e+00
0.000000000000000000e+00
0.000000000000000000e+00
0.000000000000000000e+00
0.000000000000000000e+00
0.000000000000000000e+00
0.000000000000000000e+00
0.000000000000000000e+00
0.000000000000000000e+00
0.000000000000000000e+00
0.000000000000000000e+00
0.000000000000000000e+00
0.000000000000000000e+00
0.000000000000000000e+00
0.000000000000000000e+00
0.000000000000000000e+00
0.000000000000000000e+00
0.000000000000000000e+00
0.000000000000000000e+00
0.000000000000000000e+00
0.000000000000000000e+00
0.000000000000000000e+00
0.000000000000000000e+00
2.299620805000000132e+02
1.100839592499999981e+03
9.429497075000000450e+02
8.109269345000000158e+02
7.006555479999999534e+02
6.085424060000000281e+02
5.312598120000000108e+02
4.661400269999999750e+02
4.117463210000000231e+02
3.659696650000000204e+02
3.274285214999999880e+02
2.951234665000000064e+02
2.681690434999999866e+02
2.455839995000000044e+02
2.269301534999999888e+02
2.118848380000000020e+02
1.997968720000000076e+02
1.905345205000000135e+02
1.839858084999999903e+02
1.800537045000000091e+02
1.787244509999999877e+02
1.804032809999999927e+02
1.852080109999999991e+02
1.937619880000000023e+02
2.069050734999999861e+02
2.260913229999999885e+02
2.520380744999999933e+02
2.841376334999999926e+02
3.204757265000000075e+02
3.600304909999999836e+02
4.017080194999999776e+02
4.460212215000000242e+02
4.964632814999999937e+02
5.681504929999999831e+02
6.660569325000000163e+02
7.289908884999999827e+02
7.600851910000000089e+02
7.678918415000000550e+02
7.603021414999999479e+02
7.422889105000000427e+02
7.177147515000000340e+02
6.896882464999999911e+02
6.597142495000000508e+02
6.294935604999999441e+02
6.001782584999999699e+02
5.724840860000000475e+02
5.468117790000000014e+02
5.234653445000000147e+02
5.027284174999999777e+02
4.848164315000000215e+02
4.701565625000000068e+02
4.585804239999999936e+02
4.505378690000000006e+02
4.459917090000000144e+02
4.453916125000000079e+02
4.493590555000000109e+02
4.581264330000000200e+02
4.723770269999999982e+02
4.922092304999999897e+02
5.178048710000000483e+02
5.482390384999999924e+02
5.830121054999999615e+02
6.203650549999999839e+02
6.590751934999999548e+02
6.979690464999999904e+02
7.361567459999999983e+02
7.737033629999999675e+02
8.094374910000000227e+02
8.407735500000000002e+02
8.645471649999999499e+02
8.809791559999999890e+02
8.900009244999999964e+02
8.922543130000000247e+02
8.889757980000000543e+02
8.809687605000000303e+02
8.694672295000000304e+02
8.555190464999999449e+02
8.402724375000000236e+02
8.237202965000000177e+02
8.073282685000000356e+02
7.915187740000000076e+02
7.769138259999999718e+02
7.635173425000000407e+02
7.521329889999999523e+02
7.429485760000000028e+02
7.364931245000000217e+02
7.327488815000000386e+02
7.322749804999999697e+02
7.356892729999999574e+02
7.425281780000000253e+02
7.532066025000000309e+02
7.678393720000000258e+02
7.862110699999999497e+02
8.080749664999999595e+02
8.331025909999999612e+02
8.598800834999999552e+02
8.882099455000000034e+02
9.167268524999999499e+02
9.446099854999999934e+02
9.714247460000000274e+02
9.958572954999999638e+02
1.017809518499999967e+03
1.036496515499999987e+03
1.051321720500000083e+03
1.062443457999999964e+03
1.069544639499999903e+03
1.073219796000000088e+03
1.073715942000000041e+03
1.071264744000000064e+03
1.067026956500000097e+03
1.060990927499999998e+03
1.053542253999999957e+03
1.045596464499999911e+03
1.037355549500000052e+03
1.029410407500000019e+03
1.022314547999999945e+03
1.016055012499999975e+03
1.010962860999999975e+03
1.008068197499999997e+03
1.006920430499999952e+03
1.008059549500000003e+03
1.011691615500000012e+03
1.017507346999999982e+03
1.025910728000000063e+03
1.036785552499999994e+03
1.050096367000000100e+03
1.065609343000000081e+03
1.083028585000000021e+03
1.101549706999999898e+03
1.121176750000000084e+03
1.141507985499999904e+03
1.161379218499999979e+03
1.181077293999999938e+03
1.199726434500000096e+03
1.216676528499999904e+03
1.232268885499999897e+03
1.245372658499999943e+03
1.256604791499999919e+03
1.265417672000000039e+03
1.272024652000000060e+03
1.276658614500000112e+03
1.279377283499999976e+03
1.280435322000000042e+03
1.280204926500000056e+03
1.278942600999999968e+03
1.276660429000000022e+03
1.273999911500000053e+03
1.271548557500000015e+03
1.268999334000000090e+03
1.267017454999999927e+03
1.265774054499999920e+03
1.266090390999999954e+03
1.267097103999999945e+03
1.269463981000000103e+03
1.273505373499999905e+03
1.279431006499999967e+03
1.286211093500000061e+03
1.294883395500000006e+03
1.305169740999999931e+03
1.316757585000000063e+03
1.329795368499999995e+03
1.343661504500000092e+03
1.357715081000000055e+03
1.372774795499999982e+03
1.387637836500000049e+03
1.402551192500000070e+03
1.416738380499999948e+03
1.430442841999999928e+03
1.443301692000000003e+03
1.454782739499999934e+03
1.464994063999999980e+03
1.474331083999999919e+03
1.482206384999999955e+03
1.488432841999999937e+03
1.493947368999999981e+03
1.498120996000000105e+03
1.501243523000000096e+03
1.503475575500000105e+03
1.505357209499999954e+03
1.506575300499999912e+03
1.507450763000000052e+03
1.508625025499999992e+03
1.510308295999999928e+03
1.511771764500000018e+03
1.514041911499999969e+03
1.516953271000000086e+03
1.520568843000000015e+03
1.525221675499999947e+03
1.530842390499999965e+03
1.537164176499999940e+03
1.545009219499999972e+03
1.553366743499999984e+03
1.562815140500000098e+03
1.573140442500000063e+03
1.583744763500000090e+03
1.595040197499999977e+03
1.606663632999999891e+03
1.618779717500000061e+03
1.630321566000000075e+03
1.641856571000000031e+03
1.653222906499999908e+03
1.664111378999999943e+03
1.674070565499999930e+03
1.683705175999999938e+03
1.692611546999999973e+03
1.700485185000000001e+03
1.707838086499999918e+03
1.714462637999999970e+03
1.719986096500000031e+03
1.725178306999999904e+03
1.729724881999999980e+03
1.733824894999999970e+03
1.737344120499999917e+03
1.740964980499999911e+03
1.744155890499999941e+03
1.748032617999999957e+03
1.751700513000000001e+03
1.755560480999999982e+03
1.759909182500000043e+03
1.764367888499999935e+03
1.769561803999999938e+03
1.775575566499999923e+03
1.782088821499999995e+03
1.788866171500000064e+03
1.796691362000000026e+03
1.804822151500000018e+03
1.813629589500000066e+03
1.822702156999999943e+03
1.831897065500000053e+03
1.841630979499999967e+03
1.851604487000000063e+03
1.861215871999999990e+03
1.871347915999999941e+03
1.881176218000000063e+03
1.890510105500000009e+03
1.899641779499999984e+03
1.908303441000000021e+03
1.917011034000000109e+03
1.924876269999999977e+03
1.932357389000000012e+03
1.939162296499999911e+03
1.945700535499999887e+03
1.952111390499999970e+03
1.957760807999999997e+03
1.962805927500000053e+03
1.968201753999999937e+03
1.973383897500000103e+03
1.978175118500000053e+03
1.983026898999999958e+03
1.988076424000000088e+03
1.993040716499999917e+03
1.998203931000000011e+03
2.003726120999999921e+03
2.009257589499999995e+03
2.015835846499999889e+03
2.022157482999999957e+03
2.029110038999999915e+03
2.036102059999999938e+03
2.043840635999999904e+03
2.051730645000000095e+03
2.059904246999999941e+03
2.068294565499999862e+03
2.077172101000000112e+03
2.085433292499999880e+03
2.094262752000000091e+03
2.102956252500000119e+03
2.111801359500000217e+03
2.120131812499999796e+03
2.128738831000000118e+03
2.137072595499999807e+03
2.144669794999999795e+03
2.152804809499999919e+03
2.160101560000000063e+03
2.167153868500000044e+03
2.174056944999999814e+03
2.180993204500000047e+03
2.187362583000000086e+03
2.193549984499999937e+03
2.199134969499999897e+03
2.205181087999999818e+03
2.211250450000000001e+03
2.216560861999999815e+03
2.222579869499999859e+03
2.228483922999999777e+03
2.234232383000000027e+03
2.239980969000000186e+03
2.246690970000000107e+03
2.253115449999999782e+03
2.259422669000000042e+03
2.266398971999999958e+03
2.273419886499999848e+03
2.280771964500000195e+03
2.288187051500000052e+03
2.295740060499999800e+03
2.304176793000000089e+03
2.312046783499999947e+03
2.319760224000000107e+03
2.327686982000000171e+03
2.335837121500000194e+03
2.344000224500000058e+03
2.351721517999999833e+03
2.359703718499999923e+03
2.367446849500000098e+03
2.375075831499999822e+03
2.382742858000000069e+03
2.389823398500000167e+03
2.397183127499999955e+03
2.404576317000000017e+03
2.411540965000000142e+03
2.417853817499999877e+03
2.424477096499999789e+03
2.431022736999999779e+03
2.437572798499999863e+03
2.443651496999999836e+03
2.449887241500000073e+03
2.456219618999999966e+03
2.462634490999999798e+03
2.468820876499999940e+03
2.475728679499999998e+03
2.482035983499999929e+03
2.488745493500000066e+03
2.495294328999999834e+03
2.502092647999999826e+03
2.509165424499999972e+03
2.516262396999999964e+03
2.523204573500000151e+03
2.531294267000000218e+03
2.538579404000000068e+03
2.546415260000000217e+03
2.553787675000000036e+03
2.561195633499999985e+03
2.568959670499999902e+03
2.576626345499999843e+03
2.584115980999999920e+03
2.591833469000000150e+03
2.599409818499999801e+03
2.606805167999999867e+03
2.614209213999999974e+03
2.621374464999999873e+03
2.628551476499999808e+03
2.635406358499999897e+03
2.642727232000000186e+03
2.649754567500000121e+03
2.656522180999999819e+03
2.663309698000000026e+03
2.669788074000000051e+03
2.676448198500000217e+03
2.683080161500000031e+03
2.689254365499999949e+03
2.696669130499999937e+03
2.703156257499999811e+03
2.709485757500000091e+03
2.716566894500000217e+03
2.723447769500000049e+03
2.730274355999999898e+03
2.737090670999999929e+03
2.744092522500000086e+03
2.751129739500000142e+03
2.758196235500000057e+03
2.765348789000000124e+03
2.772542537499999980e+03
2.779841534000000138e+03
2.787280719500000032e+03
2.794563610000000153e+03
2.802437226999999893e+03
2.809197526500000095e+03
2.817305154000000130e+03
2.824666377500000181e+03
2.831534025500000098e+03
2.839190342500000042e+03
2.846475253999999950e+03
2.854151455000000169e+03
2.860832430999999815e+03
2.867915722499999902e+03
2.874782308499999999e+03
2.882180357499999900e+03
2.888662875500000155e+03
2.895890279000000191e+03
2.902577909499999805e+03
2.909093297999999777e+03
2.915913485999999921e+03
2.922777826500000174e+03
2.929652085000000170e+03
2.936760099499999797e+03
2.943421123999999963e+03
2.950262152499999956e+03
2.957345400000000154e+03
2.964369808500000090e+03
2.971489786000000095e+03
2.978159448500000053e+03
2.985045180499999788e+03
2.992520020500000101e+03
2.999618677999999818e+03
3.006466224499999953e+03
3.013696571999999833e+03
3.021033836499999779e+03
3.028181943999999930e+03
3.035400716000000102e+03
3.042618348500000138e+03
3.049957246500000110e+03
3.057396723500000007e+03
3.064818464500000118e+03
3.071686035499999889e+03
3.079019407499999943e+03
3.086499795499999891e+03
3.093622107499999856e+03
3.100659522999999808e+03
3.107586323500000162e+03
3.114633095000000139e+03
3.121607385499999964e+03
3.128349729999999909e+03
3.135405087999999978e+03
3.142278542500000185e+03
3.149454867999999806e+03
3.156094699000000219e+03
3.163228120000000217e+03
3.170075593999999910e+03
3.176855622500000209e+03
3.183874565999999959e+03
3.190823818500000016e+03
3.197907994499999859e+03
3.205052881499999785e+03
3.211972535500000049e+03
3.218756621500000165e+03
3.226094329500000185e+03
3.233388332500000161e+03
3.240491550499999903e+03
3.247088752000000113e+03
3.254573441500000172e+03
3.261692106500000136e+03
3.268691886000000068e+03
3.275990942500000074e+03
3.283339025000000220e+03
3.290473289999999906e+03
3.297430510499999855e+03
3.304946965000000091e+03
3.312012434499999927e+03
3.319269657499999994e+03
3.326089129500000126e+03
3.333330594000000019e+03
3.340543922500000008e+03
3.347401060499999858e+03
3.354686296500000026e+03
3.361498478999999861e+03
3.368302537000000029e+03
3.375391143499999998e+03
3.382679941500000041e+03
3.389520995500000026e+03
3.396549421499999880e+03
3.403495886499999870e+03
3.410538738499999909e+03
3.417286806999999953e+03
3.424796382500000163e+03
3.431398025500000131e+03
3.438586858000000120e+03
3.445554759499999818e+03
3.452559893499999816e+03
3.459257366499999989e+03
3.466712864499999796e+03
3.473663015499999801e+03
3.480711448999999902e+03
3.487990924000000177e+03
3.494769754500000090e+03
3.502314492500000142e+03
3.509263984499999879e+03
3.516620894499999849e+03
3.523210605000000214e+03
3.530651576000000205e+03
3.537749026500000127e+03
3.545004562000000078e+03
3.552194820000000163e+03
3.559309427499999856e+03
3.566724960500000179e+03
3.573486005000000205e+03
3.580234653999999864e+03
3.587470778500000051e+03
3.594703071500000078e+03
3.601660639000000174e+03
3.608933722000000216e+03
3.615567783999999847e+03
3.622820522999999866e+03
3.629718789500000184e+03
3.636721504000000095e+03
3.643871780999999828e+03
3.651152335499999936e+03
3.657852286499999991e+03
3.664838406500000019e+03
3.672063424500000110e+03
3.678976258000000144e+03
3.685770673500000157e+03
3.693296247499999936e+03
3.700055049999999937e+03
3.707329927499999940e+03
3.714355083500000092e+03
3.720836168499999985e+03
3.728366681999999855e+03
3.735152571499999794e+03
3.742576477499999783e+03
3.749661950499999875e+03
3.756902786999999989e+03
3.763649699000000055e+03
3.770721966999999950e+03
3.778131567500000074e+03
3.785677887499999997e+03
3.792148676499999965e+03
3.799293854500000180e+03
3.806441702499999792e+03
3.813535764000000199e+03
3.820707183500000156e+03
3.828119404500000201e+03
3.834609711000000061e+03
3.842362982999999986e+03
3.848710547499999848e+03
3.855916212999999971e+03
3.862935206000000107e+03
3.869934095499999785e+03
3.877441624999999931e+03
3.884416592000000037e+03
3.891169670499999938e+03
3.898142120999999861e+03
3.905734848999999940e+03
3.912255718500000057e+03
3.919129323000000113e+03
3.926699309000000085e+03
3.933727835499999856e+03
3.940426293500000156e+03
3.947587725500000033e+03
3.954536959500000194e+03
3.961493419500000073e+03
3.968656841999999870e+03
3.975876741500000207e+03
3.982943665499999952e+03
3.989960685999999896e+03
3.996759301999999934e+03
4.004468081999999868e+03
4.010850374999999985e+03
4.018363130000000183e+03
4.025753734500000064e+03
4.032405982499999936e+03
4.039831754499999988e+03
4.046668952500000159e+03
4.053619341000000077e+03
4.061287834000000203e+03
4.068054287999999815e+03
4.074876497499999914e+03
4.082304561500000091e+03
4.089071855000000141e+03
4.096263228499999968e+03
4.103210115500000029e+03
4.110443537000000106e+03
4.117902936499999669e+03
4.124665637000000061e+03
4.131363119999999981e+03
4.139019602499999564e+03
4.145525607999999920e+03
4.152901797999999872e+03
4.159920189000000391e+03
4.166501690500000223e+03
4.174071742000000086e+03
4.180842834000000039e+03
4.187605751000000055e+03
4.195241790000000037e+03
4.201845151000000442e+03
4.209112081000000217e+03
4.216093620999999985e+03
4.223409067999999934e+03
4.230165767000000415e+03
4.237897901999999704e+03
4.244061497499999859e+03
4.251687622499999634e+03
4.258632735000000139e+03
4.265994459499999721e+03
4.272851899999999659e+03
4.279538825999999972e+03
4.287150411999999960e+03
4.293833502999999837e+03
4.301183832499999880e+03
4.308419793000000027e+03
4.315431309999999939e+03
4.322322404499999720e+03
4.329563594500000363e+03
4.336447556000000077e+03
4.343771226500000012e+03
4.350990159500000118e+03
4.357920989500000360e+03
4.364845499500000187e+03
4.371993834500000048e+03
4.378533564499999557e+03
4.386247588000000178e+03
4.393502252999999655e+03
4.400275133000000096e+03
4.407244565500000135e+03
4.414255254499999864e+03
4.421276312500000131e+03
4.428381182000000081e+03
4.435216354500000307e+03
4.442227958000000399e+03
4.449609008999999787e+03
4.456068816500000139e+03
4.464158279500000390e+03
4.470724164000000201e+03
4.477485478999999941e+03
4.484803468000000066e+03
4.491643355999999585e+03
4.498755759499999840e+03
4.506513601999999992e+03
4.513421447499999886e+03
4.519845771500000410e+03
4.527407632499999636e+03
4.533817310000000361e+03
4.541227337000000261e+03
4.548618925499999932e+03
4.555555026500000167e+03
4.562942490499999622e+03
4.569750125499999740e+03
4.577261793499999840e+03
4.584233776000000034e+03
4.590965946000000258e+03
4.598214246499999717e+03
4.605034984500000064e+03
4.612353743499999837e+03
4.619070680499999980e+03
4.626677271499999733e+03
4.634178308999999899e+03
4.640659261499999957e+03
4.647607809500000258e+03
4.654515743500000099e+03
4.661695843000000423e+03
4.668648978500000339e+03
4.675491987999999765e+03
4.682467314499999702e+03
4.689703279499999553e+03
4.697067617499999869e+03
4.703881691999999930e+03
4.711109304499999780e+03
4.717994265500000438e+03
4.725121761999999762e+03
4.732010949499999697e+03
4.739233852499999557e+03
4.746065251500000159e+03
4.753715027999999620e+03
4.760278246500000023e+03
4.767602134499999920e+03
4.774573263500000394e+03
4.781794437499999731e+03
4.789426848000000064e+03
4.795377615499999592e+03
4.802926398999999947e+03
4.810800204999999551e+03
4.816849593500000083e+03
4.824531782000000021e+03
4.831161837499999820e+03
4.838562076000000161e+03
4.845691138500000307e+03
4.852688222499999938e+03
4.859891196999999920e+03
4.866838889999999992e+03
4.873951053499999944e+03
4.880894658500000332e+03
4.887661527999999635e+03
4.895431179000000157e+03
4.901934293000000253e+03
4.909137679000000389e+03
4.916052241000000322e+03
4.923169826000000285e+03
4.930285401500000262e+03
4.936826157000000421e+03
4.943954673500000354e+03
4.951305422000000362e+03
4.958139347000000271e+03
4.965494066500000372e+03
4.972445540499999879e+03
4.979025195999999596e+03
4.986922362500000418e+03
4.993396674999999959e+03
4.810216618000000381e+03
4.610458956499999658e+03
4.491596533500000078e+03
4.398071321999999782e+03
4.317846560500000123e+03
4.246864470000000438e+03
4.183267161499999929e+03
4.124792358499999864e+03
4.070373756500000127e+03
4.019592565500000092e+03
3.971163326500000039e+03
3.925934834499999852e+03
3.882504252000000179e+03
3.840566843999999946e+03
3.800738914500000192e+03
3.762832362499999817e+03
3.725534865499999796e+03
3.689445485000000190e+03
3.655068984500000170e+03
3.621115249999999833e+03
3.588294636999999966e+03
3.556620046500000171e+03
3.525435891999999967e+03
3.495229550500000187e+03
3.465800584999999955e+03
3.436288027000000056e+03
3.408143349999999828e+03
3.380745407500000056e+03
3.353313564500000211e+03
3.326803734000000077e+03
3.300471169500000087e+03
3.275025001999999859e+03
3.249823371999999836e+03
3.224712105000000065e+03
3.200420017999999800e+03
3.177015304500000184e+03
3.152713897999999972e+03
3.129921471999999994e+03
3.107019667500000196e+03
3.084553495499999826e+03
3.062196368500000062e+03
3.040454212000000098e+03
3.018548062500000015e+03
2.997133343999999852e+03
2.976021614499999941e+03
2.955015529499999957e+03
2.934503254499999912e+03
2.913731020000000171e+03
2.893530467999999928e+03
2.873542253499999788e+03
2.853757424500000070e+03
2.834069559000000027e+03
2.814958286500000213e+03
2.795588673000000199e+03
2.776418740000000071e+03
2.757953175499999816e+03
2.739185141999999814e+03
2.720756608000000142e+03
2.702405071000000135e+03
2.684185081499999797e+03
2.665889347499999985e+03
2.648192853999999897e+03
2.630968764499999907e+03
2.613623653999999988e+03
2.596199366499999996e+03
2.578876112999999805e+03
2.561762687999999798e+03
2.544892178999999942e+03
2.528244666500000221e+03
2.511920086499999798e+03
2.495084622500000023e+03
2.479032156000000214e+03
2.462446633500000189e+03
2.446483254499999930e+03
2.430470111000000088e+03
2.414417914499999824e+03
2.398683678500000042e+03
2.382780496500000027e+03
2.367485916000000088e+03
2.351883146499999839e+03
2.336204181999999946e+03
2.321147796000000199e+03
2.305670859500000006e+03
2.290482942000000094e+03
2.275273809499999970e+03
2.260286146500000086e+03
2.245266118500000175e+03
2.230585425499999928e+03
2.216073789000000033e+03
2.200976021500000115e+03
2.186472793999999794e+03
2.171989622000000054e+03
2.157481724499999928e+03
2.143758538999999928e+03
2.128874394999999822e+03
2.114692615999999816e+03
2.100823492999999871e+03
2.086712301000000025e+03
2.072884868499999811e+03
2.058887655500000164e+03
2.045068419499999891e+03
2.031468333499999972e+03
2.017744979000000058e+03
2.003982995999999957e+03
1.990734729499999958e+03
1.977334819500000094e+03
1.963621795499999962e+03
1.950028831500000024e+03
1.937331629000000021e+03
1.924100161999999955e+03
1.910621828999999934e+03
1.897638725999999906e+03
1.884342070500000091e+03
1.871564446999999973e+03
1.858540108500000088e+03
1.845701699499999904e+03
1.832639470000000074e+03
1.819608460500000092e+03
1.806651704500000051e+03
1.794416136999999935e+03
1.781382857000000058e+03
1.769038937999999916e+03
1.756138769500000080e+03
1.743454987500000016e+03
1.731085395999999946e+03
1.718999419499999931e+03
1.706033157500000016e+03
1.693837524499999972e+03
1.681656341500000053e+03
1.669189573000000109e+03
1.657091056499999922e+03
1.645035399999999981e+03
1.632777914499999952e+03
1.620628475499999922e+03
1.608840697999999975e+03
1.596524614500000098e+03
1.584973635000000058e+03
1.573108044999999947e+03
1.561071318999999903e+03
1.549199028499999940e+03
1.537484274500000083e+03
1.525435234000000037e+03
1.513751968000000033e+03
1.502131233500000008e+03
1.490272353000000066e+03
1.478701310500000091e+03
1.467152933000000075e+03
1.455786306499999910e+03
1.443922255499999892e+03
1.432346097999999984e+03
1.420909513999999945e+03
1.409299817999999959e+03
1.398108406000000059e+03
1.386882264999999961e+03
1.375431156000000101e+03
1.363954203000000007e+03
1.352631532500000048e+03
1.341230591499999946e+03
1.330072306000000026e+03
1.319041009999999915e+03
1.307989820000000009e+03
1.296441960500000050e+03
1.285543262500000083e+03
1.274293143500000042e+03
1.263414736499999890e+03
1.252479307999999946e+03
1.241632746499999939e+03
1.230485198999999966e+03
1.219412008000000014e+03
1.208770845999999892e+03
1.197824485500000037e+03
1.186873831500000051e+03
1.176057125499999984e+03
1.165170094500000005e+03
1.154453766500000029e+03
1.143591306499999973e+03
1.132923121999999921e+03
1.122253906500000085e+03
1.111451546000000008e+03
1.101085986499999990e+03
1.090253899499999989e+03
1.079404778999999962e+03
1.068967630500000041e+03
1.058360306499999979e+03
1.047859851500000104e+03
1.036998876500000051e+03
1.026673204500000111e+03
1.016252182999999945e+03
1.005887878999999998e+03
9.952376279999999724e+02
9.849006104999999707e+02
9.742800559999999450e+02
9.642019364999999880e+02
9.538048354999999674e+02
9.433635335000000168e+02
9.331124899999999798e+02
9.226828600000000051e+02
9.124528500000000122e+02
9.023554769999999507e+02
8.919843660000000227e+02
8.817905200000000150e+02
8.717329869999999801e+02
8.615698284999999714e+02
8.511180785000000242e+02
8.409672315000000253e+02
8.309896529999999757e+02
8.207193449999999757e+02
8.107245850000000473e+02
8.005405964999999924e+02
7.903696780000000217e+02
7.805245304999999689e+02
7.704538039999999910e+02
7.604665764999999737e+02
7.504426529999999502e+02
7.403554484999999659e+02
7.305475484999999480e+02
7.206384900000000471e+02
7.104626994999999852e+02
7.008332585000000563e+02
6.908822460000000092e+02
6.809832910000000084e+02
6.710618170000000191e+02
6.611959970000000339e+02
6.515005270000000337e+02
6.416475635000000466e+02
6.318829409999999598e+02
6.221752725000000055e+02
6.124099099999999680e+02
6.026008789999999635e+02
5.928731699999999591e+02
5.832700889999999845e+02
5.733677059999999983e+02
5.638084820000000263e+02
5.542157640000000356e+02
5.446148540000000366e+02
5.346555710000000090e+02
5.250500855000000229e+02
5.153393909999999778e+02
5.057020800000000236e+02
4.960456945000000246e+02
4.867423435000000040e+02
4.769838429999999789e+02
4.673219384999999875e+02
4.578505379999999718e+02
4.481884999999999764e+02
4.387088444999999979e+02
4.294896820000000162e+02
4.199372779999999921e+02
4.103464685000000145e+02
4.009606929999999920e+02
3.913744295000000193e+02
3.820361814999999979e+02
3.728290089999999850e+02
3.632187455000000114e+02
3.539466115000000173e+02
3.444432224999999903e+02
3.351644709999999918e+02
3.257294350000000236e+02
3.162717959999999948e+02
3.070848654999999781e+02
2.977790605000000141e+02
2.884348365000000172e+02
2.791181935000000180e+02
2.698482174999999756e+02
2.605080874999999878e+02
2.511482824999999934e+02
2.418850679999999898e+02
2.325322805000000130e+02
2.233721825000000081e+02
2.141299649999999986e+02
2.047925505000000044e+02
1.956558249999999930e+02
1.864174294999999972e+02
1.771763535000000047e+02
1.680386455000000012e+02
1.588980714999999861e+02
1.496476555000000133e+02
1.405105599999999981e+02
1.314349530000000073e+02
1.223351135000000056e+02
1.131594075000000004e+02
1.041258555000000001e+02
9.505861849999999436e+01
8.588385150000000579e+01
7.684723150000000658e+01
6.777003349999999671e+01
5.874202249999999736e+01
4.968516850000000318e+01
4.066184150000000130e+01
3.157775649999999956e+01
2.253487600000000057e+01
1.351936549999999926e+01
4.503084999999999560e+00
L=10.0,N=1500,T=1.0,r=0.116,eta=0.6340990612005639,t=35745.25250482559s