0.000000000000000000e+00
0.000000000000000000e+00
0.000000000000000000e+00
0.000000000000000000e+00
0.000000000000000000e+00
0.000000000000000000e+00
0.000000000000000000e+00
0.000000000000000000e+00
0.000000000000000000e+00
0.000000000000000000e+00
0.000000000000000000e+00
0.000000000000000000e+00
0.000000000000000000e+00
0.000000000000000000e+00
0.000000000000000000e+00
0.000000000000000000e+00
0.000000000000000000e+00
0.000000000000000000e+00
0.000000000000000000e+00
0.000000000000000000e+00
0.000000000000000000e+00
0.000000000000000000e+00
0.000000000000000000e+00
0.000000000000000000e+00
0.000000000000000000e+00
6.340000000000000149e-04
1.199933499999999986e+00
5.071968499999999658e+00
9.983632500000000576e+00
1.535717600000000083e+01
2.106489350000000016e+01
2.720194299999999998e+01
3.449256150000000076e+01
4.468750200000000206e+01
1.156572791999999936e+03
1.230394633999999996e+03
1.006071950000000015e+03
8.265695520000000442e+02
6.823947725000000446e+02
5.665763660000000073e+02
4.745063779999999838e+02
4.017236884999999802e+02
3.465332740000000058e+02
3.017616765000000214e+02
2.619593085000000201e+02
2.290007119999999929e+02
2.027112275000000068e+02
1.815956874999999968e+02
1.651900359999999921e+02
1.525780154999999922e+02
1.435963869999999929e+02
1.376041240000000130e+02
1.342189275000000066e+02
1.341675894999999912e+02
1.373804969999999912e+02
1.450798864999999864e+02
1.579220829999999864e+02
1.768632864999999867e+02
2.036494580000000099e+02
2.398702074999999923e+02
2.875605729999999767e+02
3.440585570000000075e+02
4.034944975000000227e+02
4.607102464999999825e+02
5.110968144999999936e+02
5.547646220000000312e+02
5.939061789999999519e+02
6.359212979999999789e+02
7.184433139999999867e+02
8.297828980000000456e+02
8.787901855000000069e+02
8.844343414999999595e+02
8.609802710000000161e+02
8.224616604999999936e+02
7.746823395000000119e+02
7.240507625000000189e+02
6.741768580000000384e+02
6.264303284999999732e+02
5.809920959999999468e+02
5.393335594999999785e+02
5.009768045000000143e+02
4.672193090000000097e+02
4.381010734999999841e+02
4.131324230000000171e+02
3.932828260000000000e+02
3.783463049999999726e+02
3.685436915000000226e+02
3.644636619999999994e+02
3.666439110000000028e+02
3.759982175000000097e+02
3.937088049999999839e+02
4.205765944999999988e+02
4.575677709999999934e+02
5.050829464999999914e+02
5.612552285000000438e+02
6.242519825000000537e+02
6.893390014999999948e+02
7.528306139999999687e+02
8.095715424999999641e+02
8.574709225000000288e+02
8.953800320000000283e+02
9.241581850000000031e+02
9.453229270000000497e+02
9.636257879999999432e+02
9.756084204999999656e+02
9.790851300000000492e+02
9.727625014999999848e+02
9.582133260000000519e+02
9.373633859999999913e+02
9.120125920000000406e+02
8.841246694999999818e+02
8.543382824999999912e+02
8.244937599999999520e+02
7.952649840000000268e+02
7.668552704999999605e+02
7.404584350000000086e+02
7.167605975000000171e+02
6.955251385000000255e+02
6.778167714999999589e+02
6.646392240000000129e+02
6.562257415000000265e+02
6.533735325000000103e+02
6.564366989999999760e+02
6.668026495000000295e+02
6.847722750000000360e+02
7.100144330000000537e+02
7.422455760000000282e+02
7.820404485000000250e+02
8.273245080000000371e+02
8.774902059999999437e+02
9.290431889999999839e+02
9.804498385000000553e+02
1.028584391500000038e+03
1.072179597500000000e+03
1.108016570000000002e+03
1.135304447499999924e+03
1.155918758000000025e+03
1.167501661999999897e+03
1.171545691499999975e+03
1.169630490499999951e+03
1.160667749499999900e+03
1.147591120000000046e+03
1.129964564000000109e+03
1.109893687000000000e+03
1.087917314999999917e+03
1.065854349499999898e+03
1.043858169500000031e+03
1.023728296000000000e+03
1.003440885999999978e+03
9.863361619999999448e+02
9.709099155000000110e+02
9.584725425000000314e+02
9.488931109999999762e+02
9.433516080000000557e+02
9.419486610000000155e+02
9.448679465000000164e+02
9.527307369999999764e+02
9.655400634999999738e+02
9.834244680000000471e+02
1.006220882500000016e+03
1.034130209500000092e+03
1.065407054999999900e+03
1.099230677000000014e+03
1.135290577499999927e+03
1.172441197000000102e+03
1.209051201499999934e+03
1.244499939999999924e+03
1.276412526500000013e+03
1.305035512500000095e+03
1.327892492499999889e+03
1.346847009000000071e+03
1.358871941500000048e+03
1.365691381999999976e+03
1.367247822999999926e+03
1.363723674000000074e+03
1.355050674999999956e+03
1.343215408000000025e+03
1.328684126999999989e+03
1.311987006000000065e+03
1.294486308999999892e+03
1.277662706000000071e+03
1.260890080500000067e+03
1.246184118500000068e+03
1.233567280499999924e+03
1.223385199999999941e+03
1.215745500499999935e+03
1.211475147000000106e+03
1.211351208999999926e+03
1.214349588000000040e+03
1.220901389500000050e+03
1.231876656500000081e+03
1.246923273000000108e+03
1.265645179000000098e+03
1.287110554000000093e+03
1.311306602999999996e+03
1.337007193500000085e+03
1.364869243500000039e+03
1.392174724499999911e+03
1.419933653999999933e+03
1.446542783500000041e+03
1.471883701499999916e+03
1.494647020999999995e+03
1.515170955000000049e+03
1.532703238499999998e+03
1.545757397500000025e+03
1.556511874499999976e+03
1.563447629999999890e+03
1.567321972499999902e+03
1.566611503000000084e+03
1.563422074000000066e+03
1.557054736499999990e+03
1.548917097000000012e+03
1.538362435999999889e+03
1.527374491000000035e+03
1.515901112000000012e+03
1.505100654999999961e+03
1.495172164000000066e+03
1.486905794000000014e+03
1.480798692000000074e+03
1.476987517999999909e+03
1.475350599999999986e+03
1.477449155000000019e+03
1.482082682499999919e+03
1.490153056999999990e+03
1.501140625499999942e+03
1.515133563999999978e+03
1.532635287999999946e+03
1.551987460999999939e+03
1.572888625499999989e+03
1.595204574999999977e+03
1.617961007000000109e+03
1.640599193000000014e+03
1.662162450999999919e+03
1.683325505499999963e+03
1.702505838499999982e+03
1.720499158500000021e+03
1.736551827000000003e+03
1.749063326499999903e+03
1.759932827500000030e+03
1.768429432500000075e+03
1.773721242999999959e+03
1.778157243500000050e+03
1.779196586999999909e+03
1.777827151499999900e+03
1.774639541000000008e+03
1.770254283499999929e+03
1.765787042500000098e+03
1.759323673999999983e+03
1.753366958500000010e+03
1.747185288500000070e+03
1.741895261500000061e+03
1.738557298499999888e+03
1.736685756999999967e+03
1.736714345500000036e+03
1.737811091999999917e+03
1.741412874999999985e+03
1.746840517500000033e+03
1.755411578499999905e+03
1.765689941999999974e+03
1.777867860999999948e+03
1.792793333999999959e+03
1.809289583499999935e+03
1.826665373000000045e+03
1.845171689499999957e+03
1.864393814499999962e+03
1.882227765500000032e+03
1.900529226000000108e+03
1.917231461500000023e+03
1.933207471500000111e+03
1.947742621000000099e+03
1.960448812000000089e+03
1.971438691500000004e+03
1.981361104999999952e+03
1.988124291999999969e+03
1.994246275499999911e+03
1.998277739500000052e+03
2.000527032499999905e+03
2.001264333999999963e+03
2.001002341500000057e+03
1.999099232999999913e+03
1.996910513499999979e+03
1.993591713999999911e+03
1.991500821000000087e+03
1.988471045999999887e+03
1.987331674999999905e+03
1.987145299000000023e+03
1.988163246500000014e+03
1.990662366999999904e+03
1.994410239499999989e+03
1.999452890999999909e+03
2.005883230500000082e+03
2.014660747500000070e+03
2.025066728499999954e+03
2.035837074499999972e+03
2.048806768500000089e+03
2.062536288499999955e+03
2.077295883499999945e+03
2.092781415999999808e+03
2.107385472999999820e+03
2.122615530999999919e+03
2.137429244999999810e+03
2.151626454499999909e+03
2.164694515000000138e+03
2.176544575999999779e+03
2.187250570000000153e+03
2.196862428999999793e+03
2.206027153999999882e+03
2.212995206500000222e+03
2.219178256499999861e+03
2.224566859500000191e+03
2.227914724499999920e+03
2.230329346999999871e+03
2.231802251499999784e+03
2.231899557499999901e+03
2.232602627499999926e+03
2.231917285999999876e+03
2.230466676999999891e+03
2.231575843999999961e+03
2.232946277999999893e+03
2.234479695999999876e+03
2.237231330000000071e+03
2.241205999499999962e+03
2.245827508500000022e+03
2.252582946999999876e+03
2.259515992499999811e+03
2.268143646500000159e+03
2.277578168000000005e+03
2.288542327999999998e+03
2.299780681499999901e+03
2.312178617500000200e+03
2.324837655499999983e+03
2.337492375499999980e+03
2.350713361999999961e+03
2.363362239999999929e+03
2.375202927499999987e+03
2.387323370499999783e+03
2.398398791499999788e+03
2.407758279499999844e+03
2.417694273499999781e+03
2.425371102999999948e+03
2.433957605000000058e+03
2.441391549999999825e+03
2.448184802000000218e+03
2.453536015499999849e+03
2.458898893500000213e+03
2.462311561999999867e+03
2.465485044000000016e+03
2.467146153499999855e+03
2.469930150499999854e+03
2.471420967999999903e+03
2.472613493500000004e+03
2.474218915500000094e+03
2.477909720000000107e+03
2.480181247500000154e+03
2.484585859499999970e+03
2.489551796000000195e+03
2.495651910000000044e+03
2.502741135499999928e+03
2.509571902499999851e+03
2.518162078500000007e+03
2.527001905499999793e+03
2.536149449999999888e+03
2.547374202999999852e+03
2.557992813500000011e+03
2.568979232499999853e+03
2.581269361499999832e+03
2.591584902999999940e+03
2.603454585999999836e+03
2.613460819500000071e+03
2.623514495500000066e+03
2.633209589500000220e+03
2.642264994999999999e+03
2.651070276500000091e+03
2.658508420499999829e+03
2.665980842999999822e+03
2.672327921499999775e+03
2.679618001499999991e+03
2.685743743999999879e+03
2.691663683000000219e+03
2.697028476500000124e+03
2.701322894999999789e+03
2.704564385000000129e+03
2.707673476999999821e+03
2.710835959999999886e+03
2.714468628999999964e+03
2.717659028999999919e+03
2.721068230500000027e+03
2.725554322500000126e+03
2.730530416499999774e+03
2.736443714000000000e+03
2.742636032500000056e+03
2.749438819999999851e+03
2.757675643500000206e+03
2.765391274499999781e+03
2.774151538000000073e+03
2.783519522999999936e+03
2.792433120000000145e+03
2.801923021000000062e+03
2.811784329999999954e+03
2.822275141000000076e+03
2.832086570999999822e+03
2.841453862500000014e+03
2.852200108500000169e+03
2.861094464499999958e+03
2.870235764500000187e+03
2.878241510500000004e+03
2.885396007499999996e+03
2.893379679499999838e+03
2.899794908500000020e+03
2.906909242499999891e+03
2.913708175499999925e+03
2.920230565500000012e+03
2.926451114999999845e+03
2.932413523000000168e+03
2.938428392499999973e+03
2.942977673500000037e+03
2.947488485500000024e+03
2.951687618999999813e+03
2.956075846000000183e+03
2.960471574000000146e+03
2.964511426999999912e+03
2.968599737999999888e+03
2.975007387999999992e+03
2.981555293999999776e+03
2.988929470000000038e+03
2.994881570999999894e+03
3.002804337500000202e+03
3.010602443000000221e+03
3.019323223500000040e+03
3.027572677000000112e+03
3.036774010999999973e+03
3.044500944999999774e+03
3.054418484499999977e+03
3.063246727499999906e+03
3.071660297999999784e+03
3.081394992500000171e+03
3.090196778999999879e+03
3.099251033999999891e+03
3.107123086500000227e+03
3.114576668000000154e+03
3.122160851999999977e+03
3.128950259000000187e+03
3.136039195500000005e+03
3.142718673500000023e+03
3.149310830999999780e+03
3.156118714000000182e+03
3.163990621999999803e+03
3.169575393499999791e+03
3.175379810999999791e+03
3.181284782499999892e+03
3.187306296499999917e+03
3.193234514000000217e+03
3.198030553500000224e+03
3.202436604500000158e+03
3.207518850999999813e+03
3.212974056500000188e+03
3.218825593000000026e+03
3.225117793500000062e+03
3.232142221999999947e+03
3.239145415999999841e+03
3.246253211499999907e+03
3.255173221999999896e+03
3.262736520500000097e+03
3.271131424499999866e+03
3.278871232500000133e+03
3.287368821999999909e+03
3.295843983499999922e+03
3.304119380499999806e+03
3.312265690499999891e+03
3.321046541000000161e+03
3.328324964999999793e+03
3.336331908499999827e+03
3.344052462999999989e+03
3.352431092499999977e+03
3.359663466500000141e+03
3.366323174499999823e+03
3.373402493999999933e+03
3.379913047000000006e+03
3.386288837000000058e+03
3.393482657500000187e+03
3.400580992000000151e+03
3.408454420500000197e+03
3.414064866000000166e+03
3.421183336000000054e+03
3.427551975500000026e+03
3.433156289500000184e+03
3.439329137499999888e+03
3.444712498500000038e+03
3.450036005999999816e+03
3.456356330000000071e+03
3.462172593499999948e+03
3.469170818999999938e+03
3.474626014999999825e+03
3.482410555500000100e+03
3.489619928000000073e+03
3.497628450000000157e+03
3.504997085999999854e+03
3.512891770000000179e+03
3.521286458000000039e+03
3.528745685500000036e+03
3.536304673000000093e+03
3.544831552000000102e+03
3.551448722499999803e+03
3.560985804500000086e+03
3.567856399499999952e+03
3.575394049999999879e+03
3.582622503000000052e+03
3.589802978499999881e+03
3.596771827000000030e+03
3.604841193499999918e+03
3.610896223499999905e+03
3.618314555999999811e+03
3.624384203999999954e+03
3.631277378499999941e+03
3.639023933500000112e+03
3.646425249500000064e+03
3.653994562500000029e+03
3.660846087500000067e+03
3.667836905999999999e+03
3.674815232500000093e+03
3.680686547499999961e+03
3.686339167000000089e+03
3.692088851999999861e+03
3.699049795500000073e+03
3.703930656500000168e+03
3.711098044500000015e+03
3.717695677000000160e+03
3.725941394999999829e+03
3.732239356000000043e+03
3.738351531499999965e+03
3.747073909000000185e+03
3.754662057500000174e+03
3.761779427999999825e+03
3.769812796499999877e+03
3.776883640000000014e+03
3.785356725000000097e+03
3.791657837499999914e+03
3.799692531499999859e+03
3.807097503999999844e+03
3.814928099499999917e+03
3.822222964500000217e+03
3.828381837500000074e+03
3.836111814500000037e+03
3.843128403000000162e+03
3.849614535499999874e+03
3.856188125000000127e+03
3.862905898999999863e+03
3.870826073499999893e+03
3.878533922999999959e+03
3.885342067500000212e+03
3.893246393500000067e+03
3.900646851500000139e+03
3.908274459499999921e+03
3.914979737499999828e+03
3.921265398000000005e+03
3.928463640999999825e+03
3.934365196000000196e+03
3.939942712999999912e+03
3.946214169500000025e+03
3.952869764500000201e+03
3.959880722500000047e+03
3.966323023500000090e+03
3.973809412000000066e+03
3.981096406000000115e+03
3.988766524499999832e+03
3.996214429499999824e+03
4.002806600999999773e+03
4.010931551000000127e+03
4.017688684499999908e+03
4.025040269499999795e+03
4.032183908999999858e+03
4.039445194500000071e+03
4.045670498999999836e+03
4.054352319000000080e+03
4.061855022499999905e+03
4.068117341000000124e+03
4.075270671499999935e+03
4.082194736999999805e+03
4.089044633500000145e+03
4.095651323500000217e+03
4.102178128499999730e+03
4.109384213000000273e+03
4.116973183500000232e+03
4.124561996499999623e+03
4.132498757999999725e+03
4.140224935000000187e+03
4.148268253500000355e+03
4.155939048500000354e+03
4.162450189500000306e+03
4.169073962499999652e+03
4.175756131500000265e+03
4.182049895000000106e+03
4.187136180999999851e+03
4.194685222000000067e+03
4.201509859499999948e+03
4.207622249000000011e+03
4.215253663499999675e+03
4.223324365999999827e+03
4.229571927500000129e+03
4.236855441499999870e+03
4.244753201999999874e+03
4.251334172500000022e+03
4.258536330500000076e+03
4.265778113000000303e+03
4.271738790499999595e+03
4.278954687000000376e+03
4.286460804999999709e+03
4.293569809499999792e+03
4.300352182499999799e+03
4.308064406000000417e+03
4.315608893499999795e+03
4.321307256500000221e+03
4.328987460500000452e+03
4.334825254999999743e+03
4.341233411500000329e+03
4.348233894500000133e+03
4.356220416500000283e+03
4.364289771499999915e+03
4.371377566000000115e+03
4.379945598500000415e+03
4.388520150999999714e+03
4.396405509999999595e+03
4.403511646500000097e+03
4.410532059000000118e+03
4.416477980499999830e+03
4.423071374500000275e+03
4.428945388000000094e+03
4.436423676999999770e+03
4.442769390000000385e+03
4.449824160500000289e+03
4.456636441999999988e+03
4.463361515999999938e+03
4.470441773999999896e+03
4.478260628500000166e+03
4.485031532500000139e+03
4.491564102000000275e+03
4.499018503999999666e+03
4.506004134499999964e+03
4.512253856000000269e+03
4.519457230500000151e+03
4.526342418500000349e+03
4.533319593000000168e+03
4.541063908000000083e+03
4.548044973500000197e+03
4.554056579500000225e+03
4.561442347999999583e+03
4.567836699000000408e+03
4.574256475000000137e+03
4.581898486000000048e+03
4.587751871999999821e+03
4.595050037500000144e+03
4.603671779999999671e+03
4.611754115499999898e+03
4.619246481500000300e+03
4.627762891499999569e+03
4.635991157499999645e+03
4.643226101999999628e+03
4.651634914999999637e+03
4.659005832499999997e+03
4.665499232500000289e+03
4.671542722000000140e+03
4.677704213500000151e+03
4.684023476000000301e+03
4.690363314000000173e+03
4.696822914000000310e+03
4.704108506999999918e+03
4.711209074499999588e+03
4.718209804000000076e+03
4.725633175500000107e+03
4.733039990999999645e+03
4.739300338500000180e+03
4.745714671499999895e+03
4.753148695500000031e+03
4.758828116499999851e+03
4.766545277000000169e+03
4.773254305499999646e+03
4.780120108500000242e+03
4.787162152500000047e+03
4.794810814000000391e+03
4.801847485000000233e+03
4.807319101000000046e+03
4.814972107999999935e+03
4.821435658499999590e+03
4.827616417000000183e+03
4.835064566500000183e+03
4.842928856499999711e+03
4.850561544999999569e+03
4.859410864999999831e+03
4.868018414500000290e+03
4.876521080499999698e+03
4.885179070500000307e+03
4.892912898499999756e+03
4.899473122499999590e+03
4.905647995000000265e+03
4.912249335000000428e+03
4.919538483500000439e+03
4.924355037999999695e+03
4.931796360000000277e+03
4.938521143500000107e+03
4.944493938499999786e+03
4.951861565999999584e+03
4.959451123499999994e+03
4.964789080499999727e+03
4.972148825000000215e+03
4.979409753500000079e+03
4.986761938499999815e+03
4.992874238499999592e+03
4.809343234500000108e+03
4.610018343499999901e+03
4.491037742999999864e+03
4.397627793499999825e+03
4.316817857500000173e+03
4.246963319000000411e+03
4.183002771000000394e+03
4.124051647000000230e+03
4.069494848499999989e+03
4.019193059000000176e+03
3.970633938500000113e+03
3.925647101000000021e+03
3.881651632000000063e+03
3.839706126000000040e+03
3.800249500500000067e+03
3.762036368000000039e+03
3.725135643000000073e+03
3.689809394500000053e+03
3.654427356499999860e+03
3.620952101500000026e+03
3.588454748000000109e+03
3.555983161499999824e+03
3.525510562500000106e+03
3.494833247999999912e+03
3.465444072499999947e+03
3.437320020000000113e+03
3.408676934499999788e+03
3.380979447000000164e+03
3.354426171999999951e+03
3.327576430000000073e+03
3.300438747000000149e+03
3.275795154999999795e+03
3.250188138999999865e+03
3.225557064499999797e+03
3.200129597499999818e+03
3.176185672000000068e+03
3.153196440499999881e+03
3.129687857500000064e+03
3.107192873500000132e+03
3.083906402999999955e+03
3.062363024499999938e+03
3.039434866000000056e+03
3.018430163999999877e+03
2.996182816500000172e+03
2.975642002500000217e+03
2.954916612999999870e+03
2.934020061499999883e+03
2.913501287999999931e+03
2.893182101500000044e+03
2.873587581499999942e+03
2.854647092499999872e+03
2.834415600499999982e+03
2.814205980499999896e+03
2.795201203999999962e+03
2.775720538500000202e+03
2.757615522999999939e+03
2.739153624000000036e+03
2.720941873000000214e+03
2.703089516500000173e+03
2.685008735500000057e+03
2.666819766000000072e+03
2.648294332999999824e+03
2.631303473500000109e+03
2.613911141000000043e+03
2.596635648999999830e+03
2.579221292499999890e+03
2.562293128499999966e+03
2.544799109000000044e+03
2.527685169500000029e+03
2.511420615999999882e+03
2.495157056999999895e+03
2.478481023499999992e+03
2.461893069499999910e+03
2.446298952999999983e+03
2.430139383499999894e+03
2.414889192499999808e+03
2.399398133499999858e+03
2.382845976000000064e+03
2.367597670499999822e+03
2.351467424999999821e+03
2.336469360500000221e+03
2.320635993500000041e+03
2.305574497000000065e+03
2.290413439999999810e+03
2.275484236499999952e+03
2.260086575499999981e+03
2.245150721500000145e+03
2.230633754500000123e+03
2.215888986500000101e+03
2.201465131500000098e+03
2.185906628000000183e+03
2.172498021500000050e+03
2.158337961000000178e+03
2.143744627999999921e+03
2.128951510500000040e+03
2.114886196500000096e+03
2.100828615999999784e+03
2.085677802499999871e+03
2.072558651499999996e+03
2.059012478000000101e+03
2.045560529999999972e+03
2.030716160499999887e+03
2.017587837999999920e+03
2.004193485499999952e+03
1.990730810999999903e+03
1.977239099500000066e+03
1.963290786000000026e+03
1.950191354499999989e+03
1.937344609499999933e+03
1.923892873499999951e+03
1.910514897000000019e+03
1.897189751500000057e+03
1.884254927499999894e+03
1.871036389500000041e+03
1.858043006999999989e+03
1.845273916999999983e+03
1.832732051499999898e+03
1.820053979000000027e+03
1.807148543499999960e+03
1.794599472999999989e+03
1.781942618999999922e+03
1.769294104000000061e+03
1.756374412500000062e+03
1.743596070000000054e+03
1.731664637999999968e+03
1.719117600000000039e+03
1.706728208499999937e+03
1.694760342999999921e+03
1.681377218999999968e+03
1.669515443000000005e+03
1.657276215999999977e+03
1.644762507500000083e+03
1.632578686500000003e+03
1.620186723000000029e+03
1.607901635500000111e+03
1.595979334999999992e+03
1.584446382000000085e+03
1.572847234999999955e+03
1.560865763999999899e+03
1.548915305499999931e+03
1.536884809500000074e+03
1.525565938499999902e+03
1.514037024499999916e+03
1.501951465999999982e+03
1.490324826000000030e+03
1.478332084500000065e+03
1.467856980999999905e+03
1.455847359500000039e+03
1.444641591500000004e+03
1.432511972999999898e+03
1.421152462499999956e+03
1.408977869999999939e+03
1.397895468500000106e+03
1.386683916499999896e+03
1.375740497499999947e+03
1.364501784999999927e+03
1.352928848499999958e+03
1.341753674499999988e+03
1.330010160999999925e+03
1.319209503000000041e+03
1.307647637000000032e+03
1.296870636999999988e+03
1.285084117000000106e+03
1.274831161500000007e+03
1.263852104999999938e+03
1.252704197000000022e+03
1.242155020500000091e+03
1.230298587499999940e+03
1.219531324000000041e+03
1.208434909000000061e+03
1.197233686499999976e+03
1.186531921499999953e+03
1.175789043499999934e+03
1.164774384499999996e+03
1.153780021000000033e+03
1.143309238499999992e+03
1.132692403999999897e+03
1.121651438500000040e+03
1.111371449499999926e+03
1.100369635499999958e+03
1.090084158500000058e+03
1.079910133999999971e+03
1.069006558000000041e+03
1.058419636000000082e+03
1.047920259499999929e+03
1.037777975499999911e+03
1.027508600999999999e+03
1.016719600000000014e+03
1.006011370000000056e+03
9.953503385000000208e+02
9.854306414999999788e+02
9.745712140000000545e+02
9.644542934999999488e+02
9.532130110000000514e+02
9.432154195000000527e+02
9.330131079999999884e+02
9.226358575000000428e+02
9.124555070000000114e+02
9.021054715000000215e+02
8.924251090000000204e+02
8.817305904999999484e+02
8.718399004999999988e+02
8.610686594999999670e+02
8.513410914999999477e+02
8.407217719999999872e+02
8.308072965000000067e+02
8.207061284999999771e+02
8.107067630000000236e+02
8.006498739999999543e+02
7.906107759999999871e+02
7.803401939999999968e+02
7.703918814999999540e+02
7.599997100000000501e+02
7.501374090000000479e+02
7.402998720000000503e+02
7.300560185000000502e+02
7.202007200000000466e+02
7.107242995000000292e+02
7.007472944999999527e+02
6.910440364999999474e+02
6.811594479999999976e+02
6.712496254999999792e+02
6.615150334999999586e+02
6.514144939999999906e+02
6.420215074999999842e+02
6.321830834999999524e+02
6.226714500000000498e+02
6.125341855000000351e+02
6.030916734999999562e+02
5.930810050000000047e+02
5.837677515000000312e+02
5.735112984999999526e+02
5.639928210000000490e+02
5.540650829999999587e+02
5.441566559999999981e+02
5.344569354999999860e+02
5.248339985000000070e+02
5.150780684999999721e+02
5.052745939999999791e+02
4.957426404999999932e+02
4.861531044999999835e+02
4.764310269999999718e+02
4.669997569999999882e+02
4.576612759999999867e+02
4.480159899999999880e+02
4.385834280000000263e+02
4.294550140000000056e+02
4.196238675000000171e+02
4.107133094999999798e+02
4.011880724999999757e+02
3.918941570000000070e+02
3.821710694999999873e+02
3.728758134999999925e+02
3.639909574999999791e+02
3.542224395000000072e+02
3.449862484999999879e+02
3.354501245000000154e+02
3.258054799999999886e+02
3.163262639999999806e+02
3.068507745000000000e+02
2.979018785000000094e+02
2.883966469999999731e+02
2.789826034999999820e+02
2.696332550000000197e+02
2.603055345000000216e+02
2.509882910000000038e+02
2.416719280000000083e+02
2.324801415000000020e+02
2.232314655000000130e+02
2.139132539999999949e+02
2.047863844999999969e+02
1.955813860000000091e+02
1.864160640000000058e+02
1.772661765000000003e+02
1.682325194999999951e+02
1.589931880000000035e+02
1.498941169999999943e+02
1.407063244999999938e+02
1.315244394999999997e+02
1.224476290000000063e+02
1.131983960000000025e+02
1.040304519999999968e+02
9.474009800000000325e+01
8.564327199999999607e+01
7.662372849999999858e+01
6.756885850000000460e+01
5.849021749999999997e+01
4.957183599999999757e+01
4.053341950000000082e+01
3.148277849999999844e+01
2.247929450000000173e+01
1.345662500000000072e+01
4.485872999999999777e+00
L=10.0,N=1500,T=1.0,r=0.121,eta=0.6899408706181224,t=27355.049723386765s