0.000000000000000000e+00
0.000000000000000000e+00
0.000000000000000000e+00
0.000000000000000000e+00
0.000000000000000000e+00
0.000000000000000000e+00
0.000000000000000000e+00
0.000000000000000000e+00
0.000000000000000000e+00
0.000000000000000000e+00
0.000000000000000000e+00
0.000000000000000000e+00
0.000000000000000000e+00
0.000000000000000000e+00
0.000000000000000000e+00
0.000000000000000000e+00
0.000000000000000000e+00
0.000000000000000000e+00
0.000000000000000000e+00
0.000000000000000000e+00
0.000000000000000000e+00
0.000000000000000000e+00
0.000000000000000000e+00
0.000000000000000000e+00
0.000000000000000000e+00
0.000000000000000000e+00
0.000000000000000000e+00
0.000000000000000000e+00
0.000000000000000000e+00
0.000000000000000000e+00
0.000000000000000000e+00
0.000000000000000000e+00
0.000000000000000000e+00
4.857083850000000211e+02
1.255782920000000104e+03
1.046088050500000008e+03
8.762362480000000460e+02
7.377024095000000443e+02
6.247261885000000348e+02
5.317521014999999807e+02
4.556441654999999855e+02
3.928888660000000073e+02
3.410680039999999735e+02
2.984537095000000022e+02
2.631884479999999940e+02
2.342557950000000062e+02
2.105755195000000128e+02
1.915484774999999900e+02
1.763780854999999974e+02
1.646872324999999933e+02
1.558932824999999980e+02
1.502746984999999995e+02
1.474167529999999999e+02
1.478382929999999931e+02
1.513003574999999898e+02
1.587577569999999980e+02
1.708342509999999947e+02
1.890813469999999938e+02
2.153387260000000083e+02
2.519086685000000045e+02
2.974075789999999984e+02
3.481142484999999738e+02
3.997194094999999834e+02
4.491349089999999933e+02
4.945870684999999867e+02
5.393873650000000453e+02
5.904498959999999670e+02
6.829939435000000003e+02
7.875645265000000563e+02
8.381825079999999843e+02
8.513447830000000067e+02
8.393744374999999991e+02
8.120124875000000202e+02
7.755268485000000283e+02
7.339921229999999923e+02
6.907584624999999505e+02
6.479360779999999522e+02
6.064263805000000502e+02
5.675903419999999642e+02
5.322228655000000117e+02
5.000183020000000056e+02
4.714646124999999870e+02
4.469884779999999864e+02
4.268361459999999852e+02
4.106419885000000249e+02
3.989239395000000172e+02
3.919476495000000114e+02
3.903149475000000166e+02
3.943667745000000195e+02
4.054043404999999893e+02
4.235965810000000147e+02
4.506915885000000230e+02
4.868164039999999773e+02
5.312914650000000165e+02
5.826333580000000438e+02
6.375627990000000409e+02
6.929437785000000076e+02
7.458152939999999944e+02
7.931033555000000206e+02
8.345292875000000095e+02
8.705693224999999984e+02
9.023670919999999569e+02
9.296049359999999524e+02
9.479781420000000480e+02
9.568901489999999512e+02
9.558272909999999456e+02
9.472733140000000276e+02
9.327686260000000402e+02
9.125648535000000265e+02
8.900133694999999534e+02
8.649829290000000128e+02
8.387375815000000330e+02
8.129042755000000398e+02
7.877643375000000106e+02
7.638190550000000485e+02
7.418345010000000457e+02
7.224939174999999523e+02
7.059935339999999542e+02
6.930649829999999838e+02
6.841348420000000488e+02
6.799595580000000155e+02
6.808070235000000139e+02
6.871589555000000473e+02
6.994178405000000112e+02
7.178043259999999464e+02
7.428223225000000411e+02
7.739245439999999689e+02
8.106789750000000367e+02
8.509828565000000253e+02
8.944770334999999477e+02
9.377005080000000135e+02
9.800364335000000438e+02
1.018337143999999967e+03
1.052936034500000005e+03
1.081549946000000091e+03
1.104580232499999966e+03
1.121732347500000060e+03
1.132630834999999934e+03
1.136940857499999993e+03
1.136202152000000069e+03
1.130397500499999978e+03
1.120608260499999915e+03
1.107861595000000079e+03
1.092294883999999911e+03
1.075584818499999983e+03
1.057954555999999911e+03
1.040753904500000090e+03
1.023857711999999992e+03
1.008674519499999974e+03
9.945463475000000244e+02
9.827920769999999493e+02
9.739490240000000085e+02
9.678690884999999753e+02
9.649203185000000076e+02
9.659502294999999776e+02
9.714337584999999535e+02
9.805873559999999998e+02
9.939293834999999717e+02
1.011526371000000040e+03
1.033265854499999932e+03
1.057556360000000041e+03
1.086435103499999968e+03
1.115953105000000050e+03
1.147436427000000094e+03
1.178448307500000055e+03
1.208305348000000095e+03
1.236472328999999945e+03
1.262114915999999994e+03
1.284601102000000083e+03
1.302591552999999976e+03
1.316563949500000035e+03
1.326539444999999887e+03
1.331832323999999971e+03
1.333686328999999887e+03
1.331428754499999968e+03
1.326120732500000031e+03
1.318479225499999984e+03
1.308393709500000114e+03
1.297871779500000002e+03
1.286190107500000067e+03
1.275144365999999991e+03
1.264384878000000072e+03
1.254100439000000051e+03
1.245565155499999946e+03
1.239823654999999917e+03
1.236123756499999899e+03
1.234693183000000090e+03
1.236515769999999975e+03
1.240697303500000089e+03
1.248221463000000085e+03
1.259426928999999973e+03
1.272868829499999947e+03
1.289348127499999919e+03
1.308401477999999997e+03
1.328133110499999930e+03
1.350975635999999895e+03
1.373897541000000047e+03
1.396792924000000085e+03
1.419676285000000007e+03
1.441354057499999954e+03
1.462025881999999910e+03
1.480789117999999917e+03
1.497002122000000099e+03
1.510948814999999968e+03
1.522135753000000022e+03
1.530854866500000071e+03
1.536383644499999946e+03
1.539290265000000090e+03
1.540168719000000010e+03
1.538822098999999980e+03
1.535317250500000000e+03
1.530778902499999958e+03
1.524948053000000073e+03
1.519234529000000066e+03
1.513024926499999992e+03
1.507675287999999910e+03
1.502282802499999889e+03
1.498365070500000002e+03
1.496300222000000076e+03
1.496124424999999974e+03
1.498068382500000098e+03
1.501127855499999896e+03
1.507204960999999912e+03
1.516206007499999942e+03
1.526569874499999969e+03
1.539606698000000051e+03
1.553829316500000004e+03
1.570213163500000064e+03
1.586895950500000026e+03
1.604541229500000100e+03
1.623362688500000104e+03
1.641138019499999928e+03
1.658963881500000070e+03
1.675559466500000099e+03
1.691962305999999899e+03
1.706186603000000105e+03
1.719182203500000014e+03
1.729836929499999997e+03
1.738845000000000027e+03
1.746048010499999918e+03
1.751245738000000074e+03
1.755491487000000006e+03
1.757826324500000055e+03
1.758543760999999904e+03
1.758720739999999978e+03
1.757015509000000065e+03
1.755313180500000044e+03
1.753677584499999966e+03
1.751789849999999888e+03
1.750350558500000034e+03
1.749047039499999983e+03
1.749061319500000081e+03
1.750517399500000010e+03
1.751995740999999953e+03
1.756769238000000087e+03
1.761957633499999929e+03
1.768445030000000088e+03
1.776873264500000005e+03
1.786499169500000107e+03
1.798021271999999954e+03
1.810690937999999960e+03
1.824039406999999983e+03
1.838208300499999950e+03
1.852533431500000006e+03
1.867853422500000079e+03
1.882504745499999899e+03
1.896539177000000109e+03
1.910444138000000066e+03
1.923173586999999998e+03
1.934906840500000044e+03
1.945598025000000007e+03
1.954589877500000057e+03
1.962751154000000042e+03
1.970088760000000093e+03
1.975025253000000021e+03
1.979447541499999943e+03
1.982734308499999997e+03
1.985600331999999980e+03
1.987450012000000015e+03
1.988493157000000110e+03
1.989407277499999964e+03
1.990433438000000024e+03
1.992037172499999997e+03
1.993027080999999953e+03
1.994428280000000086e+03
1.996767698999999993e+03
2.000232120500000065e+03
2.004543437000000040e+03
2.009910324499999888e+03
2.015734895499999993e+03
2.023427101499999935e+03
2.032435028000000102e+03
2.040442162499999995e+03
2.051106613999999809e+03
2.062203470500000094e+03
2.073814929000000120e+03
2.085821860000000015e+03
2.097916539499999999e+03
2.110185510499999964e+03
2.122487818999999945e+03
2.134288055999999870e+03
2.145633499999999913e+03
2.156371147500000006e+03
2.166379808499999854e+03
2.175508766999999807e+03
2.183562449000000015e+03
2.191863611000000219e+03
2.198203943500000150e+03
2.203680539500000123e+03
2.209142687500000193e+03
2.213012340499999937e+03
2.217374796499999775e+03
2.220384647500000028e+03
2.223337919999999940e+03
2.226284172000000126e+03
2.229045320000000174e+03
2.232380723499999931e+03
2.235291286499999842e+03
2.239126703999999791e+03
2.243204771499999879e+03
2.247984524999999849e+03
2.253300748499999827e+03
2.259213774500000000e+03
2.266037174000000050e+03
2.273463420000000042e+03
2.281733647999999903e+03
2.290716996000000108e+03
2.299806142999999793e+03
2.309902544000000034e+03
2.320321942000000035e+03
2.330778846000000158e+03
2.341589074500000152e+03
2.351836792000000059e+03
2.362101197999999840e+03
2.371606290499999886e+03
2.382047360999999910e+03
2.390968602500000088e+03
2.400385011500000019e+03
2.408473635500000000e+03
2.416725319000000127e+03
2.424112345500000174e+03
2.430107438500000171e+03
2.435709210999999868e+03
2.442019770500000050e+03
2.447076904500000182e+03
2.452011374000000160e+03
2.455866430999999920e+03
2.460263156500000150e+03
2.464452955499999916e+03
2.468469332499999837e+03
2.473119017500000155e+03
2.478154396999999790e+03
2.482707045499999822e+03
2.488678578000000016e+03
2.493475183999999899e+03
2.499538538499999959e+03
2.505864212500000122e+03
2.512872914000000037e+03
2.520579057500000090e+03
2.528888852500000212e+03
2.537146417500000098e+03
2.545992107500000202e+03
2.554729276000000027e+03
2.564573397499999828e+03
2.573718803499999922e+03
2.583005843999999797e+03
2.592678909499999918e+03
2.601455472000000100e+03
2.610543509000000086e+03
2.619337889500000074e+03
2.628068363500000032e+03
2.635529733500000020e+03
2.643455352500000117e+03
2.651402497999999923e+03
2.658230915499999810e+03
2.665286334500000066e+03
2.670927404999999908e+03
2.677111178499999824e+03
2.683365260999999919e+03
2.688423319999999876e+03
2.693138563500000146e+03
2.698705995499999972e+03
2.703356359500000053e+03
2.709109084000000166e+03
2.714308574499999850e+03
2.720102198999999928e+03
2.725871093000000201e+03
2.731517637500000092e+03
2.737940822000000026e+03
2.744040350499999931e+03
2.750875500499999816e+03
2.758584427499999947e+03
2.765871474999999919e+03
2.773002735000000030e+03
2.781589568500000041e+03
2.789905229999999847e+03
2.798431677999999920e+03
2.806067877500000122e+03
2.815615091000000120e+03
2.823610533500000201e+03
2.832941737999999987e+03
2.840572886999999810e+03
2.849585322500000075e+03
2.857959913000000142e+03
2.865377104499999859e+03
2.873135263000000123e+03
2.880934053500000118e+03
2.887912683999999899e+03
2.894832019999999829e+03
2.901292431500000021e+03
2.908129399500000090e+03
2.913973234500000217e+03
2.920802103500000158e+03
2.926144498999999996e+03
2.932396365499999774e+03
2.937539928499999860e+03
2.943264759499999855e+03
2.949123207999999977e+03
2.955129127000000153e+03
2.962159353500000179e+03
2.967891877000000022e+03
2.974275071999999909e+03
2.980708615500000178e+03
2.987824115999999776e+03
2.994078047999999853e+03
3.001642378500000177e+03
3.008989168999999947e+03
3.016901657500000056e+03
3.024607113500000196e+03
3.032485916000000088e+03
3.040562296499999775e+03
3.047920466000000033e+03
3.056376540000000205e+03
3.064445760999999948e+03
3.072447596500000145e+03
3.080817153999999846e+03
3.088408421499999804e+03
3.096382174500000019e+03
3.104607055500000115e+03
3.111421381999999994e+03
3.118628023000000212e+03
3.126253341999999975e+03
3.132357818500000121e+03
3.139048247499999889e+03
3.145776052499999878e+03
3.152305264999999963e+03
3.159149951500000043e+03
3.165323471499999869e+03
3.171595365499999843e+03
3.177504927500000122e+03
3.183435977000000094e+03
3.189436470000000099e+03
3.196447571000000153e+03
3.203027533999999832e+03
3.209428347500000200e+03
3.215645869999999832e+03
3.222942492499999844e+03
3.229960184000000027e+03
3.236682784000000083e+03
3.244582452000000103e+03
3.251277339499999925e+03
3.258794682000000194e+03
3.266719258000000082e+03
3.273931582499999877e+03
3.281473323000000164e+03
3.289668656499999997e+03
3.297644626499999958e+03
3.305100378999999975e+03
3.312577744499999881e+03
3.320273439000000053e+03
3.328359750999999960e+03
3.335579605999999785e+03
3.343032528000000184e+03
3.350429898500000036e+03
3.357451668000000154e+03
3.364364669500000218e+03
3.371464452000000165e+03
3.377825093999999808e+03
3.385046870000000126e+03
3.391291021500000170e+03
3.397755988500000058e+03
3.404753134999999929e+03
3.410627406499999779e+03
3.417523405500000081e+03
3.424224728499999856e+03
3.430147247500000049e+03
3.437054461499999888e+03
3.444236927500000093e+03
3.450735934499999985e+03
3.457692168000000038e+03
3.464427352000000155e+03
3.471325182999999925e+03
3.478751781999999821e+03
3.485579474000000118e+03
3.492890661500000078e+03
3.500332482499999969e+03
3.507562699000000066e+03
3.515489787500000148e+03
3.522693164499999966e+03
3.530590592500000184e+03
3.537603603000000021e+03
3.545969937500000015e+03
3.552831185999999889e+03
3.560094491500000004e+03
3.568019342999999935e+03
3.575435069499999827e+03
3.582112110999999913e+03
3.589554116499999964e+03
3.596632700999999997e+03
3.604038274500000171e+03
3.610269669499999964e+03
3.618008647999999994e+03
3.624153537000000142e+03
3.630494583499999862e+03
3.637400068500000089e+03
3.644216562000000067e+03
3.651231988999999885e+03
3.657625178499999947e+03
3.664387418499999967e+03
3.670454149499999858e+03
3.678155627999999979e+03
3.684684489499999927e+03
3.691441762500000095e+03
3.697993840499999806e+03
3.706048630499999945e+03
3.712790343000000121e+03
3.719959336500000063e+03
3.727406164999999874e+03
3.733928682499999923e+03
3.741619976999999835e+03
3.749045097000000169e+03
3.755926360999999815e+03
3.763213260999999875e+03
3.771215099000000009e+03
3.778077076500000203e+03
3.786193326000000070e+03
3.791990647499999795e+03
3.800765511000000060e+03
3.808410414999999830e+03
3.814631217000000106e+03
3.821997238500000094e+03
3.829437092499999835e+03
3.835966507999999976e+03
3.843317743999999948e+03
3.849988854499999889e+03
3.857798804999999902e+03
3.863996071500000198e+03
3.870391870999999810e+03
3.876952608999999939e+03
3.884835829499999818e+03
3.890827010500000142e+03
3.898325217499999781e+03
3.904873644499999955e+03
3.911379835499999899e+03
3.918511449999999968e+03
3.924986087000000225e+03
3.932481035499999962e+03
3.939025442499999826e+03
3.946398320499999954e+03
3.953363444999999956e+03
3.961526122499999929e+03
3.967568618499999957e+03
3.975010991999999987e+03
3.983058200500000112e+03
3.989695394500000020e+03
3.996889943499999845e+03
4.003012658499999816e+03
4.011644800000000032e+03
4.018684020000000146e+03
4.025383258500000011e+03
4.032818451000000096e+03
4.040635770500000035e+03
4.048445090000000164e+03
4.054997894000000088e+03
4.061621555000000171e+03
4.069146824999999808e+03
4.076539181000000099e+03
4.083172399999999925e+03
4.089582432499999868e+03
4.097263498999999683e+03
4.104369421499999589e+03
4.111210721000000376e+03
4.117347202500000094e+03
4.124693283999999949e+03
4.131480097499999829e+03
4.138130541499999708e+03
4.144976969000000281e+03
4.152104821500000071e+03
4.158871484500000406e+03
4.166090847499999654e+03
4.172365588499999831e+03
4.179798928000000160e+03
4.186823561500000324e+03
4.194988513000000239e+03
4.201315223499999775e+03
4.208737156999999570e+03
4.215728246499999841e+03
4.222977121500000067e+03
4.229989096000000245e+03
4.236840624000000389e+03
4.244136335500000314e+03
4.251730236000000332e+03
4.258947367499999928e+03
4.266441430500000024e+03
4.273448249500000202e+03
4.280422329500000160e+03
4.287810400499999560e+03
4.295349685999999565e+03
4.302202485499999966e+03
4.309606407999999647e+03
4.315853449000000182e+03
4.323015473000000384e+03
4.330111751000000368e+03
4.337340261000000282e+03
4.344065475499999593e+03
4.351405772500000239e+03
4.357887788500000170e+03
4.364748277499999858e+03
4.371363965999999891e+03
4.378539141999999629e+03
4.385977060999999594e+03
4.392441982500000449e+03
4.399140166000000136e+03
4.405938723999999638e+03
4.413492954999999711e+03
4.420628176000000167e+03
4.427545009999999820e+03
4.434741104499999892e+03
4.442045650000000023e+03
4.449649418500000138e+03
4.456435408500000449e+03
4.463790371000000050e+03
4.470129934499999763e+03
4.477724951500000316e+03
4.484579829500000415e+03
4.491843783999999687e+03
4.498947739999999612e+03
4.506731078499999967e+03
4.513789024499999869e+03
4.521146730000000389e+03
4.527781802000000425e+03
4.534828937999999653e+03
4.542617499500000122e+03
4.548896010999999817e+03
4.556294316499999695e+03
4.563559600999999930e+03
4.570439027000000351e+03
4.576989752000000408e+03
4.584167161499999565e+03
4.591610115000000405e+03
4.597918370499999583e+03
4.605293476499999997e+03
4.611843412999999600e+03
4.618506294499999967e+03
4.626314911000000393e+03
4.632678297000000384e+03
4.639607729499999550e+03
4.646972947500000373e+03
4.653994944500000202e+03
4.661192688500000259e+03
4.668479693500000394e+03
4.675173865499999920e+03
4.682447400000000016e+03
4.690240479500000220e+03
4.696865652999999838e+03
4.703645156499999757e+03
4.710744255499999781e+03
4.718673904999999650e+03
4.725326538500000424e+03
4.732014556000000084e+03
4.739301457499999742e+03
4.746721325999999863e+03
4.754262920500000291e+03
4.761384740499999680e+03
4.767726640500000030e+03
4.775364999000000353e+03
4.782428186500000265e+03
4.789008668999999827e+03
4.795890415500000017e+03
4.803284202499999992e+03
4.810294889499999954e+03
4.817589974499999698e+03
4.824037465499999598e+03
4.831375995999999759e+03
4.838445792499999698e+03
4.845437187499999709e+03
4.852250582499999837e+03
4.860341529000000264e+03
4.866439398499999697e+03
4.872829693499999848e+03
4.880411092000000281e+03
4.887316354499999761e+03
4.894551352999999835e+03
4.901631819999999607e+03
4.909325766500000100e+03
4.915863292000000001e+03
4.923276969499999723e+03
4.929857103000000279e+03
4.937087867500000357e+03
4.944195053999999800e+03
4.951431324999999561e+03
4.958265885499999968e+03
4.965823376999999709e+03
4.972897944500000449e+03
4.980376126500000282e+03
4.987693202000000383e+03
4.993680261499999688e+03
4.810315472999999656e+03
4.610211680999999771e+03
4.492263160999999855e+03
4.397667943499999637e+03
4.317782439999999951e+03
4.246606882000000041e+03
4.183016254000000117e+03
4.124404757000000245e+03
4.070243101000000024e+03
4.019279171499999848e+03
3.971124335500000143e+03
3.925800823500000206e+03
3.881848396500000035e+03
3.840323438500000066e+03
3.801007342500000050e+03
3.762449484499999926e+03
3.725412554000000000e+03
3.689671421999999893e+03
3.654432935499999985e+03
3.621118793000000096e+03
3.588035108000000037e+03
3.556943638000000192e+03
3.525199523499999941e+03
3.495176735000000008e+03
3.465919303000000127e+03
3.436939013499999874e+03
3.408840556499999821e+03
3.380353994999999941e+03
3.354210107500000049e+03
3.327281454999999823e+03
3.301301000999999815e+03
3.275838496500000019e+03
3.250759754499999872e+03
3.224780613500000072e+03
3.201092470000000048e+03
3.177279585000000225e+03
3.153192328999999972e+03
3.129744636999999784e+03
3.106610499500000060e+03
3.083449416500000098e+03
3.061258760499999880e+03
3.039526768499999889e+03
3.017620848500000193e+03
2.996357889500000056e+03
2.975807482499999878e+03
2.954962691499999892e+03
2.933931505500000185e+03
2.913100274500000069e+03
2.893289029999999912e+03
2.873524305500000082e+03
2.853551853999999821e+03
2.833969157500000165e+03
2.815056931499999791e+03
2.795364912500000173e+03
2.777084710000000086e+03
2.758121258499999840e+03
2.739288255999999819e+03
2.721016680000000179e+03
2.702632803500000136e+03
2.684628881499999807e+03
2.666645114999999805e+03
2.649405475999999908e+03
2.630939326499999879e+03
2.613650317499999801e+03
2.596721289499999784e+03
2.579532294499999807e+03
2.562257646500000192e+03
2.545304028000000017e+03
2.528595056999999997e+03
2.511412910500000180e+03
2.495111635499999920e+03
2.478711355500000082e+03
2.462177477499999895e+03
2.445983515500000067e+03
2.429750791500000105e+03
2.413941895999999815e+03
2.398243450500000108e+03
2.382280278499999895e+03
2.366693326499999785e+03
2.351854635000000144e+03
2.335779578499999843e+03
2.320428835499999877e+03
2.305462761499999942e+03
2.290106437500000084e+03
2.275194808000000194e+03
2.260362793499999952e+03
2.245577994499999932e+03
2.231011213499999940e+03
2.216188606000000163e+03
2.201557928000000175e+03
2.186940531000000192e+03
2.172412741999999980e+03
2.157907346999999845e+03
2.144256771500000013e+03
2.129642773500000203e+03
2.115629844500000218e+03
2.101257630499999777e+03
2.086833707499999946e+03
2.073126763499999925e+03
2.059215791000000081e+03
2.045058161500000097e+03
2.031294356500000049e+03
2.017933070000000043e+03
2.003504124499999989e+03
1.990098829999999907e+03
1.976952780000000075e+03
1.963428198999999950e+03
1.949855462499999931e+03
1.936591388000000052e+03
1.923332573500000080e+03
1.910269448000000011e+03
1.897084616000000096e+03
1.884309359000000086e+03
1.871546566499999926e+03
1.858413537500000075e+03
1.844830592999999908e+03
1.832253329500000063e+03
1.819999575999999934e+03
1.807159286500000007e+03
1.794339171999999962e+03
1.781700505499999963e+03
1.768835150999999996e+03
1.756417196000000104e+03
1.743723613500000056e+03
1.731266037500000039e+03
1.719061228000000028e+03
1.706919878500000095e+03
1.694684553999999935e+03
1.682211050999999998e+03
1.669766255000000001e+03
1.657284251000000040e+03
1.645200283500000069e+03
1.633158674499999961e+03
1.621018851499999982e+03
1.608768101999999999e+03
1.597157886499999904e+03
1.584658695999999964e+03
1.572488063499999953e+03
1.560399987499999952e+03
1.549109749499999907e+03
1.537443622499999947e+03
1.525256427999999914e+03
1.513054432500000075e+03
1.501521942000000081e+03
1.490264693500000021e+03
1.478285628500000030e+03
1.466740547999999990e+03
1.455310193000000027e+03
1.443765205500000093e+03
1.432183277500000031e+03
1.421367647499999975e+03
1.409496154500000102e+03
1.397992021999999906e+03
1.386938425499999994e+03
1.375228587000000061e+03
1.364141725499999893e+03
1.352693160499999976e+03
1.341318107000000055e+03
1.330259098499999936e+03
1.319201689499999929e+03
1.308519358000000011e+03
1.296896146999999928e+03
1.285737536000000091e+03
1.274767757999999958e+03
1.263724146999999903e+03
1.252318755000000010e+03
1.241641032499999937e+03
1.230458268000000089e+03
1.219450409499999978e+03
1.208542421500000046e+03
1.197642442999999957e+03
1.186787299999999959e+03
1.176142871000000014e+03
1.165092861999999968e+03
1.154452371000000085e+03
1.143306499499999973e+03
1.132724378999999999e+03
1.121975794499999893e+03
1.111151751500000046e+03
1.100633438999999953e+03
1.090134301499999992e+03
1.079770106500000111e+03
1.068921379999999999e+03
1.058493369000000030e+03
1.047713637500000004e+03
1.037208219999999983e+03
1.026713518000000022e+03
1.016353463499999975e+03
1.005721981000000028e+03
9.951579385000000002e+02
9.846985594999999876e+02
9.745856105000000298e+02
9.642845690000000332e+02
9.536556735000000344e+02
9.435979160000000547e+02
9.332022349999999733e+02
9.229862154999999575e+02
9.125922369999999546e+02
9.021806984999999486e+02
8.920178704999999582e+02
8.819068939999999657e+02
8.717366935000000012e+02
8.612110934999999472e+02
8.511303215000000364e+02
8.412518440000000055e+02
8.306428075000000035e+02
8.205405064999999922e+02
8.106712234999999964e+02
8.004184040000000095e+02
7.902687499999999545e+02
7.804597589999999627e+02
7.703071425000000545e+02
7.603448009999999613e+02
7.503474234999999908e+02
7.403973694999999680e+02
7.305958785000000262e+02
7.206962784999999485e+02
7.105424219999999877e+02
7.009748614999999745e+02
6.907605929999999717e+02
6.810346950000000561e+02
6.710724589999999807e+02
6.612532915000000457e+02
6.514301169999999956e+02
6.419498575000000073e+02
6.319520850000000110e+02
6.223670524999999998e+02
6.125089510000000246e+02
6.024831179999999904e+02
5.931005599999999731e+02
5.831685344999999643e+02
5.734755985000000464e+02
5.636256604999999809e+02
5.542380319999999756e+02
5.442653940000000148e+02
5.346061885000000302e+02
5.251924500000000080e+02
5.153354755000000296e+02
5.057937034999999923e+02
4.960878364999999803e+02
4.866661470000000236e+02
4.770256299999999783e+02
4.673215304999999944e+02
4.579390890000000240e+02
4.483094384999999988e+02
4.388796164999999974e+02
4.296770745000000034e+02
4.198293135000000120e+02
4.104608190000000150e+02
4.010860270000000014e+02
3.913992489999999975e+02
3.819953985000000216e+02
3.726292035000000169e+02
3.630465980000000172e+02
3.536677394999999819e+02
3.443834954999999809e+02
3.350233809999999721e+02
3.255844169999999735e+02
3.165333024999999907e+02
3.068457755000000020e+02
2.976806225000000268e+02
2.883549704999999790e+02
2.790504445000000260e+02
2.697102160000000026e+02
2.605835240000000113e+02
2.511700715000000059e+02
2.418814010000000110e+02
2.325710190000000068e+02
2.233631870000000106e+02
2.141209024999999997e+02
2.048610810000000129e+02
1.957452265000000011e+02
1.863970480000000123e+02
1.772862264999999979e+02
1.681903205000000128e+02
1.590200475000000040e+02
1.499018925000000024e+02
1.406017244999999889e+02
1.314672290000000032e+02
1.222998999999999938e+02
1.132216844999999950e+02
1.041724959999999953e+02
9.505876449999999522e+01
8.588143200000000377e+01
7.683653900000000192e+01
6.777282250000000374e+01
5.865480749999999688e+01
4.960192349999999806e+01
4.057778400000000119e+01
3.149621199999999988e+01
2.253883700000000090e+01
1.351344650000000058e+01
4.499230500000000355e+00
L=10.0,N=1500,T=1.0,r=0.119,eta=0.6673214035122758,t=36207.34014773369s