0.000000000000000000e+00
0.000000000000000000e+00
2.500000000000000052e-03
1.710000000000000062e-02
2.069999999999999965e-02
2.089999999999999844e-02
2.769999999999999893e-02
3.209999999999999659e-02
3.640000000000000180e-02
3.880000000000000115e-02
4.809999999999999692e-02
5.029999999999999749e-02
5.240000000000000213e-02
5.800000000000000294e-02
6.550000000000000266e-02
6.909999999999999476e-02
7.220000000000000029e-02
7.729999999999999372e-02
8.469999999999999751e-02
8.749999999999999445e-02
8.300000000000000433e-02
1.032000000000000001e-01
9.510000000000000397e-02
1.078000000000000069e-01
1.110000000000000014e-01
1.218000000000000055e-01
1.149000000000000021e-01
1.297999999999999987e-01
1.333000000000000018e-01
1.307000000000000106e-01
1.243999999999999967e-01
1.441999999999999948e-01
1.443000000000000116e-01
1.459999999999999909e-01
1.449000000000000010e-01
1.418000000000000094e-01
1.698000000000000065e-01
1.711999999999999911e-01
1.605000000000000038e-01
1.774999999999999911e-01
1.781000000000000083e-01
1.801000000000000101e-01
1.774999999999999911e-01
1.857999999999999929e-01
1.824000000000000066e-01
1.932999999999999996e-01
1.988000000000000045e-01
2.063000000000000111e-01
2.262000000000000122e-01
2.164000000000000090e-01
2.265000000000000069e-01
2.325000000000000122e-01
2.356000000000000039e-01
2.437999999999999889e-01
2.462999999999999912e-01
2.394999999999999907e-01
2.487000000000000044e-01
2.661999999999999922e-01
2.610999999999999988e-01
2.661000000000000032e-01
2.721999999999999975e-01
2.703999999999999737e-01
2.706999999999999962e-01
2.798999999999999821e-01
2.802999999999999936e-01
2.988000000000000100e-01
2.980999999999999761e-01
2.862999999999999989e-01
2.913999999999999924e-01
3.131999999999999784e-01
3.045999999999999819e-01
2.495999999999999885e-01
2.255000000000000060e-01
2.132999999999999896e-01
1.960999999999999965e-01
1.885999999999999899e-01
1.688000000000000056e-01
1.623999999999999888e-01
1.496000000000000107e-01
1.393000000000000071e-01
1.317000000000000115e-01
1.212000000000000022e-01
1.026999999999999996e-01
1.014000000000000040e-01
9.719999999999999474e-02
8.500000000000000611e-02
7.969999999999999307e-02
6.940000000000000335e-02
6.959999999999999520e-02
6.410000000000000420e-02
5.299999999999999850e-02
5.009999999999999870e-02
4.649999999999999967e-02
4.120000000000000051e-02
3.109999999999999917e-02
2.570000000000000062e-02
1.899999999999999953e-02
1.349999999999999985e-02
7.700000000000000247e-03
3.399999999999999811e-03
