0.000000000000000000e+00
0.000000000000000000e+00
0.000000000000000000e+00
0.000000000000000000e+00
0.000000000000000000e+00
0.000000000000000000e+00
0.000000000000000000e+00
0.000000000000000000e+00
0.000000000000000000e+00
0.000000000000000000e+00
0.000000000000000000e+00
0.000000000000000000e+00
0.000000000000000000e+00
0.000000000000000000e+00
0.000000000000000000e+00
0.000000000000000000e+00
3.099999999999999891e-03
1.063000000000000056e-01
1.030999999999999972e-01
1.084999999999999992e-01
1.150999999999999940e-01
1.121999999999999942e-01
1.168000000000000010e-01
1.227000000000000035e-01
1.087999999999999939e-01
1.243999999999999967e-01
1.272000000000000075e-01
1.302999999999999992e-01
1.461999999999999966e-01
1.363999999999999935e-01
1.408000000000000085e-01
1.360999999999999988e-01
1.529000000000000081e-01
1.497999999999999887e-01
1.597999999999999976e-01
1.643999999999999906e-01
1.625999999999999945e-01
1.628999999999999893e-01
1.675999999999999990e-01
1.847000000000000031e-01
1.905000000000000027e-01
1.869000000000000106e-01
2.021999999999999909e-01
1.922999999999999987e-01
2.094000000000000028e-01
2.033999999999999975e-01
2.217000000000000082e-01
2.152999999999999914e-01
2.270000000000000073e-01
2.255000000000000060e-01
2.263999999999999901e-01
2.398000000000000131e-01
2.432999999999999885e-01
2.371999999999999942e-01
2.721000000000000085e-01
2.550999999999999934e-01
2.526999999999999802e-01
2.590999999999999970e-01
2.721000000000000085e-01
2.620999999999999996e-01
2.741000000000000103e-01
2.862000000000000099e-01
2.942000000000000171e-01
2.908000000000000029e-01
3.013000000000000123e-01
2.901000000000000245e-01
3.069999999999999951e-01
2.974999999999999867e-01
3.018000000000000127e-01
3.260000000000000120e-01
3.058000000000000163e-01
2.616999999999999882e-01
2.417999999999999872e-01
2.217999999999999972e-01
2.026999999999999913e-01
1.855999999999999872e-01
1.623999999999999888e-01
1.564000000000000112e-01
1.511000000000000121e-01
1.492999999999999883e-01
1.403000000000000080e-01
1.187000000000000000e-01
1.129000000000000004e-01
1.029999999999999943e-01
9.950000000000000511e-02
9.149999999999999800e-02
8.830000000000000349e-02
7.080000000000000182e-02
6.969999999999999807e-02
6.479999999999999649e-02
5.000000000000000278e-02
5.310000000000000137e-02
4.580000000000000043e-02
3.899999999999999994e-02
3.309999999999999748e-02
3.049999999999999933e-02
1.949999999999999997e-02
1.220000000000000077e-02
1.119999999999999989e-02
1.699999999999999905e-03
