0.000000000000000000e+00
0.000000000000000000e+00
0.000000000000000000e+00
0.000000000000000000e+00
0.000000000000000000e+00
0.000000000000000000e+00
0.000000000000000000e+00
0.000000000000000000e+00
0.000000000000000000e+00
0.000000000000000000e+00
0.000000000000000000e+00
0.000000000000000000e+00
0.000000000000000000e+00
0.000000000000000000e+00
0.000000000000000000e+00
0.000000000000000000e+00
0.000000000000000000e+00
0.000000000000000000e+00
0.000000000000000000e+00
0.000000000000000000e+00
0.000000000000000000e+00
0.000000000000000000e+00
0.000000000000000000e+00
0.000000000000000000e+00
0.000000000000000000e+00
0.000000000000000000e+00
0.000000000000000000e+00
0.000000000000000000e+00
0.000000000000000000e+00
0.000000000000000000e+00
0.000000000000000000e+00
0.000000000000000000e+00
0.000000000000000000e+00
0.000000000000000000e+00
0.000000000000000000e+00
0.000000000000000000e+00
0.000000000000000000e+00
0.000000000000000000e+00
0.000000000000000000e+00
0.000000000000000000e+00
0.000000000000000000e+00
0.000000000000000000e+00
0.000000000000000000e+00
0.000000000000000000e+00
0.000000000000000000e+00
6.820471999999999468e+01
8.966148800000000563e+01
8.774992600000000209e+01
8.561647200000000169e+01
8.368177000000000021e+01
8.168120000000000402e+01
7.975571399999999755e+01
7.815044399999999314e+01
7.647883799999999610e+01
7.493241399999999430e+01
7.318513599999999997e+01
7.164470799999999429e+01
7.019207400000000519e+01
6.867687800000000209e+01
6.745836199999999394e+01
6.616772400000000687e+01
6.507633199999999363e+01
6.393757399999999791e+01
6.293057600000000207e+01
6.157553200000000260e+01
6.087316400000000272e+01
5.996083000000000141e+01
5.921647000000000105e+01
5.855804799999999943e+01
5.773721199999999953e+01
5.696727200000000124e+01
5.644686000000000092e+01
5.618304799999999943e+01
5.570586200000000332e+01
5.533746200000000215e+01
5.519917600000000135e+01
5.512066800000000200e+01
5.495630599999999788e+01
5.510319400000000201e+01
5.512220400000000353e+01
5.553262200000000348e+01
5.600568799999999925e+01
5.640597999999999956e+01
5.712499799999999794e+01
5.798915600000000126e+01
5.903517200000000287e+01
6.019401400000000280e+01
6.159784199999999998e+01
6.316982999999999748e+01
6.533660399999999413e+01
6.806023999999999319e+01
7.149721999999999866e+01
7.447042600000000334e+01
7.756562399999999968e+01
8.009271400000000085e+01
8.245532400000000450e+01
8.476867799999999420e+01
8.660622600000000659e+01
8.867111199999999371e+01
9.016083199999999920e+01
9.165892999999999802e+01
9.318429199999999923e+01
9.427857000000000198e+01
9.518811800000000289e+01
9.605018200000000661e+01
9.683030800000000227e+01
9.770117199999999968e+01
9.852007600000000309e+01
9.893216400000000021e+01
9.949741799999999614e+01
1.001663420000000002e+02
1.005060880000000054e+02
1.009473639999999932e+02
1.011522219999999948e+02
1.013486819999999966e+02
1.019786900000000003e+02
1.019972900000000067e+02
1.022896659999999969e+02
1.025826739999999972e+02
1.028645460000000043e+02
1.029725519999999932e+02
1.032603639999999956e+02
1.037035180000000025e+02
1.041158360000000016e+02
1.045067020000000042e+02
1.048210499999999996e+02
1.051531140000000022e+02
1.056275640000000067e+02
1.062248340000000013e+02
1.066250280000000004e+02
1.072598380000000020e+02
1.080699860000000001e+02
1.086753779999999949e+02
1.096247440000000068e+02
1.104673020000000037e+02
1.112845200000000006e+02
1.122294679999999971e+02
1.134604960000000062e+02
1.145044560000000047e+02
1.154954340000000030e+02
1.170193459999999988e+02
1.181186579999999964e+02
1.193571740000000005e+02
1.203829460000000040e+02
1.217451599999999985e+02
1.227535979999999967e+02
1.240012679999999961e+02
1.252778840000000002e+02
1.265327680000000043e+02
1.275427580000000063e+02
1.285540039999999919e+02
1.301048920000000066e+02
1.304990819999999871e+02
1.317980660000000057e+02
1.326147159999999872e+02
1.336173799999999972e+02
1.345801480000000083e+02
1.355016919999999914e+02
1.363407100000000014e+02
1.371511319999999898e+02
1.379821399999999869e+02
1.386472780000000000e+02
1.395443060000000060e+02
1.404154900000000055e+02
1.412204460000000097e+02
1.420090179999999975e+02
1.426762520000000052e+02
1.434868060000000014e+02
1.439202559999999949e+02
1.446518800000000056e+02
1.455577719999999999e+02
1.460572139999999877e+02
1.469628140000000087e+02
1.475158079999999927e+02
1.482185680000000048e+02
1.489687800000000095e+02
1.496270100000000127e+02
1.503276620000000037e+02
1.510697600000000023e+02
1.518770000000000095e+02
1.526193039999999996e+02
1.531287560000000099e+02
1.541168439999999862e+02
1.549556939999999940e+02
1.558502000000000010e+02
1.565985340000000008e+02
1.575440759999999898e+02
1.584695800000000077e+02
1.593220279999999889e+02
1.599129000000000076e+02
1.607430740000000071e+02
1.617976740000000007e+02
1.626889119999999878e+02
1.637549539999999979e+02
1.649199279999999987e+02
1.655386120000000005e+02
1.666531459999999925e+02
1.675251059999999939e+02
1.683278799999999933e+02
1.693200260000000128e+02
1.704906080000000088e+02
1.712101519999999937e+02
1.722633319999999912e+02
1.731632439999999917e+02
1.738938579999999945e+02
1.746714379999999949e+02
1.758270080000000064e+02
1.766659879999999987e+02
1.773351759999999899e+02
1.784289939999999888e+02
1.791712780000000009e+02
1.802918699999999887e+02
1.807396760000000029e+02
1.817267019999999889e+02
1.824549599999999998e+02
1.834993499999999926e+02
1.844608499999999935e+02
1.849817879999999946e+02
1.859605320000000006e+02
1.865961959999999920e+02
1.875296500000000037e+02
1.883864839999999958e+02
1.891904000000000110e+02
1.900141920000000084e+02
1.909053940000000011e+02
1.914461420000000089e+02
1.924734100000000012e+02
1.933018160000000023e+02
1.938399719999999888e+02
1.946818600000000004e+02
1.957320339999999987e+02
1.967810760000000130e+02
1.970596539999999948e+02
1.980538760000000025e+02
1.989052819999999997e+02
1.994965320000000020e+02
2.006461979999999983e+02
2.014229960000000119e+02
2.024456959999999981e+02
2.030518480000000068e+02
2.039393320000000074e+02
2.050612299999999948e+02
2.056999539999999911e+02
2.066507799999999975e+02
2.073235620000000097e+02
2.081962780000000066e+02
2.091583200000000033e+02
2.099893360000000087e+02
2.109267380000000003e+02
2.119076379999999915e+02
2.125966259999999863e+02
2.136477020000000095e+02
2.142229379999999992e+02
2.154959599999999966e+02
2.161687619999999868e+02
2.170559920000000034e+02
2.179034100000000080e+02
2.186561900000000094e+02
2.197179959999999994e+02
2.206058920000000114e+02
2.216007119999999873e+02
2.223076700000000017e+02
2.231003179999999873e+02
2.238342660000000137e+02
2.247249679999999898e+02
2.255412159999999915e+02
2.266767900000000111e+02
2.273440359999999885e+02
2.282212619999999959e+02
2.288579699999999946e+02
2.294704920000000072e+02
2.308553159999999878e+02
2.313287060000000110e+02
2.324282599999999945e+02
2.332025099999999895e+02
2.339502300000000048e+02
2.347510000000000048e+02
2.359025579999999991e+02
2.367538140000000055e+02
2.375387299999999868e+02
2.383615560000000073e+02
2.388639880000000062e+02
2.397218379999999911e+02
2.406065600000000018e+02
2.414390080000000012e+02
2.424724160000000097e+02
2.432449459999999988e+02
2.441725240000000099e+02
2.453176359999999931e+02
2.454565059999999903e+02
2.465666960000000074e+02
2.474418239999999969e+02
2.481782300000000134e+02
2.490254239999999868e+02
2.496318139999999914e+02
2.509499460000000113e+02
2.515183040000000005e+02
2.525365160000000060e+02
2.534345280000000002e+02
2.544043279999999925e+02
2.552531920000000127e+02
2.560799380000000269e+02
2.570010419999999840e+02
2.577185000000000059e+02
2.587130660000000262e+02
2.594936359999999809e+02
2.602779939999999783e+02
2.611938299999999913e+02
2.620104699999999980e+02
2.629366880000000037e+02
2.641018619999999828e+02
2.646497620000000097e+02
2.655018660000000068e+02
2.661836159999999722e+02
2.675512160000000108e+02
2.679250319999999874e+02
2.687708099999999831e+02
2.697676660000000197e+02
2.704395620000000235e+02
2.713108659999999759e+02
2.723096360000000118e+02
2.730220719999999801e+02
2.738726399999999899e+02
2.748000020000000063e+02
2.756107279999999946e+02
2.764264660000000049e+02
2.773462480000000028e+02
2.780161320000000273e+02
2.790983019999999897e+02
2.796318899999999985e+02
2.809705839999999739e+02
2.812262719999999945e+02
2.825279679999999871e+02
2.834632379999999898e+02
2.840129239999999982e+02
2.846898100000000227e+02
2.858226700000000164e+02
2.865546939999999836e+02
2.873218919999999912e+02
2.881660459999999944e+02
2.891774599999999964e+02
2.903040639999999826e+02
2.908240420000000199e+02
2.917485839999999939e+02
2.927326899999999910e+02
2.932879619999999932e+02
2.942172860000000014e+02
2.949726059999999848e+02
2.957586640000000102e+02
2.965006539999999973e+02
2.976925340000000233e+02
2.983948899999999753e+02
2.995800340000000119e+02
3.001759279999999990e+02
3.011449620000000209e+02
3.018514359999999783e+02
3.027747539999999731e+02
3.035478519999999776e+02
3.044319259999999758e+02
3.054587040000000115e+02
3.062915340000000128e+02
3.069868979999999965e+02
3.077452319999999872e+02
3.087250440000000253e+02
3.099453599999999938e+02
3.105537560000000212e+02
3.114450679999999920e+02
3.120513460000000237e+02
3.131491619999999898e+02
3.136115940000000251e+02
3.146520140000000083e+02
3.156153540000000248e+02
3.161955120000000079e+02
3.173459399999999846e+02
3.178910379999999805e+02
3.189202339999999936e+02
3.196188599999999838e+02
3.208116319999999746e+02
3.214338240000000155e+02
3.223935399999999731e+02
3.228192540000000008e+02
3.240862079999999992e+02
3.246262140000000045e+02
3.255696659999999838e+02
3.262541439999999966e+02
3.271182160000000181e+02
3.281339780000000133e+02
3.290721379999999954e+02
3.301978899999999726e+02
3.309285980000000222e+02
3.320890019999999936e+02
3.327046559999999999e+02
3.331422580000000266e+02
3.341329059999999913e+02
3.350203080000000000e+02
3.357728680000000168e+02
3.368809219999999982e+02
3.378216380000000072e+02
3.387274980000000255e+02
3.389519859999999767e+02
3.400794539999999984e+02
3.408174900000000207e+02
3.416532619999999838e+02
3.426806220000000280e+02
3.434596500000000106e+02
3.443038119999999935e+02
3.456612039999999979e+02
3.460447320000000104e+02
3.470423759999999902e+02
3.477610040000000140e+02
3.488676039999999716e+02
3.494197439999999801e+02
3.502983019999999783e+02
3.511696600000000217e+02
3.518153560000000084e+02
3.528066959999999881e+02
3.539041900000000282e+02
3.544937519999999722e+02
3.553643460000000118e+02
3.564265839999999912e+02
3.572093540000000189e+02
3.579810259999999857e+02
3.587135299999999916e+02
3.595934280000000172e+02
3.603368500000000267e+02
3.614689880000000244e+02
3.623256180000000199e+02
3.629116579999999885e+02
3.640628939999999716e+02
3.646727119999999900e+02
3.657697679999999991e+02
3.663988019999999892e+02
3.674974520000000098e+02
3.679537439999999719e+02
3.686871300000000247e+02
3.695520200000000273e+02
3.705684420000000046e+02
3.717603340000000003e+02
3.722935360000000173e+02
3.734705379999999764e+02
3.743576899999999910e+02
3.749502160000000117e+02
3.757072840000000156e+02
3.765462259999999901e+02
3.773310339999999883e+02
3.784402820000000247e+02
3.792322500000000218e+02
3.800055019999999786e+02
3.811175099999999816e+02
3.815891080000000102e+02
3.831005200000000173e+02
3.835145739999999819e+02
3.841916979999999739e+02
3.852271539999999845e+02
3.857336359999999900e+02
3.871468600000000038e+02
3.881310300000000097e+02
3.884936680000000138e+02
3.895412460000000010e+02
3.899913139999999885e+02
3.912688719999999876e+02
3.919263040000000160e+02
3.927476520000000164e+02
3.933859780000000228e+02
3.945407779999999889e+02
3.953543680000000222e+02
3.958790220000000204e+02
3.970800800000000095e+02
3.981132519999999886e+02
3.983502799999999979e+02
3.997522799999999847e+02
4.004738320000000158e+02
4.012737200000000257e+02
4.017217459999999960e+02
4.029550239999999803e+02
4.036552120000000059e+02
4.045703179999999861e+02
4.051135620000000017e+02
4.059601979999999912e+02
4.073263999999999783e+02
4.082043540000000235e+02
4.091213420000000269e+02
4.095908699999999953e+02
4.106987020000000257e+02
4.115997960000000262e+02
4.124551619999999730e+02
4.132208979999999769e+02
4.133776760000000081e+02
4.151600700000000188e+02
4.158463960000000270e+02
4.164994839999999954e+02
4.175260599999999727e+02
4.183151359999999954e+02
4.191364980000000173e+02
4.196702240000000188e+02
4.209856100000000083e+02
4.221428559999999948e+02
4.226074320000000171e+02
4.236580400000000282e+02
4.242776620000000207e+02
4.252040660000000116e+02
4.259433359999999880e+02
4.269926360000000045e+02
4.275075840000000085e+02
4.281644200000000069e+02
4.294966860000000111e+02
4.302321800000000280e+02
4.309585940000000051e+02
4.321802460000000110e+02
4.331667679999999905e+02
4.334143779999999992e+02
4.342930979999999863e+02
4.353672440000000279e+02
4.359446800000000053e+02
4.370474080000000185e+02
4.379794519999999807e+02
4.386401460000000156e+02
4.394010660000000144e+02
4.400403979999999819e+02
4.412335340000000201e+02
4.417161659999999870e+02
4.428896139999999946e+02
4.435582580000000235e+02
4.445784419999999955e+02
4.454078880000000140e+02
4.462637700000000223e+02
4.469235980000000268e+02
4.478653140000000121e+02
4.488283680000000118e+02
4.494840940000000273e+02
4.505244359999999801e+02
4.513298980000000142e+02
4.521216600000000199e+02
4.534799320000000193e+02
4.537664780000000064e+02
4.545018000000000029e+02
4.554076459999999997e+02
4.566056479999999738e+02
4.570966760000000022e+02
4.580048639999999978e+02
4.589488279999999918e+02
4.602557899999999904e+02
4.610617340000000013e+02
4.617809839999999895e+02
4.624194499999999834e+02
4.629547680000000014e+02
4.642708680000000072e+02
4.651252279999999928e+02
4.661058980000000247e+02
4.664373699999999872e+02
4.676196419999999989e+02
4.681817720000000236e+02
4.692740660000000048e+02
4.699109220000000278e+02
4.712584239999999909e+02
4.721729980000000069e+02
4.730316040000000157e+02
4.733444559999999797e+02
4.740432559999999853e+02
4.749631299999999783e+02
4.762455640000000017e+02
4.768044939999999769e+02
4.776153820000000110e+02
4.788714820000000145e+02
4.795974059999999781e+02
4.803493700000000217e+02
4.813281200000000126e+02
4.819538420000000087e+02
4.830326739999999859e+02
4.837426520000000210e+02
4.841271479999999769e+02
4.854559120000000121e+02
4.860735359999999901e+02
4.872174360000000206e+02
4.877484360000000265e+02
4.884801800000000185e+02
4.891064840000000231e+02
4.904743260000000191e+02
4.911189059999999813e+02
4.920221080000000029e+02
4.927934040000000095e+02
4.941426000000000158e+02
4.950260480000000030e+02
4.954577939999999785e+02
4.963353220000000192e+02
4.969272300000000087e+02
4.981966380000000072e+02
4.992283860000000004e+02
4.997400460000000066e+02
5.007128839999999741e+02
5.013600660000000175e+02
5.025017799999999966e+02
5.031954299999999876e+02
5.037228880000000117e+02
5.048809780000000274e+02
5.056448879999999804e+02
5.060157159999999976e+02
5.075901840000000220e+02
5.082397700000000214e+02
5.091220979999999940e+02
5.097717979999999898e+02
5.105187520000000063e+02
5.118308539999999880e+02
5.125579320000000507e+02
5.136439299999999548e+02
5.143407079999999496e+02
5.152103660000000218e+02
5.158393379999999979e+02
5.169850300000000516e+02
5.175045199999999568e+02
5.186150199999999586e+02
5.196317540000000008e+02
5.207592939999999544e+02
5.210550879999999552e+02
5.219518020000000433e+02
5.225131280000000515e+02
5.238498660000000200e+02
5.248525979999999436e+02
5.254035939999999982e+02
5.257265579999999545e+02
5.269950159999999642e+02
5.279496820000000525e+02
5.288794779999999491e+02
5.291018800000000510e+02
5.303454880000000458e+02
5.311723799999999756e+02
5.318774979999999459e+02
5.329801899999999932e+02
5.336251300000000128e+02
5.343886159999999563e+02
5.356853280000000268e+02
5.360360799999999699e+02
5.370695040000000517e+02
5.380068220000000565e+02
5.388071579999999585e+02
5.393395620000000008e+02
5.407371600000000171e+02
5.416006200000000490e+02
5.423449180000000069e+02
5.429093699999999671e+02
5.437861900000000333e+02
5.448282080000000178e+02
5.456094520000000330e+02
5.467319119999999657e+02
5.471622200000000475e+02
5.479797680000000355e+02
5.491390499999999975e+02
5.500495059999999512e+02
5.507237820000000283e+02
5.513925679999999829e+02
5.524457400000000007e+02
5.530897139999999581e+02
5.538837240000000293e+02
5.547772619999999506e+02
5.560336499999999660e+02
5.565732619999999997e+02
5.576922180000000253e+02
5.583183880000000272e+02
5.598813619999999673e+02
5.600089040000000296e+02
5.611814679999999953e+02
5.620145280000000412e+02
5.628275240000000395e+02
5.638679080000000567e+02
5.644668659999999818e+02
5.653963119999999662e+02
5.660317119999999704e+02
5.666604479999999739e+02
5.681335179999999809e+02
5.682992839999999433e+02
5.695454240000000254e+02
5.702425359999999728e+02
5.712217739999999822e+02
5.719157719999999472e+02
5.730168380000000070e+02
5.735103040000000192e+02
5.745485780000000204e+02
5.754112119999999777e+02
5.762282020000000102e+02
5.769020339999999578e+02
5.777502700000000004e+02
5.786501160000000255e+02
5.794034520000000157e+02
5.804566180000000486e+02
5.811757440000000088e+02
5.821669359999999642e+02
5.831446019999999635e+02
5.836783980000000156e+02
5.847167500000000473e+02
5.851774540000000115e+02
5.866511219999999867e+02
5.872631720000000541e+02
5.876921039999999721e+02
5.889763239999999769e+02
5.901446019999999635e+02
5.901433459999999513e+02
5.916602259999999660e+02
5.923206699999999501e+02
5.930827639999999974e+02
5.939772359999999480e+02
5.950759819999999536e+02
5.958748180000000048e+02
5.965155099999999493e+02
5.977107620000000452e+02
5.984746760000000450e+02
5.995168039999999792e+02
6.000102620000000115e+02
5.778604860000000372e+02
5.540484619999999722e+02
5.394099899999999934e+02
5.286855080000000271e+02
5.188117859999999837e+02
5.100831680000000006e+02
5.028770739999999932e+02
4.955486500000000092e+02
4.888720280000000002e+02
4.827206679999999892e+02
4.770703980000000115e+02
4.714257279999999923e+02
4.667776640000000157e+02
4.616527720000000272e+02
4.568354160000000093e+02
4.522277780000000007e+02
4.476518140000000017e+02
4.433698919999999930e+02
4.392946600000000217e+02
4.347623919999999771e+02
4.310640460000000189e+02
4.272452180000000226e+02
4.235091939999999795e+02
4.197589019999999778e+02
4.164310439999999858e+02
4.129176560000000222e+02
4.094744200000000092e+02
4.061833159999999907e+02
4.032608519999999999e+02
3.999518459999999891e+02
3.963190240000000131e+02
3.931937859999999887e+02
3.904064420000000268e+02
3.873780340000000137e+02
3.847113820000000146e+02
3.812452579999999784e+02
3.788691620000000171e+02
3.762014179999999897e+02
3.729948560000000271e+02
3.707947219999999788e+02
3.676530020000000150e+02
3.653344480000000090e+02
3.629615440000000035e+02
3.602859419999999773e+02
3.573752279999999928e+02
3.550144419999999741e+02
3.525605120000000170e+02
3.502053680000000213e+02
3.477718380000000025e+02
3.453647879999999759e+02
3.428399739999999838e+02
3.404598540000000071e+02
3.382434000000000083e+02
3.361798220000000015e+02
3.336033199999999965e+02
3.311293719999999894e+02
3.288448319999999967e+02
3.270877179999999953e+02
3.245971880000000169e+02
3.225515520000000151e+02
3.202099140000000261e+02
3.181253479999999740e+02
3.161179339999999911e+02
3.139008339999999748e+02
3.116176800000000071e+02
3.096888040000000046e+02
3.077587459999999737e+02
3.057419980000000237e+02
3.038487259999999992e+02
3.019242360000000076e+02
2.998187580000000025e+02
2.977890380000000050e+02
2.961593359999999961e+02
2.940953979999999888e+02
2.922836619999999925e+02
2.899705119999999852e+02
2.883151439999999752e+02
2.860864980000000060e+02
2.843813900000000103e+02
2.824476240000000189e+02
2.808414779999999951e+02
2.788778399999999920e+02
2.770501820000000066e+02
2.749520979999999781e+02
2.734758860000000027e+02
2.715632360000000176e+02
2.697377040000000079e+02
2.680848940000000198e+02
2.661275279999999839e+02
2.644433500000000095e+02
2.627535500000000184e+02
2.612365340000000060e+02
2.590033480000000168e+02
2.577152040000000284e+02
2.558893219999999928e+02
2.541706240000000037e+02
2.525186539999999979e+02
2.507733680000000049e+02
2.488926219999999887e+02
2.475350779999999986e+02
2.456437760000000026e+02
2.441133939999999996e+02
2.425048160000000053e+02
2.406603420000000142e+02
2.391644780000000026e+02
2.375143840000000068e+02
2.361563539999999932e+02
2.340166199999999890e+02
2.324957060000000126e+02
2.308942780000000141e+02
2.295366019999999878e+02
2.279890959999999893e+02
2.262235579999999970e+02
2.248867380000000082e+02
2.230503219999999942e+02
2.217865119999999877e+02
2.202338019999999972e+02
2.185935200000000123e+02
2.170427400000000091e+02
2.156894179999999892e+02
2.141958219999999926e+02
2.125593499999999949e+02
2.109522220000000061e+02
2.096340800000000115e+02
2.078036020000000121e+02
2.064836919999999907e+02
2.051073000000000093e+02
2.038221519999999884e+02
2.022230199999999911e+02
2.006766680000000065e+02
1.992798740000000066e+02
1.979057699999999897e+02
1.959312060000000031e+02
1.946276220000000023e+02
1.932611400000000117e+02
1.916729599999999891e+02
1.905466020000000071e+02
1.891319139999999948e+02
1.874478039999999908e+02
1.862336559999999963e+02
1.848003119999999910e+02
1.832732200000000091e+02
1.815685039999999901e+02
1.806078880000000026e+02
1.791135140000000092e+02
1.780489599999999939e+02
1.760939020000000141e+02
1.748588719999999910e+02
1.731240840000000105e+02
1.722224919999999884e+02
1.706923380000000066e+02
1.695395139999999969e+02
1.680364920000000097e+02
1.663273759999999868e+02
1.653332200000000114e+02
1.640733119999999872e+02
1.627855099999999879e+02
1.611505820000000142e+02
1.598456140000000119e+02
1.584077739999999892e+02
1.569433339999999930e+02
1.558970040000000097e+02
1.541903880000000129e+02
1.531043180000000064e+02
1.516592819999999904e+02
1.504349239999999952e+02
1.490463359999999966e+02
1.476332299999999975e+02
1.464576940000000036e+02
1.451121339999999975e+02
1.437935940000000130e+02
1.425198579999999993e+02
1.413077199999999891e+02
1.400569839999999999e+02
1.387423440000000028e+02
1.373301400000000001e+02
1.362136380000000031e+02
1.349846459999999979e+02
1.335655979999999943e+02
1.321536159999999995e+02
1.311944579999999974e+02
1.297004019999999969e+02
1.283830399999999941e+02
1.271293000000000006e+02
1.259403640000000024e+02
1.246490519999999975e+02
1.232820080000000047e+02
1.221758739999999932e+02
1.208523500000000013e+02
1.196798500000000018e+02
1.182981099999999941e+02
1.173570600000000042e+02
1.159278659999999945e+02
1.146395739999999961e+02
1.133005799999999965e+02
1.122053760000000011e+02
1.108013760000000048e+02
1.094833480000000066e+02
1.085030859999999961e+02
1.072310559999999953e+02
1.059291719999999941e+02
1.047506860000000017e+02
1.035776599999999945e+02
1.023483580000000046e+02
1.011998839999999973e+02
9.991360000000000241e+01
9.859587600000000407e+01
9.749370199999999897e+01
9.614376199999999528e+01
9.511416599999999733e+01
9.370570999999999628e+01
9.248766600000000437e+01
9.113645400000000052e+01
8.995422200000000146e+01
8.877298399999999390e+01
8.772181399999999485e+01
8.667177200000000425e+01
8.528892999999999347e+01
8.412339199999999551e+01
8.286434199999999350e+01
8.184465400000000557e+01
8.056466600000000255e+01
7.942235999999999763e+01
7.828215400000000557e+01
7.711989199999999300e+01
7.601617400000000657e+01
7.472303999999999746e+01
7.352648200000000145e+01
7.244401200000000074e+01
7.122997999999999763e+01
7.012473199999999451e+01
6.908536999999999750e+01
6.785896999999999935e+01
6.645449000000000694e+01
6.529633400000000165e+01
6.426448200000000099e+01
6.322394599999999798e+01
6.191754399999999947e+01
6.080639800000000150e+01
5.957502999999999815e+01
5.852403199999999828e+01
5.739940399999999698e+01
5.608814799999999678e+01
5.505343200000000081e+01
5.388269999999999982e+01
5.270425000000000182e+01
5.158035399999999981e+01
5.041532000000000124e+01
4.942847600000000341e+01
4.820773599999999703e+01
4.688640000000000185e+01
4.597057800000000327e+01
4.474308200000000113e+01
4.354933400000000177e+01
4.250508800000000065e+01
4.143243400000000065e+01
4.035644599999999826e+01
3.914467199999999991e+01
3.790169800000000322e+01
3.690180999999999756e+01
3.570234800000000064e+01
3.461226599999999820e+01
3.354238200000000347e+01
3.230154399999999981e+01
3.125645600000000002e+01
3.018532000000000082e+01
2.897395799999999966e+01
2.803430600000000084e+01
2.684086599999999834e+01
2.576921400000000162e+01
2.452305199999999985e+01
2.355880399999999852e+01
2.244829199999999858e+01
2.134108600000000067e+01
2.017591399999999879e+01
1.912394400000000161e+01
1.800662200000000013e+01
1.688183599999999984e+01
1.572767600000000066e+01
1.463600800000000035e+01
1.357477199999999939e+01
1.251090400000000002e+01
1.144469800000000070e+01
1.038583999999999996e+01
9.248661999999999495e+00
8.164184000000000552e+00
7.064172000000000118e+00
5.929948000000000441e+00
4.874684000000000239e+00
3.787938000000000027e+00
2.721735999999999933e+00
1.631613999999999898e+00
5.412099999999999689e-01
L=10.0,N=520,T=1.0,r=0.16,eta=0.4182088140458733,t=1438.326307296753s