0.000000000000000000e+00
0.000000000000000000e+00
0.000000000000000000e+00
0.000000000000000000e+00
0.000000000000000000e+00
0.000000000000000000e+00
0.000000000000000000e+00
0.000000000000000000e+00
0.000000000000000000e+00
0.000000000000000000e+00
0.000000000000000000e+00
0.000000000000000000e+00
0.000000000000000000e+00
0.000000000000000000e+00
0.000000000000000000e+00
0.000000000000000000e+00
0.000000000000000000e+00
0.000000000000000000e+00
0.000000000000000000e+00
0.000000000000000000e+00
0.000000000000000000e+00
0.000000000000000000e+00
0.000000000000000000e+00
0.000000000000000000e+00
0.000000000000000000e+00
0.000000000000000000e+00
0.000000000000000000e+00
0.000000000000000000e+00
0.000000000000000000e+00
0.000000000000000000e+00
0.000000000000000000e+00
0.000000000000000000e+00
0.000000000000000000e+00
0.000000000000000000e+00
0.000000000000000000e+00
0.000000000000000000e+00
0.000000000000000000e+00
0.000000000000000000e+00
0.000000000000000000e+00
0.000000000000000000e+00
0.000000000000000000e+00
0.000000000000000000e+00
0.000000000000000000e+00
0.000000000000000000e+00
0.000000000000000000e+00
1.200841999999999965e+00
1.643979999999999997e+00
1.678026000000000018e+00
1.699249999999999927e+00
1.725827999999999918e+00
1.758218000000000059e+00
1.781138000000000110e+00
1.810164000000000106e+00
1.835747999999999935e+00
1.862486000000000086e+00
1.887191999999999981e+00
1.916800000000000059e+00
1.939866000000000090e+00
1.968045999999999962e+00
2.000894000000000172e+00
2.016145999999999994e+00
2.051584000000000074e+00
2.074838000000000182e+00
2.100004000000000204e+00
2.120963999999999849e+00
2.147756000000000220e+00
2.170474000000000014e+00
2.199460000000000193e+00
2.223732000000000042e+00
2.247570000000000068e+00
2.275938000000000017e+00
2.303285999999999945e+00
2.316021999999999803e+00
2.350534000000000123e+00
2.377136000000000138e+00
2.403103999999999907e+00
2.435036000000000200e+00
2.458304000000000045e+00
2.481651999999999969e+00
2.503309999999999924e+00
2.533412000000000219e+00
2.557404000000000011e+00
2.589199999999999946e+00
2.612740000000000062e+00
2.628436000000000217e+00
2.660914000000000001e+00
2.688559999999999839e+00
2.712774000000000019e+00
2.748368000000000144e+00
2.775106000000000073e+00
2.800225999999999882e+00
2.840759999999999952e+00
2.872878000000000043e+00
2.909889999999999866e+00
2.936523999999999912e+00
2.973409999999999886e+00
2.994718000000000213e+00
3.034584000000000170e+00
3.069296000000000024e+00
3.088308000000000053e+00
3.125243999999999911e+00
3.159965999999999831e+00
3.191069999999999851e+00
3.216165999999999858e+00
3.246255999999999808e+00
3.279587999999999948e+00
3.321763999999999939e+00
3.346502000000000088e+00
3.382102000000000164e+00
3.416688000000000169e+00
3.445208000000000048e+00
3.473441999999999918e+00
3.510644000000000098e+00
3.544351999999999947e+00
3.576023999999999869e+00
3.608112000000000208e+00
3.637290000000000134e+00
3.661128000000000160e+00
3.693553999999999782e+00
3.724299999999999944e+00
3.759311999999999987e+00
3.790245999999999782e+00
3.822604000000000113e+00
3.850563999999999876e+00
3.888624000000000080e+00
3.915702000000000016e+00
3.941587999999999870e+00
3.971585999999999839e+00
4.004801999999999751e+00
4.046231999999999829e+00
4.065928000000000431e+00
4.099955999999999712e+00
4.134926000000000101e+00
4.160161999999999694e+00
4.196386000000000394e+00
4.226671999999999763e+00
4.255930000000000213e+00
4.286138000000000225e+00
4.321341999999999572e+00
4.357242000000000282e+00
4.381593999999999767e+00
4.415834000000000259e+00
4.447854000000000418e+00
4.477934000000000303e+00
4.511519999999999975e+00
4.536012000000000377e+00
4.561656000000000155e+00
4.600571999999999662e+00
4.631619999999999848e+00
4.663543999999999912e+00
4.687922000000000367e+00
4.720703999999999567e+00
4.755227999999999788e+00
4.790420000000000122e+00
4.816042000000000378e+00
4.849747999999999948e+00
4.891723999999999961e+00
4.903293999999999819e+00
4.951474000000000153e+00
4.973741999999999663e+00
5.012223999999999791e+00
5.026900000000000368e+00
5.071436000000000277e+00
5.104046000000000305e+00
5.132915999999999812e+00
5.167259999999999742e+00
5.203674000000000355e+00
5.226472000000000229e+00
5.254795999999999800e+00
5.290808000000000177e+00
5.317954000000000292e+00
5.348753999999999564e+00
5.373426000000000258e+00
5.409417999999999616e+00
5.433957999999999622e+00
5.473539999999999850e+00
5.508259999999999934e+00
5.536284000000000205e+00
5.580339999999999634e+00
5.607484000000000357e+00
5.624742000000000353e+00
5.659232000000000262e+00
5.691019999999999968e+00
5.721167999999999587e+00
5.754349999999999632e+00
5.786459999999999937e+00
5.808644000000000140e+00
5.846313999999999567e+00
5.886896000000000129e+00
5.907236000000000153e+00
5.939674000000000120e+00
5.977100000000000080e+00
6.008513999999999911e+00
6.042075999999999780e+00
6.065686000000000355e+00
6.095384000000000135e+00
6.134587999999999930e+00
6.159635999999999889e+00
6.191875999999999713e+00
6.221318000000000126e+00
6.257845999999999798e+00
6.285479999999999734e+00
6.323001999999999789e+00
6.337775999999999854e+00
6.381464000000000247e+00
6.409095999999999904e+00
6.439055999999999891e+00
6.471714000000000411e+00
6.507544000000000217e+00
6.522774000000000072e+00
6.562987999999999822e+00
6.606753999999999571e+00
6.639260000000000161e+00
6.655406000000000155e+00
6.686703999999999759e+00
6.714602000000000182e+00
6.765468000000000259e+00
6.783202000000000176e+00
6.821781999999999790e+00
6.843341999999999814e+00
6.892012000000000249e+00
6.906772000000000133e+00
6.948631999999999920e+00
6.970017999999999603e+00
7.000125999999999848e+00
7.050245999999999569e+00
7.070333999999999897e+00
7.102202000000000126e+00
7.118867999999999974e+00
7.156520000000000437e+00
7.196170000000000400e+00
7.226557999999999815e+00
7.254050000000000331e+00
7.292824000000000417e+00
7.321585999999999927e+00
7.345828000000000024e+00
7.370738000000000234e+00
7.398229999999999862e+00
7.445491999999999777e+00
7.472552000000000305e+00
7.506147999999999598e+00
7.537951999999999764e+00
7.564776000000000167e+00
7.594712000000000351e+00
7.617688000000000237e+00
7.651163999999999632e+00
7.692318000000000211e+00
7.728247999999999784e+00
7.759129999999999860e+00
7.786938000000000137e+00
7.813962000000000074e+00
7.842507999999999591e+00
7.883513999999999911e+00
7.926630000000000287e+00
7.950146000000000157e+00
7.979364000000000345e+00
7.994974000000000025e+00
8.030806000000000111e+00
8.065685999999999467e+00
8.099887999999999977e+00
8.130724000000000729e+00
8.170946000000000708e+00
8.177809999999999135e+00
8.224078000000000443e+00
8.247417999999999694e+00
8.276185999999999154e+00
8.309829999999999828e+00
8.344654000000000238e+00
8.375934000000000879e+00
8.420104000000000255e+00
8.448930000000000717e+00
8.459184000000000481e+00
8.488372000000000028e+00
8.535415999999999670e+00
8.560325999999999880e+00
8.598171999999999926e+00
8.619469999999999743e+00
8.661450000000000315e+00
8.682774000000000214e+00
8.719495999999999469e+00
8.738350000000000506e+00
8.785553999999999419e+00
8.813266000000000489e+00
8.851203999999999184e+00
8.868911999999999907e+00
8.911170000000000258e+00
8.941509999999999181e+00
8.967534000000000560e+00
8.992589999999999861e+00
9.024853999999999488e+00
9.064899999999999736e+00
9.090412000000000603e+00
9.119051999999999936e+00
9.154833999999999250e+00
9.198964000000000141e+00
9.218073999999999657e+00
9.254457999999999629e+00
9.276151999999999731e+00
9.317199999999999704e+00
9.345392000000000365e+00
9.377459999999999241e+00
9.398735999999999535e+00
9.432230000000000558e+00
9.469820000000000348e+00
9.502154000000000877e+00
9.532140000000000057e+00
9.563510000000000844e+00
9.594844000000000150e+00
9.632331999999999894e+00
9.652568000000000481e+00
9.691252000000000422e+00
9.726748000000000616e+00
9.756361999999999313e+00
9.777195999999999998e+00
9.805782000000000664e+00
9.841072000000000486e+00
9.870939999999999159e+00
9.899368000000000833e+00
9.945055999999999230e+00
9.972801999999999722e+00
9.993994000000000710e+00
1.003717400000000026e+01
1.005802800000000019e+01
1.007627399999999973e+01
1.011317000000000021e+01
1.014125800000000055e+01
1.018867799999999946e+01
1.021154600000000023e+01
1.024834000000000067e+01
1.028320599999999985e+01
1.030136599999999980e+01
1.034824200000000083e+01
1.038598600000000083e+01
1.040496800000000022e+01
1.043759200000000043e+01
1.046525800000000039e+01
1.048051000000000066e+01
1.053734999999999999e+01
1.056579200000000007e+01
1.058723999999999954e+01
1.062581999999999915e+01
1.065423599999999915e+01
1.068438399999999966e+01
1.070703400000000016e+01
1.075496799999999986e+01
1.077446600000000032e+01
1.080911200000000072e+01
1.084116000000000035e+01
1.087501800000000074e+01
1.089831399999999917e+01
1.092647799999999947e+01
1.096527200000000057e+01
1.100643600000000077e+01
1.103252799999999922e+01
1.106930000000000014e+01
1.107839399999999941e+01
1.112575799999999937e+01
1.116238000000000063e+01
1.118013400000000068e+01
1.120240199999999930e+01
1.124060200000000087e+01
1.127544199999999996e+01
1.130714799999999975e+01
1.133283999999999914e+01
1.136268199999999950e+01
1.139765399999999929e+01
1.145136399999999988e+01
1.146026600000000073e+01
1.149018200000000078e+01
1.151598399999999955e+01
1.156201199999999929e+01
1.159444000000000052e+01
1.161258600000000030e+01
1.164251800000000081e+01
1.167067399999999999e+01
1.170515200000000000e+01
1.174982999999999933e+01
1.178135200000000005e+01
1.180655600000000049e+01
1.183431399999999911e+01
1.186818799999999996e+01
1.188621799999999951e+01
1.191594800000000021e+01
1.196076000000000050e+01
1.200005200000000016e+01
1.203586999999999918e+01
1.205847799999999914e+01
1.209014999999999951e+01
1.211065199999999997e+01
1.215685599999999944e+01
1.218263800000000074e+01
1.221150800000000025e+01
1.223852399999999996e+01
1.226305999999999941e+01
1.229539399999999993e+01
1.234377600000000008e+01
1.236605400000000010e+01
1.239963200000000043e+01
1.242446999999999946e+01
1.246715000000000018e+01
1.248648999999999987e+01
1.251293399999999956e+01
1.255375599999999991e+01
1.258782000000000068e+01
1.262723599999999990e+01
1.265795199999999987e+01
1.267986999999999931e+01
1.271354400000000062e+01
1.275518600000000013e+01
1.277628799999999920e+01
1.281458600000000025e+01
1.282499800000000079e+01
1.287206600000000023e+01
1.290014200000000066e+01
1.293419199999999947e+01
1.296171999999999969e+01
1.297930599999999934e+01
1.302422199999999997e+01
1.305705999999999989e+01
1.307964600000000033e+01
1.311219200000000029e+01
1.314500600000000041e+01
1.315987999999999936e+01
1.321940200000000054e+01
1.323596200000000067e+01
1.327425799999999967e+01
1.329652800000000035e+01
1.332809199999999983e+01
1.335359599999999958e+01
1.340884999999999927e+01
1.342114399999999996e+01
1.347176400000000029e+01
1.347853199999999951e+01
1.352115399999999923e+01
1.356112599999999979e+01
1.357533199999999951e+01
1.361026799999999959e+01
1.365426399999999951e+01
1.368194000000000088e+01
1.370501600000000053e+01
1.374977799999999917e+01
1.377184399999999975e+01
1.380730999999999931e+01
1.383142199999999988e+01
1.387200200000000017e+01
1.389293999999999940e+01
1.392409199999999991e+01
1.394483800000000073e+01
1.400514599999999987e+01
1.402472599999999936e+01
1.405207200000000078e+01
1.407458199999999948e+01
1.410715399999999953e+01
1.414075799999999994e+01
1.417751600000000067e+01
1.420025399999999927e+01
1.423667999999999978e+01
1.425809800000000038e+01
1.431375000000000064e+01
1.433432200000000023e+01
1.437564000000000064e+01
1.438773199999999974e+01
1.442501399999999911e+01
1.445650200000000041e+01
1.447827200000000047e+01
1.452037799999999912e+01
1.454961600000000033e+01
1.457172199999999940e+01
1.462018800000000063e+01
1.464311799999999941e+01
1.468015399999999993e+01
1.470653000000000077e+01
1.474104799999999926e+01
1.477221399999999996e+01
1.479132199999999919e+01
1.482440599999999975e+01
1.485660999999999987e+01
1.488937199999999983e+01
1.492270000000000074e+01
1.495753999999999984e+01
1.499466600000000049e+01
1.501636599999999966e+01
1.504296000000000078e+01
1.509984599999999944e+01
1.511745999999999945e+01
1.514047000000000054e+01
1.516985599999999934e+01
1.520297399999999932e+01
1.524080400000000068e+01
1.524885199999999941e+01
1.529853199999999980e+01
1.533121799999999979e+01
1.535565199999999919e+01
1.541291599999999917e+01
1.542724800000000052e+01
1.545337199999999989e+01
1.548328000000000060e+01
1.552593599999999974e+01
1.554884799999999956e+01
1.557318000000000069e+01
1.559945199999999943e+01
1.563286000000000087e+01
1.567265000000000086e+01
1.571183000000000085e+01
1.574642200000000081e+01
1.574019000000000013e+01
1.579992200000000047e+01
1.584301600000000043e+01
1.585454400000000064e+01
1.589652599999999971e+01
1.593424800000000019e+01
1.594508599999999987e+01
1.598183399999999921e+01
1.601169399999999854e+01
1.604949600000000132e+01
1.608521000000000001e+01
1.611521199999999965e+01
1.613684999999999903e+01
1.616518999999999906e+01
1.621259200000000078e+01
1.622872399999999971e+01
1.626672999999999902e+01
1.629782799999999909e+01
1.632727600000000123e+01
1.633898599999999846e+01
1.639337400000000144e+01
1.641562199999999905e+01
1.644448600000000127e+01
1.647704200000000085e+01
1.652009599999999878e+01
1.655052600000000140e+01
1.659160999999999930e+01
1.661960799999999949e+01
1.663868199999999931e+01
1.666454399999999936e+01
1.669008600000000087e+01
1.673206000000000060e+01
1.675935600000000036e+01
1.680013999999999896e+01
1.682554599999999922e+01
1.686052600000000012e+01
1.689671799999999990e+01
1.691968400000000017e+01
1.694579200000000085e+01
1.699788799999999966e+01
1.700297799999999881e+01
1.706357200000000063e+01
1.707481999999999900e+01
1.711219200000000029e+01
1.712775800000000004e+01
1.717886800000000136e+01
1.718479800000000068e+01
1.722227799999999931e+01
1.725378999999999863e+01
1.728989199999999826e+01
1.731874600000000086e+01
1.736363800000000168e+01
1.737741600000000020e+01
1.743426799999999943e+01
1.746033200000000107e+01
1.748732199999999892e+01
1.751811400000000063e+01
1.755549600000000154e+01
1.757333799999999968e+01
1.759283599999999836e+01
1.765052199999999871e+01
1.767184800000000067e+01
1.769820999999999955e+01
1.774354999999999905e+01
1.776235199999999992e+01
1.781315599999999932e+01
1.782955400000000168e+01
1.784518800000000027e+01
1.788935599999999937e+01
1.792265400000000142e+01
1.795557600000000065e+01
1.797637200000000135e+01
1.800732599999999906e+01
1.804747800000000169e+01
1.805682799999999943e+01
1.810438800000000015e+01
1.814451000000000036e+01
1.815100800000000092e+01
1.820692000000000021e+01
1.823662600000000111e+01
1.826797600000000088e+01
1.828398599999999874e+01
1.833099999999999952e+01
1.836036800000000113e+01
1.837253000000000114e+01
1.841011400000000009e+01
1.842416400000000110e+01
1.848320199999999858e+01
1.850542199999999937e+01
1.856126799999999832e+01
1.856873999999999825e+01
1.859950399999999959e+01
1.863188399999999945e+01
1.867139200000000088e+01
1.869865000000000066e+01
1.874855799999999917e+01
1.876854000000000156e+01
1.880347400000000135e+01
1.881193599999999932e+01
1.885298799999999986e+01
1.888357399999999942e+01
1.890936999999999912e+01
1.894960199999999872e+01
1.900106999999999857e+01
1.900379399999999919e+01
1.904217399999999927e+01
1.906693200000000132e+01
1.908549800000000118e+01
1.913043800000000161e+01
1.916297399999999840e+01
1.919361599999999868e+01
1.923873199999999883e+01
1.926783999999999963e+01
1.927722599999999886e+01
1.932170999999999950e+01
1.936101199999999878e+01
1.937127200000000116e+01
1.941909800000000175e+01
1.944783599999999879e+01
1.946897999999999840e+01
1.950244199999999850e+01
1.954380000000000095e+01
1.956800799999999896e+01
1.959362600000000043e+01
1.962464599999999848e+01
1.965806800000000010e+01
1.969417800000000085e+01
1.973667800000000128e+01
1.978216400000000164e+01
1.978815600000000074e+01
1.982977999999999952e+01
1.984609000000000023e+01
1.990140200000000092e+01
1.989387400000000028e+01
1.994888600000000167e+01
1.998587799999999959e+01
2.002031399999999906e+01
2.003277399999999986e+01
2.006365999999999872e+01
2.008775400000000033e+01
2.012863600000000019e+01
2.015146599999999921e+01
2.019712000000000174e+01
2.024453600000000009e+01
2.025077599999999833e+01
2.028546599999999955e+01
2.031831000000000031e+01
2.033142399999999839e+01
2.038439199999999829e+01
2.042175200000000146e+01
2.044480000000000075e+01
2.048693600000000004e+01
2.050824000000000069e+01
2.051966200000000029e+01
2.055667199999999895e+01
2.059100799999999865e+01
2.063463399999999837e+01
2.065499000000000152e+01
2.069056600000000046e+01
2.071516400000000147e+01
2.074681599999999904e+01
2.078822999999999865e+01
2.083222999999999914e+01
2.083661599999999936e+01
2.090048200000000023e+01
2.091038400000000053e+01
2.091998999999999853e+01
2.097132799999999975e+01
2.101186799999999977e+01
2.102748599999999968e+01
2.107130599999999987e+01
2.108831400000000045e+01
2.113598800000000111e+01
2.116791999999999874e+01
2.119664200000000065e+01
2.124069799999999830e+01
2.123687599999999875e+01
2.127964199999999906e+01
2.131111200000000139e+01
2.133771399999999829e+01
2.138147999999999982e+01
2.140720200000000162e+01
2.143656000000000006e+01
2.147531800000000146e+01
2.151205200000000062e+01
2.153350400000000064e+01
2.156291799999999981e+01
2.158945399999999992e+01
2.164020000000000010e+01
2.164752400000000065e+01
2.170410400000000095e+01
2.172527399999999886e+01
2.175397399999999948e+01
2.179090599999999966e+01
2.183530400000000071e+01
2.183556799999999853e+01
2.188889999999999958e+01
2.191534199999999899e+01
2.193883200000000144e+01
2.197816399999999959e+01
2.199594000000000094e+01
2.203297799999999995e+01
2.122182400000000158e+01
2.034984400000000093e+01
1.981070599999999970e+01
1.938383599999999873e+01
1.904722200000000143e+01
1.872979799999999884e+01
1.845784599999999998e+01
1.819184999999999874e+01
1.794819599999999937e+01
1.772282600000000130e+01
1.752922200000000075e+01
1.732589000000000112e+01
1.712806600000000046e+01
1.694255000000000067e+01
1.676762799999999842e+01
1.659806400000000082e+01
1.644610600000000034e+01
1.626757599999999826e+01
1.613141200000000097e+01
1.598695000000000022e+01
1.581773600000000002e+01
1.567445799999999956e+01
1.554062599999999961e+01
1.541972600000000071e+01
1.529154600000000030e+01
1.517107599999999934e+01
1.503984999999999950e+01
1.492011800000000044e+01
1.479116999999999926e+01
1.466909799999999997e+01
1.456305599999999956e+01
1.443300400000000039e+01
1.433858400000000088e+01
1.422760800000000003e+01
1.410688799999999965e+01
1.401778799999999947e+01
1.391490399999999994e+01
1.380240799999999979e+01
1.371194599999999930e+01
1.361330799999999996e+01
1.351458399999999926e+01
1.341071200000000019e+01
1.332957200000000064e+01
1.320591199999999965e+01
1.314221599999999945e+01
1.302484199999999959e+01
1.294687399999999933e+01
1.285711000000000048e+01
1.277181599999999939e+01
1.267393799999999970e+01
1.259374200000000066e+01
1.250608599999999981e+01
1.241509399999999985e+01
1.233810000000000073e+01
1.225274800000000042e+01
1.217516400000000054e+01
1.209228799999999993e+01
1.200090800000000080e+01
1.193350399999999922e+01
1.184866399999999942e+01
1.177079999999999949e+01
1.167670799999999964e+01
1.160412999999999961e+01
1.154017400000000038e+01
1.146161799999999964e+01
1.139583000000000013e+01
1.132089000000000034e+01
1.122726800000000047e+01
1.115953400000000073e+01
1.107895599999999980e+01
1.100138800000000039e+01
1.094513000000000069e+01
1.086602000000000068e+01
1.079128599999999949e+01
1.073130199999999945e+01
1.065995400000000082e+01
1.058667799999999914e+01
1.051083599999999940e+01
1.042933200000000049e+01
1.037637800000000077e+01
1.031059400000000004e+01
1.023713599999999957e+01
1.017516200000000026e+01
1.011765600000000020e+01
1.004366599999999998e+01
9.970385999999999527e+00
9.913994000000000639e+00
9.834873999999999228e+00
9.771915999999999158e+00
9.717513999999999541e+00
9.655165999999999471e+00
9.577961999999999421e+00
9.508369999999999322e+00
9.452273999999999177e+00
9.392754000000000048e+00
9.338637999999999550e+00
9.261369999999999436e+00
9.226789999999999381e+00
9.138861999999999597e+00
9.076769999999999783e+00
9.020823999999999288e+00
8.966730000000000089e+00
8.892350000000000421e+00
8.842335999999999530e+00
8.784031999999999840e+00
8.715232000000000312e+00
8.665390000000000370e+00
8.613360000000000127e+00
8.546773999999999205e+00
8.484859999999999403e+00
8.431699999999999307e+00
8.360307999999999851e+00
8.309779999999999944e+00
8.253816000000000486e+00
8.191413999999999973e+00
8.134363999999999706e+00
8.087355999999999767e+00
8.032107999999999137e+00
7.975742000000000331e+00
7.919433999999999862e+00
7.870243999999999573e+00
7.787665999999999755e+00
7.750396000000000285e+00
7.703337999999999575e+00
7.633163999999999838e+00
7.581628000000000256e+00
7.534063999999999872e+00
7.469117999999999924e+00
7.414284000000000319e+00
7.361545999999999701e+00
7.303092000000000361e+00
7.252334000000000280e+00
7.199370000000000047e+00
7.150938000000000017e+00
7.105208000000000190e+00
7.045397999999999605e+00
6.993538000000000032e+00
6.946795999999999971e+00
6.890025999999999762e+00
6.833009999999999806e+00
6.786234000000000322e+00
6.722532000000000174e+00
6.677547999999999817e+00
6.625677999999999734e+00
6.581555999999999962e+00
6.520477999999999774e+00
6.462836000000000247e+00
6.420562000000000324e+00
6.371622000000000341e+00
6.323112000000000066e+00
6.276994000000000185e+00
6.217684000000000211e+00
6.178131999999999735e+00
6.120166000000000217e+00
6.070736000000000132e+00
6.012602000000000224e+00
5.971479999999999677e+00
5.915011999999999937e+00
5.877424000000000426e+00
5.815578000000000358e+00
5.774945999999999913e+00
5.719763999999999626e+00
5.674465999999999788e+00
5.623126000000000069e+00
5.582892000000000188e+00
5.522987999999999786e+00
5.468632000000000382e+00
5.424030000000000129e+00
5.379912000000000027e+00
5.332042000000000392e+00
5.285180000000000433e+00
5.242079999999999629e+00
5.185462000000000238e+00
5.141479999999999606e+00
5.094459999999999766e+00
5.044781999999999655e+00
5.001920000000000144e+00
4.954151999999999667e+00
4.908561999999999870e+00
4.858062000000000324e+00
4.810588000000000086e+00
4.765206000000000053e+00
4.713680000000000092e+00
4.667498000000000147e+00
4.625435999999999659e+00
4.576658000000000115e+00
4.525205999999999840e+00
4.479017999999999944e+00
4.437414000000000414e+00
4.390743999999999758e+00
4.350778000000000034e+00
4.301815999999999640e+00
4.256205999999999712e+00
4.203879999999999839e+00
4.162137999999999671e+00
4.112484000000000250e+00
4.075636000000000259e+00
4.027887999999999913e+00
3.977457999999999938e+00
3.943632000000000026e+00
3.891252000000000155e+00
3.838483999999999785e+00
3.791761999999999855e+00
3.754933999999999994e+00
3.705779999999999852e+00
3.673207999999999807e+00
3.617588000000000026e+00
3.576360000000000205e+00
3.541668000000000038e+00
3.492226000000000052e+00
3.442337999999999898e+00
3.403432000000000013e+00
3.353202000000000016e+00
3.318729999999999958e+00
3.267300000000000093e+00
3.221649999999999903e+00
3.185426000000000091e+00
3.139393999999999796e+00
3.083511999999999809e+00
3.050256000000000078e+00
3.009992000000000001e+00
2.958788000000000196e+00
2.910498000000000030e+00
2.877850000000000019e+00
2.832495999999999903e+00
2.791123999999999938e+00
2.744931999999999928e+00
2.705553999999999792e+00
2.658637999999999835e+00
2.612967999999999957e+00
2.573128000000000082e+00
2.524239999999999817e+00
2.481120000000000214e+00
2.444672000000000178e+00
2.402223999999999915e+00
2.359987999999999975e+00
2.319510000000000183e+00
2.272762000000000171e+00
2.229248000000000118e+00
2.186862000000000084e+00
2.145392000000000188e+00
2.110844000000000165e+00
2.061199999999999921e+00
2.022737999999999925e+00
1.975945999999999980e+00
1.932345999999999897e+00
1.894328000000000012e+00
1.853504000000000040e+00
1.812402000000000069e+00
1.768497999999999903e+00
1.727986000000000022e+00
1.687611999999999890e+00
1.645821999999999896e+00
1.601205999999999907e+00
1.554880000000000040e+00
1.525330000000000075e+00
1.480912000000000006e+00
1.436047999999999991e+00
1.396052000000000071e+00
1.355866000000000016e+00
1.315898000000000012e+00
1.268710000000000004e+00
1.228312000000000070e+00
1.188509999999999955e+00
1.146185999999999927e+00
1.103234000000000048e+00
1.068060000000000009e+00
1.022815999999999947e+00
9.869120000000000115e-01
9.438100000000000378e-01
9.041700000000000292e-01
8.634840000000000293e-01
8.237320000000000197e-01
7.823679999999999524e-01
7.402199999999999891e-01
7.008180000000000520e-01
6.615259999999999474e-01
6.191820000000000102e-01
5.796179999999999666e-01
5.414400000000000324e-01
5.022919999999999607e-01
4.613700000000000023e-01
4.187759999999999816e-01
3.779939999999999967e-01
3.392060000000000075e-01
2.980039999999999911e-01
2.586820000000000230e-01
2.189280000000000115e-01
1.797259999999999969e-01
1.406499999999999972e-01
9.865400000000000558e-02
5.985399999999999748e-02
1.958599999999999924e-02
L=10.0,N=100,T=1.0,r=0.16,eta=0.08042477193189872,t=42.75447916984558s