0.000000000000000000e+00
0.000000000000000000e+00
0.000000000000000000e+00
0.000000000000000000e+00
0.000000000000000000e+00
0.000000000000000000e+00
0.000000000000000000e+00
0.000000000000000000e+00
0.000000000000000000e+00
0.000000000000000000e+00
0.000000000000000000e+00
0.000000000000000000e+00
0.000000000000000000e+00
0.000000000000000000e+00
0.000000000000000000e+00
0.000000000000000000e+00
0.000000000000000000e+00
0.000000000000000000e+00
0.000000000000000000e+00
0.000000000000000000e+00
0.000000000000000000e+00
0.000000000000000000e+00
0.000000000000000000e+00
0.000000000000000000e+00
0.000000000000000000e+00
0.000000000000000000e+00
0.000000000000000000e+00
0.000000000000000000e+00
0.000000000000000000e+00
0.000000000000000000e+00
0.000000000000000000e+00
0.000000000000000000e+00
0.000000000000000000e+00
0.000000000000000000e+00
0.000000000000000000e+00
0.000000000000000000e+00
0.000000000000000000e+00
0.000000000000000000e+00
0.000000000000000000e+00
0.000000000000000000e+00
0.000000000000000000e+00
0.000000000000000000e+00
0.000000000000000000e+00
0.000000000000000000e+00
0.000000000000000000e+00
1.203351999999999977e+00
1.644827999999999957e+00
1.670266000000000028e+00
1.697635999999999923e+00
1.724307999999999952e+00
1.753989999999999938e+00
1.779366000000000003e+00
1.808499999999999996e+00
1.831979999999999942e+00
1.860778000000000043e+00
1.887008000000000019e+00
1.913966000000000056e+00
1.945079999999999920e+00
1.972844000000000042e+00
1.994515999999999956e+00
2.021133999999999986e+00
2.045526000000000177e+00
2.068011999999999961e+00
2.100562000000000040e+00
2.122504000000000168e+00
2.152260000000000062e+00
2.171656000000000031e+00
2.202857999999999983e+00
2.225099999999999856e+00
2.250239999999999796e+00
2.277007999999999921e+00
2.297457999999999778e+00
2.327650000000000219e+00
2.349175999999999931e+00
2.379313999999999929e+00
2.402124000000000148e+00
2.428859999999999797e+00
2.456151999999999891e+00
2.475513999999999992e+00
2.507429999999999826e+00
2.531595999999999957e+00
2.554225999999999885e+00
2.579848000000000141e+00
2.609685999999999950e+00
2.636702000000000101e+00
2.664702000000000126e+00
2.691555999999999838e+00
2.715230000000000032e+00
2.748736000000000068e+00
2.786335999999999924e+00
2.804710000000000036e+00
2.838265999999999956e+00
2.873639999999999972e+00
2.897867999999999888e+00
2.936799999999999855e+00
2.968373999999999846e+00
3.002146000000000203e+00
3.026686000000000210e+00
3.061370000000000147e+00
3.096972000000000058e+00
3.127780000000000005e+00
3.160217999999999972e+00
3.191618000000000066e+00
3.224661999999999917e+00
3.250627999999999851e+00
3.291669999999999874e+00
3.313912000000000191e+00
3.349283999999999928e+00
3.389705999999999886e+00
3.414991999999999805e+00
3.444770000000000110e+00
3.476313999999999904e+00
3.506136000000000141e+00
3.538877999999999968e+00
3.577846000000000082e+00
3.602694000000000063e+00
3.636489999999999778e+00
3.674252000000000073e+00
3.692676000000000069e+00
3.734230000000000160e+00
3.760203999999999880e+00
3.791551999999999811e+00
3.821356000000000197e+00
3.851442000000000032e+00
3.884599999999999831e+00
3.917327999999999921e+00
3.943599999999999994e+00
3.980560000000000098e+00
4.012815999999999939e+00
4.040542000000000300e+00
4.072181999999999746e+00
4.100743999999999723e+00
4.137912000000000035e+00
4.166165999999999592e+00
4.201973999999999876e+00
4.232064000000000270e+00
4.252678000000000402e+00
4.293730000000000047e+00
4.315506000000000064e+00
4.348442000000000363e+00
4.378313999999999595e+00
4.413960000000000328e+00
4.445535999999999710e+00
4.475106000000000250e+00
4.503770000000000273e+00
4.540411999999999892e+00
4.570006000000000235e+00
4.607704000000000022e+00
4.627720000000000056e+00
4.657032000000000060e+00
4.693503999999999898e+00
4.726219999999999644e+00
4.759935999999999723e+00
4.783578000000000330e+00
4.815865999999999758e+00
4.836858000000000324e+00
4.892170000000000130e+00
4.912063999999999986e+00
4.944291999999999909e+00
4.962831999999999688e+00
5.003434000000000381e+00
5.041947999999999652e+00
5.065547999999999718e+00
5.101834000000000202e+00
5.136233999999999966e+00
5.158056000000000196e+00
5.198000000000000398e+00
5.224593999999999738e+00
5.252430000000000376e+00
5.279638000000000275e+00
5.318632000000000026e+00
5.350132000000000332e+00
5.381899999999999906e+00
5.410146000000000122e+00
5.447289999999999743e+00
5.468598000000000070e+00
5.504792000000000129e+00
5.534571999999999825e+00
5.566495999999999889e+00
5.590131999999999657e+00
5.631205999999999712e+00
5.661208000000000240e+00
5.693844000000000349e+00
5.721303999999999945e+00
5.755239999999999689e+00
5.787017999999999773e+00
5.818781999999999677e+00
5.844056000000000139e+00
5.877752000000000088e+00
5.902917999999999665e+00
5.932964000000000127e+00
5.966619999999999813e+00
6.011038000000000103e+00
6.041272000000000197e+00
6.062184000000000239e+00
6.097398000000000096e+00
6.119629999999999903e+00
6.162785999999999653e+00
6.196200000000000152e+00
6.223268000000000022e+00
6.256137999999999977e+00
6.287321999999999633e+00
6.316442000000000334e+00
6.349934000000000189e+00
6.373032000000000252e+00
6.412715999999999639e+00
6.436688000000000187e+00
6.474572000000000216e+00
6.505385999999999669e+00
6.541809999999999903e+00
6.561989999999999768e+00
6.600349999999999717e+00
6.633517999999999581e+00
6.657803999999999611e+00
6.676511999999999780e+00
6.723423999999999623e+00
6.745586000000000304e+00
6.786036000000000179e+00
6.819008000000000180e+00
6.848550000000000360e+00
6.878330000000000055e+00
6.909510000000000041e+00
6.941104000000000163e+00
6.973466000000000165e+00
7.005569999999999631e+00
7.025216000000000349e+00
7.068399999999999572e+00
7.102914000000000172e+00
7.127437999999999718e+00
7.154075999999999880e+00
7.188740000000000130e+00
7.231830000000000425e+00
7.257200000000000095e+00
7.291133999999999560e+00
7.317642000000000202e+00
7.352222000000000257e+00
7.375803999999999583e+00
7.394243999999999595e+00
7.434263999999999761e+00
7.460778000000000354e+00
7.502716000000000385e+00
7.545300000000000118e+00
7.562604000000000326e+00
7.587653999999999677e+00
7.635238000000000191e+00
7.653313999999999950e+00
7.688322000000000322e+00
7.711943999999999910e+00
7.757945999999999565e+00
7.793123999999999718e+00
7.814148000000000316e+00
7.842164000000000357e+00
7.873993999999999716e+00
7.901519999999999655e+00
7.931251999999999747e+00
7.965658000000000349e+00
8.002800000000000580e+00
8.031235999999999819e+00
8.069138000000000588e+00
8.095568000000000097e+00
8.135296000000000305e+00
8.145630000000000592e+00
8.197300000000000253e+00
8.220810000000000173e+00
8.249470000000000525e+00
8.282714000000000354e+00
8.307133999999999574e+00
8.345368000000000563e+00
8.371664000000000883e+00
8.404251999999999612e+00
8.440129999999999910e+00
8.468460000000000321e+00
8.494338000000000832e+00
8.533086000000000837e+00
8.553442000000000434e+00
8.596978000000000009e+00
8.632716000000000278e+00
8.651823999999999515e+00
8.685672000000000281e+00
8.719497999999999749e+00
8.754312000000000538e+00
8.775843999999999312e+00
8.819005999999999901e+00
8.834880000000000067e+00
8.868816000000000699e+00
8.909169999999999590e+00
8.934637999999999636e+00
8.972578000000000387e+00
9.002916000000000807e+00
9.029488000000000625e+00
9.064460000000000406e+00
9.088706000000000174e+00
9.119071999999999178e+00
9.148201999999999501e+00
9.189928000000000097e+00
9.217541999999999902e+00
9.241816000000000031e+00
9.280371999999999844e+00
9.304396000000000555e+00
9.340630000000000877e+00
9.371658000000000044e+00
9.409929999999999239e+00
9.439954000000000178e+00
9.463507999999999143e+00
9.495482000000000866e+00
9.530386000000000024e+00
9.557980000000000587e+00
9.598354000000000497e+00
9.625795999999999353e+00
9.651334000000000302e+00
9.691017999999999688e+00
9.708823999999999899e+00
9.752375999999999934e+00
9.781814000000000675e+00
9.815049999999999386e+00
9.845570000000000377e+00
9.873067999999999955e+00
9.906553999999999860e+00
9.933320000000000149e+00
9.964399999999999480e+00
9.991963999999999402e+00
1.002486200000000061e+01
1.005050800000000066e+01
1.009348400000000012e+01
1.012570599999999921e+01
1.015753999999999913e+01
1.017093000000000025e+01
1.022464399999999962e+01
1.024072999999999922e+01
1.026439000000000057e+01
1.031046399999999963e+01
1.033381200000000000e+01
1.036290600000000062e+01
1.040124199999999988e+01
1.043701199999999929e+01
1.046435400000000016e+01
1.049709999999999965e+01
1.053162599999999927e+01
1.054790200000000056e+01
1.059622199999999914e+01
1.062339599999999962e+01
1.064947599999999994e+01
1.066814399999999985e+01
1.071316200000000052e+01
1.073708199999999913e+01
1.076801599999999937e+01
1.079770800000000008e+01
1.085319199999999995e+01
1.086492199999999997e+01
1.089398599999999995e+01
1.091626399999999997e+01
1.096484200000000087e+01
1.100276599999999938e+01
1.103963399999999950e+01
1.104959999999999987e+01
1.109369799999999984e+01
1.112659999999999982e+01
1.114976200000000084e+01
1.118046400000000062e+01
1.120045600000000086e+01
1.123657599999999945e+01
1.126233399999999918e+01
1.129341600000000057e+01
1.133608800000000016e+01
1.136582399999999993e+01
1.140313800000000022e+01
1.144321000000000055e+01
1.146852600000000066e+01
1.148973999999999940e+01
1.152742600000000017e+01
1.156661199999999923e+01
1.158390799999999921e+01
1.161132199999999948e+01
1.165467399999999998e+01
1.167789400000000022e+01
1.171444600000000058e+01
1.174090999999999951e+01
1.177998599999999918e+01
1.181099599999999938e+01
1.183035600000000009e+01
1.186821600000000032e+01
1.188929199999999931e+01
1.192372600000000027e+01
1.196961600000000026e+01
1.199587000000000003e+01
1.202879399999999954e+01
1.206281199999999920e+01
1.208732200000000034e+01
1.212472400000000050e+01
1.214817399999999914e+01
1.218156399999999984e+01
1.220448400000000078e+01
1.224320600000000070e+01
1.227260199999999912e+01
1.229589799999999933e+01
1.233220799999999961e+01
1.236068799999999968e+01
1.240104599999999913e+01
1.242311800000000055e+01
1.246099199999999918e+01
1.250040399999999963e+01
1.252354200000000084e+01
1.254141000000000084e+01
1.259036200000000072e+01
1.259872200000000042e+01
1.263788199999999939e+01
1.268386600000000008e+01
1.271143600000000085e+01
1.273747999999999969e+01
1.277782000000000018e+01
1.278317799999999949e+01
1.283567399999999914e+01
1.285320399999999985e+01
1.288989600000000024e+01
1.292752600000000029e+01
1.296415000000000006e+01
1.299275800000000025e+01
1.302440200000000026e+01
1.306088600000000000e+01
1.309461600000000026e+01
1.311945000000000050e+01
1.313264000000000031e+01
1.316985799999999962e+01
1.320573399999999964e+01
1.323477199999999954e+01
1.328107400000000027e+01
1.329694600000000015e+01
1.332868000000000031e+01
1.336875999999999998e+01
1.340106600000000014e+01
1.341193799999999925e+01
1.345928800000000081e+01
1.347932999999999915e+01
1.351174600000000048e+01
1.355242800000000081e+01
1.359767000000000081e+01
1.361635799999999996e+01
1.363563599999999987e+01
1.367546399999999984e+01
1.371038199999999918e+01
1.373222799999999921e+01
1.377689999999999948e+01
1.379527000000000037e+01
1.381985000000000063e+01
1.386662800000000040e+01
1.390887400000000085e+01
1.392172799999999988e+01
1.397070000000000078e+01
1.398499200000000009e+01
1.403255000000000052e+01
1.404977000000000054e+01
1.407926199999999994e+01
1.410786200000000079e+01
1.413268200000000085e+01
1.418923000000000023e+01
1.419969399999999915e+01
1.424608600000000003e+01
1.427423600000000015e+01
1.430600800000000028e+01
1.432644200000000012e+01
1.435323799999999927e+01
1.440639799999999937e+01
1.442837800000000037e+01
1.445553800000000066e+01
1.449615000000000009e+01
1.450353400000000015e+01
1.455552400000000013e+01
1.458228599999999986e+01
1.461186400000000063e+01
1.464619800000000005e+01
1.467368199999999945e+01
1.470463799999999921e+01
1.472197199999999917e+01
1.476500599999999963e+01
1.479285999999999923e+01
1.482902400000000043e+01
1.486642400000000031e+01
1.489714799999999961e+01
1.493646200000000057e+01
1.496307000000000009e+01
1.498067799999999927e+01
1.501630199999999959e+01
1.504009199999999957e+01
1.508304000000000045e+01
1.510582999999999920e+01
1.512609999999999921e+01
1.518248200000000026e+01
1.521846799999999966e+01
1.523080399999999912e+01
1.526584199999999925e+01
1.530875799999999920e+01
1.532205199999999934e+01
1.536264199999999924e+01
1.539184000000000019e+01
1.542010800000000081e+01
1.545147599999999954e+01
1.549344800000000077e+01
1.551328600000000080e+01
1.554654999999999987e+01
1.557194600000000051e+01
1.560218399999999939e+01
1.563624800000000015e+01
1.567016600000000004e+01
1.571095599999999948e+01
1.573929599999999951e+01
1.576730000000000054e+01
1.579631400000000063e+01
1.583044800000000052e+01
1.585643999999999920e+01
1.589860999999999969e+01
1.592139200000000088e+01
1.594581799999999916e+01
1.598977000000000004e+01
1.602021399999999929e+01
1.603476399999999913e+01
1.606882799999999989e+01
1.611361399999999833e+01
1.613702200000000175e+01
1.618531400000000176e+01
1.619779399999999825e+01
1.623453999999999908e+01
1.626147800000000032e+01
1.629415399999999892e+01
1.633478200000000058e+01
1.636589800000000139e+01
1.638961000000000112e+01
1.642704799999999921e+01
1.643623399999999890e+01
1.647004400000000146e+01
1.652687999999999846e+01
1.655908000000000158e+01
1.657242600000000010e+01
1.659592200000000162e+01
1.664229600000000175e+01
1.666953399999999874e+01
1.670054999999999978e+01
1.672764600000000002e+01
1.675166000000000111e+01
1.678335999999999828e+01
1.682394400000000090e+01
1.685160199999999975e+01
1.689349599999999896e+01
1.692078199999999910e+01
1.694817600000000013e+01
1.697810399999999831e+01
1.701620399999999833e+01
1.705125400000000013e+01
1.707513000000000147e+01
1.712184799999999996e+01
1.715467599999999848e+01
1.717368000000000094e+01
1.720178599999999847e+01
1.723699600000000132e+01
1.725355199999999911e+01
1.730110799999999927e+01
1.732522399999999863e+01
1.735720999999999847e+01
1.739839600000000175e+01
1.741163999999999845e+01
1.744950599999999952e+01
1.745925799999999839e+01
1.753121799999999908e+01
1.754802600000000012e+01
1.757432199999999867e+01
1.758957200000000043e+01
1.764536400000000071e+01
1.767866400000000127e+01
1.770347999999999900e+01
1.773129799999999889e+01
1.776616800000000040e+01
1.780487000000000108e+01
1.782683799999999863e+01
1.787119399999999914e+01
1.789353799999999950e+01
1.791954799999999892e+01
1.793534199999999856e+01
1.797700599999999937e+01
1.799588800000000077e+01
1.804102599999999867e+01
1.807265400000000000e+01
1.809239600000000081e+01
1.813125399999999843e+01
1.817751000000000161e+01
1.820300399999999996e+01
1.822076200000000057e+01
1.825439799999999835e+01
1.828834799999999916e+01
1.830027600000000021e+01
1.834578399999999831e+01
1.840214599999999834e+01
1.840791400000000166e+01
1.844229999999999947e+01
1.848255999999999943e+01
1.852797999999999945e+01
1.853867800000000088e+01
1.859078999999999837e+01
1.860016999999999854e+01
1.863831400000000116e+01
1.865318800000000010e+01
1.870924000000000120e+01
1.873268600000000106e+01
1.876166399999999967e+01
1.880123999999999995e+01
1.882538999999999874e+01
1.885833200000000076e+01
1.889353600000000100e+01
1.891983000000000104e+01
1.895080199999999948e+01
1.897972199999999887e+01
1.901742399999999833e+01
1.904118400000000122e+01
1.907152200000000164e+01
1.910144599999999926e+01
1.913283399999999901e+01
1.915214800000000039e+01
1.920185199999999881e+01
1.923389799999999994e+01
1.924839800000000167e+01
1.928473999999999933e+01
1.930457399999999879e+01
1.935120799999999974e+01
1.937636600000000087e+01
1.941275600000000168e+01
1.945791799999999938e+01
1.946794399999999925e+01
1.951440399999999897e+01
1.954770399999999952e+01
1.957016399999999834e+01
1.959433999999999898e+01
1.965434000000000125e+01
1.967372800000000055e+01
1.968287199999999970e+01
1.973671799999999976e+01
1.975010800000000089e+01
1.978913999999999973e+01
1.982605999999999824e+01
1.985151400000000166e+01
1.987029199999999918e+01
1.991008400000000123e+01
1.995929800000000043e+01
1.998036600000000007e+01
1.999448399999999992e+01
2.004716200000000015e+01
2.008575199999999938e+01
2.011909999999999954e+01
2.013520000000000110e+01
2.017528799999999833e+01
2.018655599999999950e+01
2.022684800000000038e+01
2.024773599999999973e+01
2.029472200000000015e+01
2.031731399999999965e+01
2.034887799999999913e+01
2.039945799999999920e+01
2.041240000000000165e+01
2.043649800000000027e+01
2.047487399999999980e+01
2.050372199999999978e+01
2.053131799999999885e+01
2.055480599999999924e+01
2.059123400000000004e+01
2.062433000000000050e+01
2.068022200000000055e+01
2.070134799999999942e+01
2.072578000000000031e+01
2.075777599999999978e+01
2.076689400000000063e+01
2.080476799999999926e+01
2.084909199999999885e+01
2.087203799999999987e+01
2.091056400000000082e+01
2.094181599999999932e+01
2.097140200000000121e+01
2.100085599999999886e+01
2.103265800000000141e+01
2.107442599999999899e+01
2.108546400000000176e+01
2.111905199999999994e+01
2.117309200000000047e+01
2.119566000000000017e+01
2.121035200000000032e+01
2.124756199999999851e+01
2.128824799999999939e+01
2.131538400000000166e+01
2.135113600000000034e+01
2.139712199999999953e+01
2.143546999999999869e+01
2.144370599999999882e+01
2.147409599999999941e+01
2.151364399999999932e+01
2.152922999999999831e+01
2.157732599999999934e+01
2.160807799999999901e+01
2.164447200000000038e+01
2.167475800000000064e+01
2.168635199999999941e+01
2.173273199999999861e+01
2.174949000000000154e+01
2.178502399999999994e+01
2.182804600000000050e+01
2.184744799999999998e+01
2.188855999999999824e+01
2.190434199999999976e+01
2.195254200000000111e+01
2.198259200000000035e+01
2.201845799999999898e+01
2.203196200000000005e+01
2.123984000000000094e+01
2.033277000000000001e+01
1.981053400000000053e+01
1.941246999999999900e+01
1.904154199999999975e+01
1.873939000000000021e+01
1.845842199999999877e+01
1.819920799999999872e+01
1.795327800000000096e+01
1.773719200000000029e+01
1.751842200000000105e+01
1.732620000000000005e+01
1.711880000000000024e+01
1.693964799999999826e+01
1.677572199999999825e+01
1.661403800000000075e+01
1.644000600000000034e+01
1.627783399999999858e+01
1.613409599999999955e+01
1.598445199999999922e+01
1.582841200000000015e+01
1.567992199999999947e+01
1.556615200000000065e+01
1.542158399999999929e+01
1.529036800000000085e+01
1.516310200000000030e+01
1.504480599999999946e+01
1.492711399999999955e+01
1.480222200000000043e+01
1.469064999999999976e+01
1.457479400000000069e+01
1.444305600000000034e+01
1.434051000000000009e+01
1.423703000000000074e+01
1.412408199999999958e+01
1.401452800000000032e+01
1.392281200000000041e+01
1.380426600000000015e+01
1.370329199999999936e+01
1.360817399999999999e+01
1.350188799999999922e+01
1.341135799999999989e+01
1.330796999999999919e+01
1.322688800000000064e+01
1.313002600000000086e+01
1.304743200000000058e+01
1.294651999999999958e+01
1.285727999999999938e+01
1.277253999999999934e+01
1.267792200000000058e+01
1.259910400000000053e+01
1.250128600000000034e+01
1.242214000000000063e+01
1.233979199999999921e+01
1.224480400000000024e+01
1.216833800000000032e+01
1.209036399999999922e+01
1.200779799999999931e+01
1.193278399999999984e+01
1.186079999999999934e+01
1.175763800000000003e+01
1.168944800000000050e+01
1.161666999999999916e+01
1.152299599999999913e+01
1.144753799999999977e+01
1.138270999999999944e+01
1.130301399999999923e+01
1.122216799999999992e+01
1.116010200000000019e+01
1.108367600000000053e+01
1.100990200000000030e+01
1.094593399999999939e+01
1.087859000000000087e+01
1.079646999999999935e+01
1.071751000000000076e+01
1.065568599999999932e+01
1.059005800000000086e+01
1.050482599999999955e+01
1.043937400000000082e+01
1.037973000000000035e+01
1.030375199999999936e+01
1.023963400000000057e+01
1.017248599999999925e+01
1.010731200000000030e+01
1.004685800000000029e+01
9.965773999999999688e+00
9.914253999999999678e+00
9.837122000000000810e+00
9.772982000000000724e+00
9.706196000000000268e+00
9.654085999999999501e+00
9.594948000000000476e+00
9.533091999999999899e+00
9.465706000000000842e+00
9.401346000000000203e+00
9.340512000000000370e+00
9.284473999999999450e+00
9.209958000000000311e+00
9.145360000000000156e+00
9.086173999999999751e+00
9.024520000000000763e+00
8.962364000000000885e+00
8.895780000000000243e+00
8.860749999999999460e+00
8.790578000000000003e+00
8.719739999999999824e+00
8.651142000000000110e+00
8.604867999999999739e+00
8.541216000000000363e+00
8.498485999999999763e+00
8.437507999999999342e+00
8.378168000000000504e+00
8.315898000000000678e+00
8.251201999999999259e+00
8.205631999999999593e+00
8.138363999999999265e+00
8.092487999999999460e+00
8.019674000000000191e+00
7.974823999999999913e+00
7.926108000000000153e+00
7.860975999999999964e+00
7.804998000000000324e+00
7.751298000000000243e+00
7.695096000000000380e+00
7.638571999999999917e+00
7.574346000000000245e+00
7.536571999999999605e+00
7.471619999999999706e+00
7.414743999999999780e+00
7.358772000000000091e+00
7.313215999999999717e+00
7.257498000000000005e+00
7.191802000000000028e+00
7.145731999999999751e+00
7.094683999999999990e+00
7.050174000000000163e+00
6.985515999999999615e+00
6.938842000000000176e+00
6.886190000000000033e+00
6.839982000000000006e+00
6.781270000000000131e+00
6.736089999999999911e+00
6.679401999999999617e+00
6.629489999999999661e+00
6.575745999999999647e+00
6.517719999999999736e+00
6.470220000000000304e+00
6.419109999999999872e+00
6.376731999999999623e+00
6.325109999999999566e+00
6.268106000000000400e+00
6.220311999999999841e+00
6.166076000000000334e+00
6.111907999999999674e+00
6.076672000000000295e+00
6.021355999999999931e+00
5.970871999999999957e+00
5.924348000000000170e+00
5.875408000000000186e+00
5.817336000000000062e+00
5.769923999999999609e+00
5.725863999999999621e+00
5.673002000000000322e+00
5.625426000000000037e+00
5.571749999999999758e+00
5.535618000000000372e+00
5.480675999999999881e+00
5.430279999999999774e+00
5.379894000000000176e+00
5.337571999999999761e+00
5.286436000000000135e+00
5.238541999999999810e+00
5.188480000000000203e+00
5.139725999999999573e+00
5.091998000000000246e+00
5.045574000000000225e+00
4.993573999999999735e+00
4.950479999999999769e+00
4.906868000000000229e+00
4.850929999999999964e+00
4.811022000000000354e+00
4.769301999999999708e+00
4.717360000000000220e+00
4.668312000000000239e+00
4.622326000000000157e+00
4.578926000000000052e+00
4.527233999999999980e+00
4.479788000000000103e+00
4.439201999999999870e+00
4.394948000000000299e+00
4.345043999999999684e+00
4.297912000000000177e+00
4.251788000000000345e+00
4.205067999999999806e+00
4.161678000000000210e+00
4.120157999999999987e+00
4.068188000000000137e+00
4.026074000000000375e+00
3.976363999999999788e+00
3.933155999999999874e+00
3.887951999999999853e+00
3.851316000000000184e+00
3.798766000000000087e+00
3.759253999999999873e+00
3.713417999999999886e+00
3.668877999999999862e+00
3.615441999999999823e+00
3.587460000000000093e+00
3.532038000000000011e+00
3.492726000000000219e+00
3.449332000000000065e+00
3.397170000000000023e+00
3.356447999999999876e+00
3.314475999999999978e+00
3.264812000000000047e+00
3.226427999999999852e+00
3.188918000000000141e+00
3.138211999999999779e+00
3.086266000000000176e+00
3.049742000000000175e+00
3.002438000000000162e+00
2.954562000000000133e+00
2.921943999999999875e+00
2.871780000000000221e+00
2.832434000000000118e+00
2.791166000000000036e+00
2.741976000000000191e+00
2.697455999999999854e+00
2.660572000000000159e+00
2.618003999999999998e+00
2.574091999999999825e+00
2.527458000000000204e+00
2.487833999999999879e+00
2.443461999999999801e+00
2.399884000000000128e+00
2.361305999999999905e+00
2.313035999999999870e+00
2.274598000000000120e+00
2.226179999999999826e+00
2.193547999999999831e+00
2.145980000000000221e+00
2.103742000000000001e+00
2.061462000000000128e+00
2.018168000000000184e+00
1.979525999999999897e+00
1.931974000000000080e+00
1.894406000000000034e+00
1.856473999999999958e+00
1.809973999999999972e+00
1.769910000000000094e+00
1.726617999999999986e+00
1.691349999999999909e+00
1.642962000000000033e+00
1.604726000000000097e+00
1.557150000000000034e+00
1.520591999999999944e+00
1.479343999999999992e+00
1.438474000000000030e+00
1.396200000000000108e+00
1.350494000000000083e+00
1.314451999999999954e+00
1.270364000000000049e+00
1.231028000000000011e+00
1.191232000000000069e+00
1.150037999999999894e+00
1.107569999999999943e+00
1.067838000000000065e+00
1.026720000000000077e+00
9.837219999999999853e-01
9.451920000000000321e-01
9.054699999999999971e-01
8.644760000000000222e-01
8.265299999999999869e-01
7.829880000000000173e-01
7.412339999999999485e-01
7.027339999999999698e-01
6.596760000000000401e-01
6.205140000000000100e-01
5.798339999999999606e-01
5.376539999999999653e-01
5.024600000000000177e-01
4.605639999999999734e-01
4.178879999999999817e-01
3.779620000000000202e-01
3.392100000000000115e-01
3.002139999999999809e-01
2.584739999999999815e-01
2.208259999999999945e-01
1.788520000000000110e-01
1.388280000000000070e-01
9.840400000000000535e-02
5.933999999999999692e-02
1.970399999999999929e-02
L=10.0,N=100,T=3.0,r=0.16,eta=0.08042477193189872,t=62.46373271942139s