0.000000000000000000e+00
0.000000000000000000e+00
0.000000000000000000e+00
0.000000000000000000e+00
0.000000000000000000e+00
0.000000000000000000e+00
0.000000000000000000e+00
0.000000000000000000e+00
0.000000000000000000e+00
0.000000000000000000e+00
0.000000000000000000e+00
0.000000000000000000e+00
0.000000000000000000e+00
0.000000000000000000e+00
0.000000000000000000e+00
0.000000000000000000e+00
0.000000000000000000e+00
0.000000000000000000e+00
0.000000000000000000e+00
0.000000000000000000e+00
0.000000000000000000e+00
0.000000000000000000e+00
0.000000000000000000e+00
0.000000000000000000e+00
0.000000000000000000e+00
0.000000000000000000e+00
0.000000000000000000e+00
0.000000000000000000e+00
0.000000000000000000e+00
0.000000000000000000e+00
0.000000000000000000e+00
0.000000000000000000e+00
0.000000000000000000e+00
0.000000000000000000e+00
0.000000000000000000e+00
0.000000000000000000e+00
0.000000000000000000e+00
0.000000000000000000e+00
0.000000000000000000e+00
0.000000000000000000e+00
0.000000000000000000e+00
0.000000000000000000e+00
0.000000000000000000e+00
0.000000000000000000e+00
0.000000000000000000e+00
1.480019799999999996e+01
1.992973800000000040e+01
2.001883199999999974e+01
2.010334599999999838e+01
2.014612800000000092e+01
2.022438400000000058e+01
2.026595199999999863e+01
2.034224400000000088e+01
2.039758600000000044e+01
2.043368800000000007e+01
2.049673200000000151e+01
2.052127199999999974e+01
2.058176399999999973e+01
2.062502800000000036e+01
2.067992599999999825e+01
2.069203200000000109e+01
2.072689400000000148e+01
2.078629799999999861e+01
2.082937599999999989e+01
2.087538199999999833e+01
2.089229200000000120e+01
2.095981400000000150e+01
2.098763599999999840e+01
2.104078399999999860e+01
2.109910400000000053e+01
2.116538800000000009e+01
2.123429399999999845e+01
2.127395800000000037e+01
2.136032000000000153e+01
2.143875799999999998e+01
2.150486000000000075e+01
2.159720199999999934e+01
2.169776399999999938e+01
2.179897199999999913e+01
2.191716999999999871e+01
2.204612600000000100e+01
2.216552799999999834e+01
2.232008799999999837e+01
2.248186600000000013e+01
2.265741600000000133e+01
2.284336000000000055e+01
2.305230999999999852e+01
2.328101200000000048e+01
2.354113999999999862e+01
2.382914800000000000e+01
2.421145999999999887e+01
2.461097200000000029e+01
2.505636399999999853e+01
2.547851599999999905e+01
2.588636199999999832e+01
2.627909199999999856e+01
2.665717799999999826e+01
2.702459400000000045e+01
2.741836800000000096e+01
2.782447200000000009e+01
2.817424799999999863e+01
2.854682999999999993e+01
2.887229999999999919e+01
2.923790199999999828e+01
2.956917400000000029e+01
2.991269199999999984e+01
3.022202800000000167e+01
3.056300600000000145e+01
3.087291199999999947e+01
3.116695800000000105e+01
3.148037599999999969e+01
3.180183600000000155e+01
3.208673999999999893e+01
3.237159799999999876e+01
3.262281600000000026e+01
3.292684599999999762e+01
3.320844999999999914e+01
3.351612399999999781e+01
3.376301800000000242e+01
3.403357799999999855e+01
3.432463400000000320e+01
3.457470399999999700e+01
3.484021800000000013e+01
3.510111799999999960e+01
3.535727399999999676e+01
3.563577399999999784e+01
3.589606799999999964e+01
3.613714199999999721e+01
3.640253400000000283e+01
3.665085799999999949e+01
3.690729199999999821e+01
3.717998800000000159e+01
3.746332999999999913e+01
3.770378999999999792e+01
3.796180799999999778e+01
3.823503999999999792e+01
3.851241999999999877e+01
3.876225600000000071e+01
3.905085799999999807e+01
3.933482399999999757e+01
3.959035999999999689e+01
3.988272400000000317e+01
4.014733400000000074e+01
4.043056800000000095e+01
4.072657199999999733e+01
4.101223199999999736e+01
4.130614400000000330e+01
4.156822999999999979e+01
4.185021799999999814e+01
4.213114999999999810e+01
4.245753599999999750e+01
4.271063600000000093e+01
4.300141599999999897e+01
4.330324199999999735e+01
4.358423599999999709e+01
4.387998799999999733e+01
4.416231599999999702e+01
4.448317800000000233e+01
4.474238799999999827e+01
4.502785000000000082e+01
4.533071799999999740e+01
4.561960799999999949e+01
4.591247599999999807e+01
4.617830000000000013e+01
4.648645400000000194e+01
4.674262600000000134e+01
4.703292600000000334e+01
4.732187799999999811e+01
4.759656199999999870e+01
4.792001400000000189e+01
4.815739800000000059e+01
4.844556200000000246e+01
4.870159400000000005e+01
4.902114199999999755e+01
4.932432399999999717e+01
4.958929799999999943e+01
4.986869000000000085e+01
5.016523600000000016e+01
5.042895000000000039e+01
5.072399599999999964e+01
5.101646999999999821e+01
5.128687999999999647e+01
5.157449600000000345e+01
5.184570800000000190e+01
5.212251400000000245e+01
5.240521600000000291e+01
5.268629800000000074e+01
5.297429799999999744e+01
5.323297199999999663e+01
5.351089400000000040e+01
5.382383999999999702e+01
5.406112399999999951e+01
5.435516199999999998e+01
5.463842199999999849e+01
5.493108800000000258e+01
5.520045600000000263e+01
5.550309599999999932e+01
5.576716199999999901e+01
5.605779400000000123e+01
5.635784400000000005e+01
5.661561199999999872e+01
5.688261200000000173e+01
5.720231799999999822e+01
5.746760799999999847e+01
5.772476199999999835e+01
5.804386199999999718e+01
5.833733999999999753e+01
5.862302799999999792e+01
5.887596200000000124e+01
5.912532999999999817e+01
5.943507999999999925e+01
5.974132600000000082e+01
6.003731799999999907e+01
6.030113000000000056e+01
6.056262600000000162e+01
6.085382599999999798e+01
6.112979200000000191e+01
6.146121000000000123e+01
6.168393600000000276e+01
6.194606999999999886e+01
6.225825799999999788e+01
6.256119199999999836e+01
6.280534000000000106e+01
6.312483600000000195e+01
6.341961200000000076e+01
6.369221199999999783e+01
6.401006200000000490e+01
6.423821800000000337e+01
6.451359999999999673e+01
6.481679800000000569e+01
6.513010199999999372e+01
6.537347800000000575e+01
6.569675999999999760e+01
6.588894399999999507e+01
6.625207199999999830e+01
6.652083799999999769e+01
6.678613400000000411e+01
6.707462999999999909e+01
6.738087199999999655e+01
6.763632599999999684e+01
6.793430200000000241e+01
6.816752200000000528e+01
6.844962200000000507e+01
6.879740599999999517e+01
6.904391599999999585e+01
6.934331400000000656e+01
6.958225199999999688e+01
6.990301999999999794e+01
7.021936399999999878e+01
7.048046999999999684e+01
7.074823399999999651e+01
7.104731400000000008e+01
7.131910200000000088e+01
7.155031200000000524e+01
7.186364600000000280e+01
7.218013200000000040e+01
7.244593600000000322e+01
7.273959800000000087e+01
7.299261799999999312e+01
7.327389399999999853e+01
7.359434600000000160e+01
7.385308000000000561e+01
7.412832400000000632e+01
7.441156399999999849e+01
7.469093599999999356e+01
7.493504000000000076e+01
7.527334600000000364e+01
7.554442199999999730e+01
7.584098000000000184e+01
7.609921199999999430e+01
7.638913399999999854e+01
7.669685400000000186e+01
7.694876800000000117e+01
7.721645399999999881e+01
7.755748199999999315e+01
7.778713000000000477e+01
7.810450199999999654e+01
7.834339599999999848e+01
7.866226799999999741e+01
7.894877999999999929e+01
7.920690799999999854e+01
7.945975799999999367e+01
7.977109000000000094e+01
8.005558999999999514e+01
8.036404400000000692e+01
8.062845199999999579e+01
8.090518400000000554e+01
8.122075800000000356e+01
8.145353000000000065e+01
8.176514600000000144e+01
8.201858799999999405e+01
8.229318200000000161e+01
8.260642599999999902e+01
8.288174999999999670e+01
8.318213199999999574e+01
8.345826999999999884e+01
8.375901399999999342e+01
8.406599599999999839e+01
8.428625999999999863e+01
8.456266399999999805e+01
8.489302000000000703e+01
8.512094000000000449e+01
8.546930600000000311e+01
8.573460799999999438e+01
8.601269000000000631e+01
8.628827400000000125e+01
8.659386999999999546e+01
8.684963999999999373e+01
8.710669799999999441e+01
8.744078000000000372e+01
8.767487199999999348e+01
8.797505999999999915e+01
8.823983400000000188e+01
8.856596999999999298e+01
8.883006000000000313e+01
8.908894600000000707e+01
8.938581800000000044e+01
8.966530400000000611e+01
8.995064999999999600e+01
9.024373599999999840e+01
9.050799200000000155e+01
9.077541399999999783e+01
9.105928400000000522e+01
9.136106999999999800e+01
9.165605399999999747e+01
9.190964599999999507e+01
9.221565599999999563e+01
9.243391800000000558e+01
9.275605199999999684e+01
9.307105799999999363e+01
9.332390599999999381e+01
9.358574799999999527e+01
9.386998199999999315e+01
9.416692799999999863e+01
9.448062799999999584e+01
9.478127200000000130e+01
9.502429999999999666e+01
9.531610999999999478e+01
9.562043400000000304e+01
9.589481399999999667e+01
9.616810200000000464e+01
9.644071800000000394e+01
9.670480000000000587e+01
9.705196999999999719e+01
9.733841999999999928e+01
9.756195599999999502e+01
9.786154000000000508e+01
9.810706399999999405e+01
9.838673799999999403e+01
9.869603600000000654e+01
9.895655200000000207e+01
9.930778599999999301e+01
9.958558999999999628e+01
9.981264400000000592e+01
1.001469859999999983e+02
1.004207860000000068e+02
1.006940259999999938e+02
1.010025720000000007e+02
1.012380179999999967e+02
1.015599739999999969e+02
1.017740079999999949e+02
1.020892419999999987e+02
1.023585240000000027e+02
1.026409440000000046e+02
1.029104020000000048e+02
1.032701160000000016e+02
1.035230580000000060e+02
1.037899060000000020e+02
1.040879580000000004e+02
1.043367360000000019e+02
1.046703239999999937e+02
1.049322240000000050e+02
1.051957459999999998e+02
1.055011539999999997e+02
1.057465399999999960e+02
1.060043239999999969e+02
1.063614900000000034e+02
1.065711239999999975e+02
1.069013839999999931e+02
1.071924460000000039e+02
1.074166500000000042e+02
1.077008199999999931e+02
1.079853059999999942e+02
1.083042559999999952e+02
1.086130600000000044e+02
1.088519759999999934e+02
1.091354620000000040e+02
1.093774200000000008e+02
1.097054339999999968e+02
1.099955080000000009e+02
1.102675179999999955e+02
1.105594459999999941e+02
1.108786779999999936e+02
1.111215519999999941e+02
1.113982100000000059e+02
1.116661519999999967e+02
1.119595640000000003e+02
1.122620560000000012e+02
1.125125479999999953e+02
1.128489160000000027e+02
1.131206379999999996e+02
1.134111060000000037e+02
1.136336600000000061e+02
1.139216360000000066e+02
1.142445819999999941e+02
1.145547760000000039e+02
1.148146679999999975e+02
1.150376720000000006e+02
1.153594200000000001e+02
1.156380400000000037e+02
1.159649200000000064e+02
1.162442559999999929e+02
1.164875059999999962e+02
1.167747480000000024e+02
1.170593199999999996e+02
1.173501159999999999e+02
1.176023040000000037e+02
1.179019140000000050e+02
1.182291979999999967e+02
1.184755159999999989e+02
1.187401420000000059e+02
1.189787819999999954e+02
1.193316140000000019e+02
1.195898600000000016e+02
1.198762360000000058e+02
1.201466180000000037e+02
1.204584720000000004e+02
1.206645720000000068e+02
1.210016219999999976e+02
1.212774419999999935e+02
1.215541879999999964e+02
1.218435240000000022e+02
1.221272400000000005e+02
1.224160920000000061e+02
1.226897340000000014e+02
1.230131219999999956e+02
1.232781839999999960e+02
1.235636640000000028e+02
1.238785919999999976e+02
1.241683139999999952e+02
1.244382059999999939e+02
1.246974440000000044e+02
1.249490700000000061e+02
1.252495399999999961e+02
1.255138919999999985e+02
1.258135939999999948e+02
1.260921500000000037e+02
1.263863860000000017e+02
1.266343099999999993e+02
1.269511719999999997e+02
1.272354339999999979e+02
1.274876780000000025e+02
1.278336780000000061e+02
1.280970179999999914e+02
1.283415160000000128e+02
1.286857019999999920e+02
1.289594240000000127e+02
1.291726960000000020e+02
1.295124040000000036e+02
1.297506620000000055e+02
1.300849420000000123e+02
1.303721999999999923e+02
1.306298020000000122e+02
1.308717939999999942e+02
1.311235719999999958e+02
1.314732820000000117e+02
1.317066920000000039e+02
1.320063460000000077e+02
1.322843340000000012e+02
1.325917479999999955e+02
1.328658739999999909e+02
1.331280240000000106e+02
1.334003500000000031e+02
1.337073279999999897e+02
1.339919659999999908e+02
1.342995219999999961e+02
1.345535360000000082e+02
1.348830719999999985e+02
1.351210639999999898e+02
1.354622420000000034e+02
1.357161419999999907e+02
1.359728460000000041e+02
1.363042199999999866e+02
1.365414739999999938e+02
1.368502459999999985e+02
1.370788799999999981e+02
1.374108840000000100e+02
1.376601220000000012e+02
1.379204939999999908e+02
1.382372459999999990e+02
1.385074539999999956e+02
1.387852739999999869e+02
1.390234240000000057e+02
1.393376039999999989e+02
1.396003460000000018e+02
1.399455979999999897e+02
1.402198480000000131e+02
1.405450299999999970e+02
1.408252439999999979e+02
1.410627540000000124e+02
1.413556279999999958e+02
1.416472359999999924e+02
1.419452699999999936e+02
1.422213659999999891e+02
1.425179060000000106e+02
1.428164620000000014e+02
1.430842700000000036e+02
1.433154719999999998e+02
1.435763860000000136e+02
1.438879499999999894e+02
1.441404819999999916e+02
1.444651299999999878e+02
1.447016340000000127e+02
1.450250780000000077e+02
1.453101399999999899e+02
1.456035060000000101e+02
1.458471199999999897e+02
1.461296480000000031e+02
1.464173199999999895e+02
1.467392519999999934e+02
1.470640439999999955e+02
1.472817760000000078e+02
1.475403000000000020e+02
1.478888399999999876e+02
1.481601919999999950e+02
1.484137819999999977e+02
1.486798540000000060e+02
1.490231039999999894e+02
1.492635459999999910e+02
1.495639600000000087e+02
1.498278899999999965e+02
1.500821840000000122e+02
1.503196000000000083e+02
1.506470439999999940e+02
1.508798119999999869e+02
1.512656959999999913e+02
1.515478999999999985e+02
1.517583520000000021e+02
1.520924980000000062e+02
1.523869579999999928e+02
1.526392240000000129e+02
1.529857340000000079e+02
1.531991759999999942e+02
1.534638060000000053e+02
1.537825159999999869e+02
1.540543099999999868e+02
1.543114060000000052e+02
1.545796660000000031e+02
1.548672599999999875e+02
1.552039699999999982e+02
1.555127720000000124e+02
1.557859159999999861e+02
1.560560999999999865e+02
1.563798999999999921e+02
1.565948500000000081e+02
1.568764180000000010e+02
1.571414399999999887e+02
1.574697160000000054e+02
1.577177939999999978e+02
1.579863640000000089e+02
1.582826540000000080e+02
1.585575340000000040e+02
1.588829979999999864e+02
1.591333219999999926e+02
1.594382819999999867e+02
1.596593540000000075e+02
1.600089839999999981e+02
1.602757919999999956e+02
1.605567939999999965e+02
1.608022159999999872e+02
1.610986100000000079e+02
1.613734800000000007e+02
1.616596820000000037e+02
1.619991640000000075e+02
1.622598859999999945e+02
1.624760939999999891e+02
1.628029740000000061e+02
1.631249819999999886e+02
1.633446219999999869e+02
1.636560399999999902e+02
1.638862819999999942e+02
1.642196319999999901e+02
1.644993220000000065e+02
1.648387419999999963e+02
1.651147400000000118e+02
1.653727079999999887e+02
1.656191860000000133e+02
1.659594240000000127e+02
1.662489539999999977e+02
1.664993379999999945e+02
1.667061040000000105e+02
1.670220419999999990e+02
1.673440579999999898e+02
1.676342019999999877e+02
1.679350760000000093e+02
1.681686339999999973e+02
1.684262679999999932e+02
1.687478240000000085e+02
1.689692499999999882e+02
1.693061079999999947e+02
1.695597060000000056e+02
1.699455900000000099e+02
1.701774479999999983e+02
1.704652079999999899e+02
1.707172119999999893e+02
1.710138340000000028e+02
1.712982519999999909e+02
1.715781920000000014e+02
1.719024100000000033e+02
1.721577499999999930e+02
1.723818459999999959e+02
1.726443739999999991e+02
1.729551419999999951e+02
1.733148559999999918e+02
1.735885299999999916e+02
1.737736439999999902e+02
1.741306899999999871e+02
1.744116239999999891e+02
1.746857439999999997e+02
1.749492439999999931e+02
1.751913419999999917e+02
1.754793960000000084e+02
1.758163120000000106e+02
1.760820459999999912e+02
1.763960779999999886e+02
1.766306639999999959e+02
1.769088279999999997e+02
1.771995339999999999e+02
1.774723280000000045e+02
1.777792340000000024e+02
1.780637279999999976e+02
1.783860679999999945e+02
1.786138100000000009e+02
1.789081040000000087e+02
1.792080960000000118e+02
1.794320240000000126e+02
1.797253839999999911e+02
1.800667840000000126e+02
1.803955400000000111e+02
1.805714099999999860e+02
1.808694000000000131e+02
1.811445200000000000e+02
1.813914719999999932e+02
1.817669420000000002e+02
1.820194160000000068e+02
1.823618099999999913e+02
1.825587419999999952e+02
1.828511959999999874e+02
1.831710919999999874e+02
1.833745299999999929e+02
1.836809100000000115e+02
1.840605940000000089e+02
1.842628520000000094e+02
1.845567519999999888e+02
1.848693299999999908e+02
1.851302520000000129e+02
1.853589340000000050e+02
1.857408279999999934e+02
1.860270500000000027e+02
1.862585100000000011e+02
1.865412719999999922e+02
1.868003640000000019e+02
1.870886739999999975e+02
1.873539600000000007e+02
1.876467020000000048e+02
1.879770880000000091e+02
1.882726639999999918e+02
1.885118200000000002e+02
1.888440019999999890e+02
1.890837380000000110e+02
1.893674159999999915e+02
1.895758199999999931e+02
1.899329319999999939e+02
1.901763960000000111e+02
1.905127119999999934e+02
1.907237419999999872e+02
1.910766900000000135e+02
1.913859720000000095e+02
1.916856019999999887e+02
1.919099600000000123e+02
1.921932400000000030e+02
1.924466620000000034e+02
1.927495900000000120e+02
1.930662939999999992e+02
1.933259060000000034e+02
1.935354900000000100e+02
1.939084960000000137e+02
1.941938600000000008e+02
1.944508439999999894e+02
1.947055900000000008e+02
1.950080800000000067e+02
1.952673100000000090e+02
1.955461720000000128e+02
1.958553899999999999e+02
1.961588000000000136e+02
1.964304860000000019e+02
1.967066399999999931e+02
1.969590819999999951e+02
1.972177800000000047e+02
1.975071440000000109e+02
1.977938760000000116e+02
1.981193000000000097e+02
1.983146720000000016e+02
1.986294900000000041e+02
1.989256640000000118e+02
1.992309199999999976e+02
1.995540680000000009e+02
1.921908640000000048e+02
1.842058480000000031e+02
1.794224959999999953e+02
1.756475259999999992e+02
1.725515420000000120e+02
1.696555720000000065e+02
1.670781179999999893e+02
1.648196199999999862e+02
1.625865019999999959e+02
1.605860220000000140e+02
1.586626200000000040e+02
1.568490700000000118e+02
1.551072179999999889e+02
1.534549539999999865e+02
1.518644020000000125e+02
1.503879259999999931e+02
1.488154380000000003e+02
1.474136699999999962e+02
1.460626640000000123e+02
1.447180720000000065e+02
1.433541219999999896e+02
1.420693420000000060e+02
1.408517459999999915e+02
1.396851159999999936e+02
1.384472399999999936e+02
1.373121739999999988e+02
1.362034079999999960e+02
1.350935360000000003e+02
1.339905500000000131e+02
1.329107520000000022e+02
1.318989719999999863e+02
1.308562799999999982e+02
1.298705280000000073e+02
1.288654760000000010e+02
1.278997959999999949e+02
1.269345359999999943e+02
1.260258340000000032e+02
1.250712479999999971e+02
1.241266040000000004e+02
1.232134980000000013e+02
1.223786659999999955e+02
1.214728539999999981e+02
1.206085319999999967e+02
1.197224300000000028e+02
1.189144660000000044e+02
1.180188119999999969e+02
1.172334859999999992e+02
1.163950339999999954e+02
1.155742919999999998e+02
1.148155480000000068e+02
1.140462019999999939e+02
1.132171660000000060e+02
1.124435179999999974e+02
1.116764019999999960e+02
1.109092959999999977e+02
1.102137239999999991e+02
1.094694259999999986e+02
1.087386939999999953e+02
1.079338379999999944e+02
1.072656039999999962e+02
1.065385519999999957e+02
1.058452400000000040e+02
1.051526259999999979e+02
1.044439840000000004e+02
1.037364960000000025e+02
1.030610479999999995e+02
1.023592919999999964e+02
1.017123019999999940e+02
1.010295119999999969e+02
1.003680360000000036e+02
9.969771599999999978e+01
9.905210599999999488e+01
9.836138200000000609e+01
9.774313600000000690e+01
9.712478000000000122e+01
9.646406799999999748e+01
9.579177799999999365e+01
9.523885400000000345e+01
9.454122599999999466e+01
9.395479600000000175e+01
9.330682000000000187e+01
9.273708200000000090e+01
9.209382600000000707e+01
9.148074800000000550e+01
9.090597999999999956e+01
9.032339799999999741e+01
8.970212999999999681e+01
8.910234800000000632e+01
8.854688600000000065e+01
8.794389599999999518e+01
8.737337800000000243e+01
8.678104000000000440e+01
8.620645600000000286e+01
8.559552399999999750e+01
8.506541599999999903e+01
8.453832199999999375e+01
8.395034599999999614e+01
8.334607599999999650e+01
8.283850999999999942e+01
8.225512000000000512e+01
8.174407399999999768e+01
8.116059599999999818e+01
8.061448000000000036e+01
8.006896600000000319e+01
7.953652599999999495e+01
7.901559000000000310e+01
7.847059199999999635e+01
7.791476600000000019e+01
7.740076600000000440e+01
7.685616799999999671e+01
7.633614599999999939e+01
7.579632999999999754e+01
7.527223800000000153e+01
7.477379600000000437e+01
7.425184000000000140e+01
7.372954599999999914e+01
7.322517200000000059e+01
7.272754600000000380e+01
7.216888000000000147e+01
7.169763000000000375e+01
7.119444400000000428e+01
7.070670400000000200e+01
7.020323399999999481e+01
6.968292200000000491e+01
6.916235799999999756e+01
6.870028800000000047e+01
6.816926599999999326e+01
6.767929200000000378e+01
6.716326800000000219e+01
6.669177799999999934e+01
6.623009399999999403e+01
6.575400199999999984e+01
6.525135199999999713e+01
6.475738599999999678e+01
6.430837400000000059e+01
6.382952999999999832e+01
6.331796800000000047e+01
6.282164999999999822e+01
6.238585199999999986e+01
6.189092800000000238e+01
6.142220999999999975e+01
6.092842199999999764e+01
6.049908800000000042e+01
6.000044400000000167e+01
5.954611400000000287e+01
5.906366599999999778e+01
5.859748199999999940e+01
5.817039799999999872e+01
5.769516800000000245e+01
5.720507599999999826e+01
5.677079200000000014e+01
5.633436600000000283e+01
5.586082799999999793e+01
5.538551799999999758e+01
5.496563199999999938e+01
5.451834999999999809e+01
5.405947199999999953e+01
5.362184400000000295e+01
5.316801999999999850e+01
5.267342200000000219e+01
5.228760799999999875e+01
5.178646200000000022e+01
5.136492199999999997e+01
5.091071000000000168e+01
5.048092799999999869e+01
5.004946400000000040e+01
4.958093000000000217e+01
4.917677199999999971e+01
4.870142599999999788e+01
4.829899600000000248e+01
4.788411200000000179e+01
4.740845600000000104e+01
4.700585600000000142e+01
4.655261200000000343e+01
4.611363200000000262e+01
4.570717599999999692e+01
4.526520000000000010e+01
4.481568000000000040e+01
4.441167599999999993e+01
4.399543800000000005e+01
4.356575200000000336e+01
4.312889599999999746e+01
4.271707800000000077e+01
4.227918400000000076e+01
4.183827200000000346e+01
4.142461399999999827e+01
4.104397999999999769e+01
4.059566000000000230e+01
4.017683999999999855e+01
3.978090999999999866e+01
3.933223000000000269e+01
3.893177200000000227e+01
3.851053600000000188e+01
3.811256000000000199e+01
3.767871999999999844e+01
3.728067200000000270e+01
3.686236399999999946e+01
3.645676199999999767e+01
3.606687399999999855e+01
3.561882200000000154e+01
3.522586400000000140e+01
3.480516200000000282e+01
3.444054799999999972e+01
3.397924400000000134e+01
3.361953799999999859e+01
3.321167200000000008e+01
3.278809600000000302e+01
3.240101599999999848e+01
3.199170200000000008e+01
3.159853000000000023e+01
3.119251200000000068e+01
3.077826599999999857e+01
3.038847000000000165e+01
2.999170200000000008e+01
2.956340199999999996e+01
2.920718600000000009e+01
2.880604399999999998e+01
2.839866200000000163e+01
2.800865399999999994e+01
2.759910999999999959e+01
2.720711400000000069e+01
2.682336199999999948e+01
2.640827399999999869e+01
2.604194599999999937e+01
2.562533000000000172e+01
2.525379799999999975e+01
2.485076000000000107e+01
2.446606399999999937e+01
2.406920600000000121e+01
2.366607000000000127e+01
2.327778800000000103e+01
2.290787399999999963e+01
2.253182599999999880e+01
2.215027800000000013e+01
2.174364599999999825e+01
2.134838200000000086e+01
2.097992800000000102e+01
2.060077799999999826e+01
2.022300600000000159e+01
1.982562599999999975e+01
1.943560799999999844e+01
1.905991799999999969e+01
1.869294999999999973e+01
1.829677200000000070e+01
1.791676599999999908e+01
1.753015999999999863e+01
1.715326400000000007e+01
1.679178399999999982e+01
1.639545599999999936e+01
1.602591800000000077e+01
1.564110200000000006e+01
1.526269399999999976e+01
1.488814999999999955e+01
1.451384000000000007e+01
1.412205600000000061e+01
1.376087200000000088e+01
1.338266800000000067e+01
1.300219799999999992e+01
1.264063999999999943e+01
1.225223399999999963e+01
1.190466200000000008e+01
1.152773999999999965e+01
1.114754399999999990e+01
1.076520599999999916e+01
1.040058800000000083e+01
1.003673999999999999e+01
9.665152000000000854e+00
9.305400000000000560e+00
8.918616000000000099e+00
8.551389999999999603e+00
8.186764000000000152e+00
7.819270000000000387e+00
7.447566000000000130e+00
7.089502000000000415e+00
6.713574000000000375e+00
6.347614000000000090e+00
5.982502000000000209e+00
5.619513999999999676e+00
5.247245999999999633e+00
4.890705999999999776e+00
4.521726000000000134e+00
4.171333999999999875e+00
3.794058000000000153e+00
3.431961999999999957e+00
3.067162000000000166e+00
2.705963999999999814e+00
2.348015999999999881e+00
1.982620000000000049e+00
1.623056000000000054e+00
1.255821999999999994e+00
9.060259999999999980e-01
5.380500000000000282e-01
1.782720000000000138e-01
L=10.0,N=300,T=1.0,r=0.16,eta=0.24127431579569614,t=388.95384335517883s