0.000000000000000000e+00
0.000000000000000000e+00
0.000000000000000000e+00
0.000000000000000000e+00
0.000000000000000000e+00
0.000000000000000000e+00
0.000000000000000000e+00
0.000000000000000000e+00
0.000000000000000000e+00
0.000000000000000000e+00
0.000000000000000000e+00
0.000000000000000000e+00
0.000000000000000000e+00
0.000000000000000000e+00
0.000000000000000000e+00
0.000000000000000000e+00
0.000000000000000000e+00
0.000000000000000000e+00
0.000000000000000000e+00
0.000000000000000000e+00
0.000000000000000000e+00
0.000000000000000000e+00
0.000000000000000000e+00
0.000000000000000000e+00
0.000000000000000000e+00
0.000000000000000000e+00
0.000000000000000000e+00
0.000000000000000000e+00
0.000000000000000000e+00
0.000000000000000000e+00
0.000000000000000000e+00
0.000000000000000000e+00
0.000000000000000000e+00
0.000000000000000000e+00
0.000000000000000000e+00
0.000000000000000000e+00
0.000000000000000000e+00
0.000000000000000000e+00
0.000000000000000000e+00
0.000000000000000000e+00
0.000000000000000000e+00
0.000000000000000000e+00
0.000000000000000000e+00
0.000000000000000000e+00
0.000000000000000000e+00
5.602674000000000376e+00
7.586844000000000143e+00
7.664024000000000392e+00
7.763169999999999682e+00
7.818024000000000306e+00
7.919953999999999716e+00
7.996518000000000015e+00
8.073361999999999483e+00
8.150703999999999283e+00
8.234949999999999548e+00
8.315514000000000294e+00
8.379008000000000678e+00
8.456445999999999685e+00
8.524862000000000606e+00
8.584277999999999409e+00
8.667602000000000473e+00
8.736532000000000409e+00
8.791544000000000025e+00
8.865271999999999153e+00
8.943144000000000204e+00
8.994106000000000378e+00
9.080602000000000729e+00
9.147942000000000462e+00
9.211534000000000333e+00
9.286626000000000047e+00
9.351907999999999888e+00
9.411094000000000293e+00
9.479290000000000660e+00
9.569577999999999918e+00
9.631546000000000163e+00
9.698404000000000025e+00
9.767744000000000426e+00
9.850346000000000046e+00
9.916401999999999717e+00
9.998075999999999297e+00
1.007472399999999979e+01
1.016579400000000000e+01
1.025232399999999977e+01
1.033381600000000056e+01
1.042210799999999971e+01
1.050684000000000040e+01
1.060820000000000007e+01
1.072155000000000058e+01
1.082850000000000001e+01
1.094602399999999953e+01
1.107384799999999991e+01
1.121039599999999936e+01
1.137776999999999994e+01
1.150919000000000025e+01
1.166207400000000050e+01
1.180121600000000015e+01
1.194702599999999926e+01
1.208000799999999941e+01
1.223652399999999929e+01
1.236703600000000058e+01
1.251225400000000043e+01
1.263876199999999983e+01
1.278281800000000068e+01
1.293197200000000002e+01
1.304936999999999969e+01
1.319459799999999916e+01
1.331224600000000002e+01
1.345815799999999918e+01
1.360455999999999932e+01
1.371969600000000078e+01
1.386618600000000079e+01
1.399988600000000005e+01
1.412763999999999953e+01
1.425897800000000082e+01
1.439809999999999945e+01
1.451019800000000082e+01
1.461875200000000063e+01
1.475359000000000087e+01
1.488081999999999994e+01
1.499518800000000063e+01
1.513969600000000071e+01
1.525571399999999933e+01
1.537775000000000070e+01
1.551045000000000051e+01
1.563743599999999923e+01
1.576173400000000058e+01
1.587888000000000055e+01
1.599651599999999974e+01
1.613363999999999976e+01
1.624865399999999838e+01
1.636697600000000108e+01
1.650789999999999935e+01
1.660220599999999891e+01
1.674220199999999892e+01
1.686732800000000054e+01
1.699797999999999831e+01
1.712098999999999904e+01
1.725054199999999938e+01
1.735382600000000153e+01
1.748366599999999949e+01
1.761460399999999993e+01
1.772630600000000101e+01
1.784740800000000149e+01
1.798675799999999825e+01
1.810604800000000125e+01
1.823438399999999859e+01
1.835613000000000028e+01
1.849001000000000161e+01
1.861011999999999844e+01
1.874651400000000123e+01
1.886984800000000106e+01
1.898590000000000089e+01
1.910574799999999840e+01
1.923832200000000014e+01
1.936289599999999922e+01
1.948265599999999864e+01
1.961548200000000008e+01
1.974671400000000077e+01
1.986861800000000144e+01
1.998058400000000034e+01
2.012064200000000014e+01
2.021803399999999939e+01
2.036865200000000087e+01
2.048023399999999938e+01
2.061603799999999964e+01
2.074506399999999928e+01
2.088556399999999869e+01
2.099320399999999864e+01
2.114301000000000030e+01
2.126922199999999918e+01
2.137101600000000090e+01
2.150405599999999851e+01
2.161620800000000031e+01
2.175201399999999907e+01
2.187600600000000028e+01
2.200945600000000013e+01
2.213256200000000007e+01
2.225891599999999926e+01
2.240038399999999896e+01
2.250542400000000143e+01
2.261958999999999875e+01
2.275889600000000002e+01
2.287238800000000083e+01
2.300397200000000097e+01
2.312565599999999932e+01
2.325026000000000082e+01
2.335511199999999832e+01
2.350285999999999831e+01
2.364628799999999842e+01
2.376532399999999967e+01
2.388518200000000036e+01
2.400964199999999948e+01
2.412774800000000042e+01
2.427338400000000007e+01
2.436248000000000147e+01
2.452374599999999916e+01
2.464188000000000045e+01
2.473997400000000013e+01
2.487940800000000152e+01
2.500803000000000154e+01
2.512100399999999922e+01
2.526171599999999984e+01
2.537798400000000143e+01
2.551850200000000157e+01
2.563430999999999926e+01
2.576028799999999919e+01
2.589900000000000091e+01
2.599272600000000111e+01
2.611875600000000119e+01
2.627949600000000174e+01
2.638932600000000050e+01
2.652896199999999993e+01
2.660702799999999968e+01
2.676580799999999982e+01
2.688041000000000125e+01
2.701301399999999830e+01
2.716350200000000115e+01
2.725537599999999827e+01
2.740226200000000034e+01
2.752307000000000059e+01
2.764237800000000078e+01
2.777519600000000111e+01
2.787064200000000014e+01
2.799699599999999933e+01
2.814360999999999891e+01
2.827289400000000086e+01
2.836845399999999984e+01
2.851611199999999968e+01
2.866106600000000171e+01
2.877221799999999874e+01
2.888695200000000085e+01
2.902171999999999841e+01
2.913085399999999936e+01
2.928453199999999867e+01
2.940195999999999898e+01
2.952323600000000070e+01
2.965668000000000148e+01
2.978729999999999833e+01
2.990269999999999939e+01
3.000610199999999850e+01
3.015440399999999954e+01
3.026943999999999946e+01
3.038984800000000064e+01
3.053345399999999898e+01
3.063643000000000072e+01
3.076681599999999861e+01
3.089545199999999880e+01
3.105335799999999935e+01
3.114495399999999847e+01
3.125697600000000165e+01
3.140698599999999985e+01
3.151621400000000150e+01
3.165411999999999892e+01
3.175904600000000144e+01
3.190128400000000042e+01
3.203849400000000003e+01
3.215198399999999879e+01
3.226734199999999930e+01
3.242137400000000014e+01
3.254946600000000245e+01
3.263492000000000104e+01
3.281067399999999878e+01
3.289125400000000354e+01
3.303522399999999948e+01
3.315379200000000282e+01
3.326799400000000162e+01
3.340739200000000153e+01
3.351097599999999943e+01
3.364864599999999939e+01
3.378835000000000122e+01
3.391367600000000238e+01
3.402574400000000310e+01
3.415641000000000105e+01
3.428540799999999678e+01
3.439195999999999742e+01
3.454448599999999914e+01
3.465845399999999898e+01
3.477814800000000162e+01
3.490776400000000024e+01
3.504023000000000110e+01
3.517471199999999953e+01
3.527253799999999728e+01
3.541895199999999733e+01
3.555561200000000355e+01
3.566492399999999918e+01
3.579833800000000110e+01
3.592690799999999740e+01
3.601198600000000027e+01
3.614587800000000328e+01
3.626877999999999957e+01
3.645044000000000040e+01
3.655206199999999939e+01
3.666252999999999673e+01
3.678831999999999880e+01
3.690594200000000313e+01
3.704184599999999961e+01
3.718518199999999752e+01
3.728725800000000135e+01
3.741839600000000132e+01
3.753316800000000342e+01
3.766162599999999827e+01
3.779132200000000097e+01
3.790614800000000173e+01
3.806369999999999720e+01
3.816203600000000051e+01
3.830033000000000243e+01
3.844073600000000113e+01
3.852949000000000268e+01
3.865865199999999646e+01
3.878918199999999672e+01
3.889448800000000261e+01
3.904429199999999867e+01
3.916918600000000339e+01
3.930102399999999818e+01
3.941358199999999812e+01
3.954643599999999992e+01
3.966402800000000184e+01
3.981067000000000178e+01
3.993277199999999993e+01
4.006172600000000017e+01
4.013984200000000158e+01
4.029244599999999821e+01
4.040572800000000342e+01
4.052357800000000054e+01
4.067296199999999828e+01
4.082341000000000264e+01
4.092262600000000106e+01
4.105305200000000099e+01
4.120421400000000034e+01
4.126827000000000112e+01
4.144487800000000277e+01
4.155640999999999963e+01
4.167589999999999861e+01
4.177660800000000307e+01
4.193929399999999674e+01
4.206709200000000237e+01
4.215576200000000284e+01
4.229162600000000083e+01
4.245181199999999677e+01
4.257202600000000103e+01
4.270057400000000314e+01
4.279601399999999956e+01
4.291774000000000200e+01
4.305020600000000286e+01
4.318683200000000255e+01
4.330476399999999870e+01
4.344380199999999803e+01
4.355525800000000203e+01
4.366745000000000232e+01
4.380109600000000114e+01
4.394452600000000331e+01
4.407334000000000174e+01
4.420188999999999879e+01
4.432076800000000105e+01
4.443775800000000231e+01
4.454102600000000223e+01
4.467153400000000119e+01
4.482822600000000079e+01
4.495110999999999990e+01
4.506292400000000242e+01
4.516940000000000310e+01
4.531096600000000052e+01
4.544163600000000258e+01
4.557422600000000301e+01
4.565744200000000319e+01
4.580399200000000093e+01
4.594733999999999696e+01
4.607974399999999804e+01
4.616510399999999947e+01
4.630809800000000109e+01
4.641738399999999842e+01
4.656686400000000248e+01
4.671777999999999764e+01
4.682119999999999749e+01
4.693993199999999888e+01
4.705226400000000098e+01
4.719459599999999710e+01
4.731960600000000028e+01
4.741985799999999784e+01
4.754831200000000280e+01
4.771247400000000027e+01
4.781396999999999764e+01
4.794215799999999916e+01
4.806620199999999699e+01
4.820540799999999848e+01
4.832931399999999655e+01
4.846157199999999676e+01
4.857198999999999955e+01
4.867593399999999804e+01
4.883602199999999982e+01
4.897457200000000199e+01
4.910263199999999983e+01
4.917728400000000022e+01
4.933695000000000164e+01
4.944821999999999917e+01
4.959246399999999966e+01
4.970092999999999961e+01
4.980630800000000136e+01
4.995326200000000227e+01
5.010134200000000249e+01
5.020418200000000297e+01
5.034511799999999937e+01
5.043820399999999893e+01
5.058127400000000051e+01
5.069114600000000337e+01
5.084075599999999895e+01
5.094797200000000004e+01
5.109308200000000255e+01
5.119636400000000265e+01
5.132947800000000171e+01
5.145638199999999784e+01
5.156056399999999940e+01
5.172146000000000043e+01
5.185416399999999726e+01
5.195742200000000111e+01
5.208660600000000329e+01
5.221723000000000070e+01
5.235257000000000005e+01
5.245479399999999970e+01
5.257634000000000185e+01
5.272359000000000151e+01
5.281358999999999781e+01
5.294223399999999913e+01
5.308394799999999947e+01
5.320445800000000247e+01
5.336197399999999647e+01
5.345110799999999784e+01
5.357260200000000339e+01
5.372982199999999864e+01
5.383003000000000071e+01
5.399730000000000274e+01
5.408819400000000144e+01
5.423577800000000337e+01
5.431602000000000174e+01
5.446041999999999916e+01
5.457717600000000147e+01
5.471566599999999880e+01
5.486135199999999656e+01
5.496046400000000176e+01
5.507530400000000270e+01
5.520814599999999928e+01
5.534489399999999648e+01
5.548791599999999846e+01
5.558324199999999848e+01
5.569458600000000104e+01
5.586636399999999725e+01
5.595508199999999732e+01
5.608637600000000134e+01
5.622570000000000334e+01
5.635142199999999946e+01
5.648686000000000007e+01
5.658765799999999757e+01
5.672824599999999862e+01
5.683150799999999947e+01
5.696076399999999751e+01
5.711021800000000326e+01
5.719812999999999903e+01
5.735723600000000033e+01
5.745920399999999972e+01
5.757964799999999883e+01
5.771966400000000164e+01
5.781313999999999709e+01
5.797887599999999964e+01
5.809989399999999904e+01
5.822321199999999664e+01
5.834243599999999930e+01
5.845447599999999966e+01
5.860205200000000048e+01
5.870679200000000009e+01
5.886074599999999890e+01
5.895860199999999907e+01
5.910897200000000140e+01
5.925481599999999816e+01
5.936625599999999991e+01
5.947014200000000272e+01
5.961399800000000226e+01
5.972175800000000123e+01
5.984676199999999824e+01
5.993737800000000249e+01
6.007895200000000102e+01
6.023795400000000200e+01
6.035494200000000120e+01
6.046846000000000032e+01
6.063623400000000174e+01
6.072042799999999829e+01
6.085114999999999696e+01
6.094597199999999759e+01
6.109791599999999789e+01
6.122044799999999753e+01
6.134800200000000103e+01
6.146057400000000115e+01
6.161860599999999977e+01
6.171994000000000113e+01
6.186308600000000268e+01
6.196005000000000251e+01
6.210506000000000171e+01
6.222003999999999735e+01
6.235206800000000271e+01
6.244796800000000303e+01
6.262460999999999700e+01
6.274534599999999784e+01
6.284569599999999667e+01
6.300632399999999933e+01
6.310827199999999948e+01
6.325364400000000131e+01
6.334458999999999662e+01
6.347148800000000080e+01
6.361529999999999774e+01
6.376078799999999802e+01
6.389023199999999747e+01
6.396558600000000183e+01
6.411349800000000698e+01
6.422590800000000399e+01
6.435190599999999961e+01
6.448894599999999855e+01
6.459380000000000166e+01
6.474982599999999877e+01
6.485430200000000411e+01
6.501085999999999387e+01
6.514769599999999627e+01
6.524324799999999414e+01
6.536972000000000094e+01
6.548824399999999457e+01
6.560616600000000176e+01
6.572190399999999499e+01
6.587518799999999430e+01
6.601608000000000231e+01
6.614056999999999675e+01
6.624833399999999983e+01
6.634871400000000108e+01
6.650870000000000459e+01
6.660957000000000505e+01
6.673594400000000348e+01
6.687599199999999655e+01
6.704173400000000527e+01
6.712578600000000506e+01
6.723714999999999975e+01
6.738253400000000681e+01
6.749434200000000317e+01
6.761329000000000633e+01
6.777495399999999393e+01
6.788777799999999729e+01
6.801805199999999729e+01
6.812085199999999929e+01
6.827903000000000588e+01
6.836387000000000569e+01
6.849482000000000426e+01
6.862757399999999564e+01
6.877402600000000632e+01
6.889786999999999750e+01
6.899842599999999493e+01
6.910593000000000075e+01
6.924140199999999368e+01
6.938005800000000534e+01
6.950025599999999315e+01
6.964583799999999769e+01
6.975422399999999357e+01
6.990684400000000664e+01
7.001819199999999910e+01
7.014519599999999855e+01
7.024269599999999514e+01
7.037963200000000086e+01
7.049414199999999653e+01
7.061400799999999833e+01
7.077644800000000203e+01
7.088117800000000557e+01
7.101555600000000368e+01
7.114216000000000406e+01
7.123613600000000190e+01
7.141008999999999673e+01
7.150713600000000270e+01
7.163765999999999678e+01
7.178342999999999563e+01
7.192883799999999894e+01
7.201015800000000411e+01
7.214419599999999377e+01
7.227203799999999490e+01
7.237408399999999631e+01
7.248219600000000185e+01
7.265226400000000240e+01
7.277575000000000216e+01
7.287467800000000295e+01
7.303450599999999326e+01
7.315641800000000217e+01
7.325231200000000342e+01
7.334184799999999882e+01
7.349103599999999403e+01
7.365408800000000156e+01
7.376790400000000147e+01
7.390016400000000374e+01
7.401516200000000367e+01
7.414189199999999857e+01
7.429759400000000369e+01
7.443179000000000656e+01
7.453262399999999843e+01
7.465538399999999797e+01
7.476291399999999499e+01
7.490082200000000512e+01
7.501801600000000292e+01
7.514425799999999356e+01
7.524924799999999436e+01
7.541382799999999520e+01
7.549832000000000676e+01
7.565004399999999407e+01
7.577313399999999888e+01
7.590724600000000066e+01
7.600531399999999849e+01
7.616417599999999766e+01
7.627819399999999916e+01
7.642521000000000697e+01
7.652133999999999503e+01
7.666966399999999737e+01
7.677955799999999442e+01
7.689387399999999673e+01
7.702981599999999673e+01
7.717913799999999469e+01
7.724857199999999580e+01
7.742601600000000417e+01
7.754516999999999882e+01
7.765673400000000015e+01
7.775250400000000184e+01
7.791515599999999608e+01
7.802366200000000163e+01
7.816484400000000221e+01
7.832295999999999481e+01
7.840003000000000100e+01
7.849644600000000594e+01
7.866140599999999949e+01
7.876376199999999983e+01
7.890865399999999852e+01
7.903916999999999859e+01
7.914698799999999324e+01
7.928746800000000405e+01
7.939580599999999322e+01
7.954114599999999768e+01
7.965106199999999603e+01
7.977846800000000371e+01
7.993272000000000332e+01
8.002335399999999765e+01
8.016556199999999421e+01
8.028623600000000238e+01
8.039757799999999577e+01
8.052955799999999442e+01
8.065569999999999595e+01
8.076306999999999903e+01
8.091246800000000405e+01
8.102038600000000201e+01
8.115066199999999697e+01
8.131262399999999957e+01
8.143840799999999547e+01
8.158260199999999429e+01
8.163173199999999952e+01
8.177422799999999370e+01
8.190594000000000108e+01
8.203139000000000181e+01
8.212289800000000639e+01
8.232355800000000556e+01
8.239224400000000514e+01
8.255649200000000576e+01
8.269047999999999377e+01
8.276173000000000002e+01
8.292113600000000417e+01
8.302960400000000618e+01
8.314850800000000675e+01
8.328190399999999727e+01
8.341061200000000042e+01
8.359103199999999845e+01
8.368951599999999758e+01
8.377603600000000483e+01
8.391733000000000686e+01
8.406120599999999854e+01
8.419848799999999756e+01
8.430419799999999952e+01
8.444726199999999494e+01
8.454678800000000649e+01
8.467156199999999444e+01
8.482372200000000362e+01
8.489102200000000664e+01
8.508289200000000108e+01
8.516836600000000601e+01
8.525609599999999944e+01
8.541825799999999447e+01
8.553385799999999506e+01
8.566348399999999685e+01
8.582135999999999854e+01
8.590310599999999397e+01
8.608590599999999426e+01
8.619737999999999545e+01
8.629103000000000634e+01
8.644170599999999638e+01
8.656664800000000071e+01
8.663688999999999396e+01
8.681328999999999496e+01
8.692854400000000226e+01
8.707063200000000336e+01
8.716087600000000180e+01
8.734285199999999350e+01
8.742937999999999477e+01
8.756051200000000279e+01
8.765173199999999554e+01
8.777204000000000406e+01
8.788520599999999661e+01
8.803795800000000327e+01
8.821096199999999499e+01
8.831707199999999602e+01
8.842803800000000081e+01
8.855201800000000389e+01
8.526685799999999915e+01
8.176975600000000099e+01
7.966440799999999456e+01
7.799995800000000656e+01
7.657830199999999365e+01
7.532027800000000184e+01
7.417139199999999732e+01
7.313939200000000085e+01
7.219601600000000019e+01
7.127305599999999686e+01
7.043528600000000495e+01
6.961929200000000151e+01
6.884642800000000307e+01
6.810598400000000652e+01
6.740645800000000065e+01
6.670842199999999877e+01
6.606601200000000063e+01
6.542061200000000554e+01
6.485370600000000252e+01
6.422704000000000235e+01
6.363172600000000045e+01
6.308003599999999977e+01
6.248760800000000160e+01
6.199908800000000042e+01
6.146661799999999687e+01
6.094147600000000153e+01
6.046348799999999812e+01
5.995692400000000077e+01
5.945424799999999976e+01
5.902271999999999963e+01
5.854186800000000090e+01
5.804433999999999827e+01
5.763732999999999862e+01
5.716600999999999999e+01
5.677512999999999721e+01
5.633537599999999657e+01
5.593918000000000035e+01
5.546673599999999738e+01
5.509412199999999871e+01
5.468601600000000218e+01
5.429525600000000196e+01
5.386496199999999845e+01
5.351191800000000143e+01
5.318036599999999936e+01
5.276832399999999978e+01
5.237803399999999954e+01
5.204098599999999664e+01
5.168732200000000176e+01
5.129688399999999859e+01
5.094831400000000343e+01
5.061460000000000292e+01
5.024343999999999966e+01
4.991957000000000022e+01
4.958697399999999789e+01
4.921380800000000022e+01
4.890259199999999851e+01
4.859470799999999713e+01
4.824899800000000027e+01
4.791667999999999950e+01
4.760468600000000094e+01
4.727982999999999691e+01
4.695763000000000176e+01
4.665205199999999763e+01
4.635749799999999965e+01
4.602032200000000017e+01
4.573832000000000164e+01
4.542709800000000087e+01
4.513677799999999962e+01
4.482375400000000099e+01
4.454425599999999719e+01
4.426641000000000048e+01
4.394040799999999791e+01
4.366098000000000212e+01
4.338175199999999876e+01
4.309210399999999908e+01
4.280915000000000248e+01
4.252295600000000064e+01
4.226072599999999824e+01
4.199165399999999693e+01
4.171654800000000307e+01
4.145062999999999676e+01
4.113052199999999914e+01
4.089345399999999842e+01
4.060534599999999728e+01
4.034794999999999732e+01
4.007792800000000000e+01
3.982229800000000353e+01
3.957877799999999979e+01
3.931261599999999845e+01
3.902623799999999932e+01
3.878969399999999723e+01
3.851813800000000043e+01
3.828354999999999819e+01
3.799386200000000002e+01
3.775402199999999908e+01
3.751254999999999740e+01
3.725019400000000047e+01
3.702073399999999737e+01
3.675823400000000163e+01
3.650045000000000073e+01
3.626355999999999824e+01
3.600350000000000250e+01
3.577504799999999818e+01
3.554700600000000321e+01
3.529705799999999982e+01
3.506245400000000245e+01
3.484032200000000046e+01
3.456117799999999818e+01
3.433838599999999985e+01
3.410477800000000315e+01
3.388228600000000057e+01
3.363073599999999885e+01
3.342308400000000290e+01
3.317772599999999983e+01
3.293638399999999677e+01
3.271505799999999908e+01
3.250198799999999721e+01
3.227157799999999810e+01
3.205729600000000090e+01
3.180187600000000003e+01
3.158732399999999885e+01
3.137127999999999872e+01
3.112674200000000013e+01
3.093402999999999992e+01
3.070949799999999996e+01
3.047360799999999870e+01
3.026618399999999909e+01
3.005579799999999935e+01
2.981311600000000084e+01
2.960749799999999965e+01
2.937907600000000130e+01
2.913677399999999906e+01
2.896237400000000051e+01
2.873437799999999953e+01
2.851820199999999872e+01
2.830621800000000121e+01
2.809089399999999870e+01
2.789712000000000103e+01
2.767649600000000021e+01
2.747577000000000069e+01
2.725573999999999941e+01
2.705261799999999894e+01
2.683939399999999864e+01
2.662784600000000168e+01
2.643814400000000120e+01
2.622616400000000070e+01
2.602279199999999904e+01
2.580976199999999920e+01
2.559570799999999835e+01
2.540036200000000122e+01
2.519619799999999898e+01
2.498697999999999908e+01
2.480282800000000165e+01
2.458662800000000104e+01
2.440434000000000125e+01
2.419418399999999991e+01
2.399055999999999855e+01
2.379816200000000137e+01
2.359546999999999883e+01
2.341607399999999828e+01
2.318348399999999998e+01
2.299105199999999982e+01
2.278688999999999965e+01
2.258504800000000046e+01
2.241592800000000096e+01
2.220737400000000150e+01
2.202157400000000109e+01
2.182138600000000039e+01
2.162741600000000020e+01
2.142324800000000096e+01
2.121924800000000033e+01
2.104597800000000163e+01
2.086532599999999960e+01
2.066132199999999841e+01
2.046625600000000134e+01
2.028117999999999910e+01
2.009256399999999942e+01
1.989524600000000021e+01
1.970114600000000138e+01
1.952862999999999971e+01
1.932337800000000172e+01
1.913253200000000120e+01
1.893872599999999906e+01
1.875697200000000109e+01
1.856316400000000044e+01
1.838166400000000067e+01
1.820483000000000118e+01
1.801214200000000076e+01
1.781258800000000164e+01
1.765490799999999894e+01
1.745574399999999926e+01
1.727187599999999890e+01
1.710223200000000077e+01
1.691392400000000151e+01
1.672746400000000122e+01
1.654780200000000079e+01
1.634390600000000049e+01
1.618749400000000094e+01
1.599419800000000080e+01
1.582865199999999994e+01
1.562445400000000006e+01
1.544618000000000002e+01
1.527365799999999929e+01
1.509565399999999968e+01
1.490310000000000024e+01
1.471871600000000058e+01
1.455691799999999958e+01
1.437809200000000054e+01
1.418438399999999966e+01
1.402834400000000059e+01
1.382953400000000066e+01
1.365643000000000029e+01
1.347743600000000086e+01
1.331182199999999938e+01
1.313739799999999924e+01
1.296522200000000069e+01
1.276911800000000063e+01
1.261492199999999997e+01
1.242383399999999938e+01
1.224377400000000016e+01
1.205301799999999979e+01
1.191126599999999947e+01
1.172369199999999978e+01
1.154535800000000023e+01
1.137383799999999923e+01
1.120792600000000050e+01
1.101726999999999990e+01
1.085148799999999980e+01
1.068078000000000038e+01
1.051831999999999923e+01
1.035877999999999943e+01
1.015396600000000049e+01
9.979359999999999786e+00
9.815545999999999438e+00
9.648194000000000159e+00
9.481935999999999254e+00
9.311073999999999629e+00
9.143802000000000874e+00
8.967703999999999454e+00
8.782182000000000599e+00
8.625928000000000040e+00
8.467496000000000578e+00
8.284226000000000312e+00
8.126616000000000284e+00
7.955332000000000292e+00
7.763735999999999748e+00
7.623338000000000392e+00
7.448902000000000356e+00
7.269449999999999967e+00
7.100997999999999699e+00
6.949936000000000114e+00
6.781279999999999752e+00
6.609195999999999849e+00
6.436528000000000027e+00
6.270880000000000010e+00
6.109373999999999860e+00
5.948629999999999640e+00
5.780348000000000042e+00
5.609820000000000029e+00
5.438892000000000060e+00
5.281793999999999656e+00
5.123248000000000246e+00
4.948032000000000430e+00
4.783689999999999998e+00
4.617636000000000074e+00
4.451407999999999809e+00
4.283304000000000222e+00
4.121285999999999561e+00
3.963794000000000040e+00
3.798557999999999879e+00
3.634154000000000106e+00
3.474617999999999984e+00
3.299087999999999798e+00
3.142549999999999955e+00
2.979195999999999955e+00
2.815361999999999920e+00
2.655142000000000113e+00
2.491830000000000211e+00
2.329877999999999894e+00
2.168784000000000045e+00
2.013377999999999890e+00
1.845463999999999993e+00
1.684461999999999904e+00
1.520764000000000005e+00
1.362381999999999982e+00
1.203958000000000084e+00
1.038296000000000108e+00
8.768839999999999968e-01
7.201899999999999968e-01
5.585999999999999854e-01
4.006660000000000221e-01
2.395780000000000132e-01
8.038199999999999512e-02
L=10.0,N=200,T=1.0,r=0.16,eta=0.16084954386379743,t=150.17668223381042s