0.000000000000000000e+00
0.000000000000000000e+00
0.000000000000000000e+00
0.000000000000000000e+00
0.000000000000000000e+00
0.000000000000000000e+00
0.000000000000000000e+00
0.000000000000000000e+00
0.000000000000000000e+00
0.000000000000000000e+00
0.000000000000000000e+00
0.000000000000000000e+00
0.000000000000000000e+00
0.000000000000000000e+00
0.000000000000000000e+00
0.000000000000000000e+00
0.000000000000000000e+00
0.000000000000000000e+00
0.000000000000000000e+00
0.000000000000000000e+00
0.000000000000000000e+00
0.000000000000000000e+00
0.000000000000000000e+00
0.000000000000000000e+00
0.000000000000000000e+00
0.000000000000000000e+00
0.000000000000000000e+00
0.000000000000000000e+00
0.000000000000000000e+00
0.000000000000000000e+00
0.000000000000000000e+00
0.000000000000000000e+00
0.000000000000000000e+00
0.000000000000000000e+00
0.000000000000000000e+00
0.000000000000000000e+00
0.000000000000000000e+00
0.000000000000000000e+00
0.000000000000000000e+00
0.000000000000000000e+00
0.000000000000000000e+00
0.000000000000000000e+00
0.000000000000000000e+00
0.000000000000000000e+00
0.000000000000000000e+00
1.712232690000000048e+03
1.179464100000000002e+02
1.519086819999999989e+02
1.199837500000000006e+02
9.398604199999999764e+01
8.395893599999999424e+01
8.799999800000000505e+01
1.039836020000000048e+02
7.197466799999999409e+01
5.198094799999999793e+01
5.199854200000000048e+01
9.599346400000000301e+01
3.399351000000000056e+01
5.998123400000000061e+01
6.399533799999999673e+01
6.399686200000000014e+01
5.000083800000000167e+01
5.797161400000000242e+01
3.760199140000000284e+02
1.228279483999999911e+03
4.795759999999999934e+01
4.799820799999999821e+01
6.398505399999999810e+01
8.996668800000000488e+01
5.800637199999999893e+01
2.799824999999999875e+01
4.399532599999999860e+01
1.039943760000000026e+02
2.200060600000000122e+01
3.400298599999999993e+01
4.399309600000000131e+01
4.198832199999999659e+01
6.798645600000000400e+01
6.397183799999999820e+01
3.599833999999999889e+01
4.797993000000000308e+01
3.599887600000000276e+01
5.599548800000000170e+01
4.397540200000000254e+01
5.199042000000000030e+01
6.999262400000000639e+01
4.597700600000000293e+01
5.999851400000000012e+01
5.197599199999999797e+01
7.198720199999999636e+01
1.648232944000000089e+03
8.798943400000000281e+01
9.396004999999999541e+01
1.019558799999999934e+02
7.001039199999999596e+01
1.059864939999999933e+02
1.239519140000000021e+02
9.397509599999999352e+01
1.219898479999999950e+02
1.079369800000000055e+02
7.796445599999999843e+01
3.084562890000000152e+03
1.099589100000000030e+02
1.219391940000000005e+02
1.139657299999999935e+02
8.199147600000000580e+01
1.799614939999999876e+02
8.999394800000000316e+01
1.219739900000000006e+02
9.998184399999999528e+01
1.039810700000000026e+02
1.859828880000000026e+02
9.196082800000000645e+01
7.998109200000000385e+01
8.398349799999999732e+01
9.799605999999999995e+01
1.059791979999999967e+02
1.159938180000000045e+02
6.401223400000000652e+01
1.039679139999999933e+02
6.400929800000000114e+01
8.997047799999999995e+01
1.039664020000000022e+02
8.799873599999999385e+01
7.000436600000000453e+01
8.598832400000000575e+01
9.396683000000000163e+01
3.980138420000000110e+02
1.252236100000000079e+03
9.995414200000000449e+01
9.399929000000000201e+01
1.239666160000000019e+02
1.239456639999999936e+02
1.319541260000000023e+02
1.079797640000000030e+02
1.610232422000000042e+03
2.139943260000000009e+02
1.419580060000000117e+02
1.279831580000000031e+02
1.059639800000000065e+02
1.299805839999999932e+02
1.678932560000000080e+02
1.399593979999999931e+02
3.010463695999999800e+03
1.319898780000000045e+02
1.219955520000000035e+02
1.399580239999999947e+02
2.459798940000000016e+02
1.979319659999999885e+02
1.600003179999999929e+02
1.319581560000000025e+02
1.180075319999999977e+02
1.159768200000000036e+02
2.640231919999999946e+02
1.579515299999999911e+02
1.439219139999999868e+02
1.140127999999999986e+02
1.079729939999999999e+02
1.599890279999999905e+02
1.599703379999999981e+02
1.340011599999999987e+02
1.579762880000000109e+02
1.119770620000000036e+02
2.916479588000000149e+03
1.339167720000000088e+02
1.299634120000000053e+02
1.699472900000000095e+02
1.379850399999999979e+02
1.539517979999999966e+02
2.539804379999999924e+02
1.439830460000000016e+02
1.099818099999999959e+02
2.580180879999999775e+02
1.799581799999999987e+02
1.459726839999999868e+02
1.380258780000000058e+02
1.419597339999999974e+02
1.459981980000000021e+02
1.639379000000000133e+02
1.919228640000000041e+02
1.699826779999999928e+02
1.588199928000000000e+03
1.579713580000000093e+02
1.799354299999999967e+02
1.559776500000000112e+02
1.879653219999999862e+02
2.926420246000000134e+03
1.999585079999999948e+02
2.499351739999999893e+02
2.059446939999999984e+02
1.439356520000000046e+02
3.779850260000000048e+02
1.404223883999999998e+03
1.519906660000000045e+02
1.800118180000000052e+02
2.019915819999999940e+02
2.139330559999999934e+02
3.700172620000000165e+02
1.459952340000000106e+02
1.899643719999999973e+02
2.999739660000000185e+02
1.679596779999999967e+02
2.818496622000000116e+03
2.278878520000000094e+02
2.099456920000000082e+02
2.419647099999999966e+02
1.619912019999999870e+02
3.119282200000000103e+02
2.079550419999999917e+02
1.819604699999999866e+02
2.059434880000000021e+02
1.739788179999999898e+02
3.519998439999999960e+02
1.719955380000000105e+02
1.799497519999999895e+02
1.799725559999999973e+02
1.479743300000000090e+02
2.039498519999999928e+02
1.659796939999999950e+02
2.099738920000000064e+02
1.999625839999999926e+02
2.199751219999999989e+02
1.799564200000000085e+02
1.979572540000000060e+02
1.859257259999999974e+02
2.099330539999999985e+02
4.162649260000000140e+03
2.539350479999999948e+02
2.139207639999999913e+02
2.559072559999999896e+02
2.854436157999999978e+03
2.858860520000000065e+02
2.519495520000000113e+02
4.040177600000000098e+02
2.140027479999999969e+02
3.919526839999999765e+02
2.659235080000000266e+02
3.619900700000000029e+02
1.939825639999999964e+02
1.820008660000000020e+02
2.339638679999999908e+02
4.900072599999999738e+02
1.999713979999999935e+02
2.738441040000000157e+03
1.919883560000000102e+02
2.619861579999999890e+02
2.519329240000000141e+02
2.599933199999999829e+02
3.639229760000000056e+02
2.159190260000000023e+02
2.539641159999999900e+02
2.479622019999999907e+02
2.099916359999999997e+02
2.099478699999999947e+02
4.340135619999999790e+02
4.600005019999999831e+02
1.222100760000000037e+03
2.219253779999999949e+02
2.359747340000000122e+02
2.479435300000000097e+02
3.039101660000000038e+02
2.239852940000000103e+02
2.039171680000000038e+02
2.672454474000000118e+03
3.660065200000000232e+02
2.359160439999999994e+02
2.639581039999999916e+02
2.659655000000000200e+02
3.198616139999999746e+02
4.039558099999999854e+02
2.799618699999999762e+02
1.504225378000000092e+03
2.759260879999999929e+02
5.199886999999999944e+02
3.179098119999999881e+02
2.700392644000000018e+03
3.639273059999999873e+02
3.579579939999999851e+02
3.119245080000000030e+02
2.839862120000000232e+02
3.279433300000000031e+02
2.759238859999999818e+02
3.840049720000000093e+02
2.640304219999999873e+02
3.438583520000000249e+02
2.499467420000000004e+02
2.896484938000000056e+03
2.759027600000000007e+02
3.119208619999999996e+02
2.666420230000000174e+03
2.479642340000000047e+02
2.819180680000000052e+02
3.439393660000000068e+02
3.518988400000000070e+02
3.339544040000000109e+02
2.759586039999999798e+02
7.260688760000000457e+02
3.119318959999999947e+02
4.440216540000000123e+02
2.579624580000000265e+02
2.759880039999999894e+02
2.879101660000000038e+02
2.559573279999999897e+02
2.566424464000000171e+03
3.578878720000000158e+02
2.599342100000000073e+02
3.478798919999999839e+02
2.799611780000000181e+02
4.259811040000000162e+02
3.159885980000000245e+02
3.258880019999999718e+02
2.699986040000000003e+02
3.099428500000000213e+02
5.100123939999999720e+02
3.219129740000000197e+02
3.039093980000000101e+02
1.486236157999999932e+03
2.999298019999999951e+02
3.439186700000000201e+02
1.036012077999999974e+03
3.098489414000000124e+03
4.518827679999999987e+02
4.099315520000000106e+02
3.779563319999999749e+02
3.839234539999999924e+02
3.599047959999999762e+02
2.544433938000000126e+03
4.118501560000000268e+02
6.220461060000000089e+02
2.564369635999999900e+03
3.499375279999999862e+02
7.260129680000000008e+02
5.799920819999999821e+02
3.699412580000000048e+02
3.858461679999999774e+02
5.900193799999999555e+02
3.639482580000000098e+02
3.559773359999999798e+02
3.199301699999999755e+02
3.099878160000000094e+02
6.440387520000000450e+02
3.700105100000000107e+02
3.499065239999999903e+02
3.418923439999999800e+02
2.484408109999999851e+03
3.439350380000000200e+02
3.598950379999999996e+02
3.319345059999999989e+02
3.539761540000000082e+02
4.619359319999999798e+02
3.359640340000000265e+02
2.520000420000000076e+02
3.259257620000000202e+02
2.432359210000000076e+03
3.699273019999999974e+02
5.960365659999999934e+02
3.439910540000000196e+02
4.538411060000000248e+02
4.079597560000000271e+02
3.819481139999999755e+02
4.860103940000000193e+02
3.520098259999999755e+02
1.674190871999999899e+03
4.138509000000000242e+02
4.614797179999999571e+03
5.078649340000000052e+02
5.138600999999999885e+02
5.298483300000000327e+02
4.518532180000000267e+02
4.299476680000000215e+02
6.039436140000000250e+02
4.259087999999999852e+02
4.278408640000000105e+02
2.650451165999999830e+03
7.739471939999999677e+02
4.179688959999999724e+02
8.300508139999999457e+02
3.619611039999999775e+02
4.038940319999999815e+02
4.759215919999999755e+02
4.619458520000000021e+02
3.659956339999999955e+02
4.259159080000000017e+02
4.659786619999999857e+02
1.672228186000000051e+03
3.839185079999999743e+02
2.352382180000000062e+03
3.938435699999999997e+02
4.998474340000000211e+02
2.342460149999999885e+03
4.719190439999999853e+02
4.158951339999999846e+02
6.759732900000000200e+02
4.699435260000000198e+02
4.079539120000000025e+02
4.840099640000000250e+02
4.039350559999999746e+02
7.100298139999999876e+02
6.819929759999999987e+02
4.279664480000000140e+02
4.298779599999999732e+02
3.900208299999999895e+02
4.019429999999999836e+02
4.419139079999999922e+02
2.358408980000000156e+03
4.858493300000000090e+02
4.139270359999999869e+02
1.530104696000000104e+03
4.159171499999999924e+02
2.598276440000000093e+03
5.519055220000000190e+02
5.378801680000000260e+02
5.219691599999999880e+02
4.998962559999999939e+02
8.080010119999999461e+02
4.379360599999999977e+02
5.158902620000000070e+02
4.180795157999999901e+03
7.398938200000000052e+02
5.079298200000000065e+02
5.319672940000000381e+02
1.001924731999999949e+03
5.398876119999999901e+02
5.119291779999999790e+02
6.239897879999999759e+02
6.779878059999999778e+02
2.300349310000000060e+03
5.558562239999999974e+02
8.780342560000000276e+02
2.318343334000000141e+03
5.139142160000000104e+02
5.658851640000000316e+02
5.279123220000000174e+02
6.400158460000000105e+02
5.798270380000000159e+02
4.979410080000000107e+02
8.000167619999999715e+02
4.139504160000000184e+02
4.999538900000000012e+02
4.339618140000000039e+02
8.220034040000000459e+02
4.779523800000000051e+02
4.779395599999999718e+02
4.979201140000000123e+02
4.779016399999999862e+02
2.204357664000000113e+03
4.119469520000000102e+02
5.579497219999999515e+02
1.250114663999999948e+03
5.079035380000000259e+02
6.259022559999999658e+02
5.078628079999999727e+02
3.200528608000000077e+03
5.438879259999999931e+02
2.338317869999999857e+03
5.938889040000000250e+02
1.194044552000000067e+03
6.319673219999999674e+02
6.058319639999999708e+02
7.180180540000000065e+02
6.118910819999999831e+02
2.594351787999999942e+03
5.719512919999999667e+02
8.319900499999999965e+02
5.598819559999999456e+02
2.194348530000000210e+03
1.115960573999999951e+03
6.438620379999999841e+02
6.358713860000000295e+02
5.859189760000000433e+02
6.479317479999999705e+02
6.339244879999999966e+02
2.692421487999999954e+03
5.079539419999999836e+02
5.739300980000000436e+02
9.839832199999999602e+02
5.899107060000000047e+02
5.698416059999999561e+02
4.779183780000000183e+02
5.379545000000000528e+02
5.419343020000000024e+02
2.164345703999999841e+03
5.159153440000000046e+02
1.004004898000000026e+03
5.978846959999999626e+02
5.858959620000000541e+02
5.439432960000000321e+02
2.066358040000000074e+03
7.118982580000000553e+02
2.412289299999999912e+03
5.459183620000000019e+02
5.899872040000000197e+02
6.898409599999999955e+02
6.199157920000000104e+02
6.638591400000000249e+02
7.519557059999999638e+02
5.499726220000000012e+02
1.846224883999999975e+03
9.278402760000000171e+02
2.316277536000000055e+03
6.718864459999999781e+02
5.879157380000000330e+02
6.519521140000000514e+02
6.359345879999999624e+02
6.119501800000000458e+02
3.810705531999999948e+03
7.238817860000000337e+02
5.958766719999999850e+02
6.899597820000000183e+02
9.199835100000000239e+02
6.678636659999999665e+02
1.422057581999999911e+03
1.342034245999999939e+03
6.459044179999999642e+02
6.958394720000000007e+02
3.546671237999999903e+03
1.016105444000000034e+03
1.144033554000000095e+03
6.279313459999999623e+02
7.178536159999999882e+02
8.579709159999999883e+02
6.979089999999999918e+02
6.759045979999999645e+02
7.419932579999999689e+02
9.499861079999999447e+02
5.979174799999999550e+02
1.141937613999999940e+03
2.100311404000000039e+03
6.058968360000000075e+02
2.042344726000000037e+03
7.039075259999999616e+02
6.858599100000000135e+02
7.058749060000000100e+02
7.999640140000000201e+02
6.139512200000000348e+02
6.638513339999999516e+02
6.918930980000000091e+02
1.040013928000000078e+03
6.058859220000000505e+02
6.019323879999999463e+02
1.119974574000000075e+03
6.119182120000000396e+02
6.319543360000000121e+02
1.444015724000000091e+03
3.572573199999999815e+03
6.799149559999999610e+02
2.056270410000000084e+03
7.099173120000000381e+02
7.557999399999999923e+02
8.099039800000000469e+02
2.158189765999999963e+03
8.558766200000000026e+02
2.310284967999999935e+03
9.619300600000000259e+02
1.078025746000000026e+03
7.738672319999999445e+02
1.465988902000000053e+03
1.246000925999999936e+03
9.679800259999999525e+02
2.014209493999999950e+03
6.979401619999999866e+02
1.704144637999999986e+03
7.739692959999999857e+02
7.178915399999999636e+02
6.678723499999999831e+02
6.919065699999999879e+02
7.399598640000000387e+02
2.132218302000000222e+03
7.458967840000000251e+02
6.239791440000000193e+02
1.354014065999999957e+03
6.699063119999999572e+02
2.012163221999999905e+03
7.279398720000000367e+02
7.059002359999999499e+02
7.859281280000000152e+02
1.730193964000000051e+03
7.438507700000000114e+02
6.198960720000000038e+02
1.942291465999999900e+03
7.438630359999999655e+02
7.359676439999999502e+02
7.919015779999999722e+02
1.330001567999999907e+03
9.519950679999999466e+02
7.479488460000000032e+02
8.399678020000000060e+02
7.038910700000000134e+02
2.918386273999999958e+03
8.218301040000000057e+02
3.390605555999999979e+03
8.038380600000000413e+02
8.639326419999999871e+02
8.977250259999999571e+02
8.738681420000000344e+02
2.136244062000000213e+03
9.799152380000000448e+02
8.139561639999999443e+02
1.391980825999999979e+03
1.645959992000000057e+03
8.518534799999999905e+02
1.514197562000000062e+03
7.859318660000000136e+02
1.940237920000000031e+03
7.519617419999999584e+02
7.978776299999999537e+02
1.540027190000000019e+03
2.012166232000000036e+03
1.914136813999999958e+03
8.358628220000000510e+02
7.658705039999999826e+02
8.238893560000000207e+02
9.758836599999999635e+02
9.118233480000000100e+02
1.394097344000000021e+03
3.046561901999999918e+03
9.138867520000000013e+02
1.558080975999999964e+03
8.638244439999999713e+02
7.459403959999999643e+02
8.878070199999999659e+02
8.819066080000000056e+02
1.005969604000000004e+03
7.619561099999999669e+02
1.106020097999999962e+03
7.519510659999999689e+02
1.344073777999999947e+03
7.578973120000000563e+02
1.906209466000000020e+03
8.099290140000000520e+02
1.908194349999999986e+03
8.598462100000000419e+02
8.279334820000000263e+02
1.457971240000000080e+03
1.007953847999999994e+03
2.124215233999999782e+03
8.758767599999999902e+02
9.038831040000000030e+02
1.344001062000000047e+03
9.159402059999999892e+02
3.080462754000000132e+03
9.058825080000000298e+02
8.718497820000000047e+02
1.930260708000000022e+03
1.330042527999999947e+03
8.838687619999999470e+02
1.818048821999999973e+03
3.124474957999999788e+03
1.095925377999999910e+03
8.958581359999999449e+02
1.066008209999999963e+03
1.950041359999999941e+03
1.946184422000000040e+03
9.478160679999999729e+02
9.218733499999999594e+02
9.578845820000000231e+02
9.599018459999999777e+02
9.957229839999999967e+02
2.482282373999999891e+03
1.642133610000000090e+03
8.979311719999999468e+02
8.819397719999999481e+02
1.272049747999999909e+03
8.579302199999999630e+02
8.998771860000000515e+02
8.119560460000000148e+02
8.778681139999999914e+02
8.539104499999999689e+02
1.910115180000000009e+03
1.576072184000000107e+03
7.799709800000000541e+02
8.917882299999999987e+02
2.672589911999999913e+03
9.659125159999999823e+02
9.998323159999999916e+02
9.038374260000000504e+02
9.898762619999999970e+02
9.858114060000000336e+02
2.876469180000000051e+03
9.318718340000000353e+02
2.112176492000000053e+03
1.120065832000000000e+03
1.009793718000000013e+03
1.644149836000000050e+03
2.050049677999999858e+03
1.217855326000000105e+03
1.093947460000000092e+03
1.248080167999999958e+03
9.499363180000000284e+02
1.918133385999999973e+03
2.362190684000000147e+03
2.014131808000000092e+03
1.862115941999999905e+03
1.077856187999999975e+03
1.051842977999999903e+03
1.061858480000000100e+03
1.938150806000000102e+03
1.053873280000000022e+03
9.698392880000000105e+02
1.616018925999999965e+03
1.413974735999999893e+03
9.119581580000000258e+02
1.824079615999999987e+03
1.826174733999999944e+03
1.282207065999999941e+03
9.578629799999999932e+02
1.744124227999999903e+03
9.679029120000000148e+02
1.790103296000000000e+03
9.238492360000000190e+02
9.918653140000000121e+02
8.897742520000000468e+02
9.740226139999999759e+02
1.816080382000000100e+03
8.458807900000000473e+02
2.760574835999999777e+03
8.739088279999999713e+02
8.198873820000000023e+02
1.500014899999999898e+03
8.699052159999999958e+02
8.098865720000000010e+02
7.718918380000000070e+02
8.459611740000000282e+02
7.679851479999999810e+02
1.182024415999999974e+03
7.019396140000000059e+02
1.452078136000000086e+03
6.539234800000000405e+02
7.698916639999999916e+02
1.480248008000000027e+03
6.899417439999999715e+02
1.544156134000000065e+03
6.939753439999999500e+02
6.879619880000000194e+02
6.978899400000000242e+02
7.599184279999999490e+02
1.456143555999999990e+03
7.418717679999999746e+02
6.959362579999999525e+02
1.236107616000000007e+03
6.698376700000000028e+02
1.354128208000000086e+03
1.388221088000000009e+03
6.019684799999999996e+02
7.919706419999999980e+02
9.680170640000000049e+02
7.119427480000000514e+02
6.518938560000000280e+02
7.378971199999999726e+02
1.504195394000000078e+03
6.619579119999999648e+02
8.801106959999999617e+02
6.098870819999999640e+02
1.376241084000000001e+03
6.779101719999999887e+02
6.299370499999999993e+02
6.939575660000000425e+02
5.759014459999999644e+02
6.479057540000000017e+02
1.336231651999999940e+03
5.419040860000000066e+02
6.159171619999999621e+02
1.056113153999999895e+03
5.519430879999999888e+02
5.799857060000000502e+02
5.179817020000000412e+02
5.259457220000000461e+02
5.679377220000000079e+02
8.940359640000000354e+02
1.246118136000000050e+03
1.120220845999999938e+03
5.279517600000000357e+02
5.599170460000000276e+02
6.119102460000000292e+02
6.899262840000000097e+02
6.219328120000000126e+02
7.199850259999999480e+02
5.398890239999999494e+02
1.332176015999999890e+03
1.396256073999999899e+03
5.779142640000000029e+02
5.219593999999999596e+02
5.779275679999999511e+02
5.839507220000000416e+02
6.139769260000000486e+02
6.219898399999999583e+02
5.119667160000000194e+02
9.000813460000000532e+02
5.119646240000000148e+02
4.659431000000000154e+02
4.879276800000000094e+02
1.094237305999999990e+03
4.900193140000000085e+02
4.559737600000000270e+02
5.080057980000000271e+02
4.939193220000000224e+02
4.579602879999999914e+02
4.999873059999999896e+02
4.979335760000000164e+02
4.559318420000000174e+02
1.042142066000000113e+03
1.008068509999999947e+03
4.159093320000000062e+02
4.259933940000000234e+02
5.078967660000000137e+02
1.028192154000000073e+03
4.279870540000000005e+02
4.579644059999999968e+02
8.701135460000000421e+02
5.299053740000000516e+02
4.699759660000000281e+02
5.279318100000000413e+02
5.980068220000000565e+02
4.139138780000000111e+02
8.380371780000000399e+02
8.921548999999999978e+02
4.939451659999999720e+02
4.559576739999999972e+02
4.259620859999999993e+02
4.119366239999999948e+02
4.539308100000000081e+02
4.360454300000000103e+02
5.299185220000000527e+02
3.739637559999999894e+02
4.039724860000000035e+02
8.861631760000000213e+02
3.899421360000000050e+02
3.759446479999999724e+02
4.519785999999999717e+02
3.579814999999999827e+02
3.979681180000000040e+02
4.400569340000000125e+02
5.401024840000000040e+02
3.739681560000000218e+02
7.861937520000000177e+02
3.839395739999999932e+02
4.199466459999999870e+02
3.999603500000000054e+02
4.579011019999999803e+02
3.979714839999999754e+02
5.320423039999999446e+02
9.522414300000000367e+02
3.939186320000000023e+02
6.180990379999999504e+02
3.979320399999999722e+02
3.919718659999999772e+02
4.579535960000000046e+02
3.780049060000000054e+02
4.619809240000000159e+02
3.019543400000000020e+02
7.841317940000000135e+02
3.419262160000000108e+02
3.419525740000000269e+02
3.459327079999999910e+02
3.239880840000000148e+02
3.140322520000000281e+02
3.319964519999999766e+02
3.619738239999999792e+02
2.879967399999999884e+02
3.179753979999999842e+02
3.239871699999999919e+02
2.879708999999999719e+02
2.919986339999999814e+02
2.859885719999999765e+02
6.941533060000000432e+02
2.699695699999999761e+02
2.679966860000000111e+02
3.179350519999999847e+02
3.579016659999999774e+02
7.001220799999999826e+02
2.580041479999999865e+02
3.039818460000000186e+02
6.881178260000000364e+02
4.039275000000000091e+02
2.859635279999999966e+02
3.479792919999999867e+02
4.420217900000000100e+02
2.979689220000000205e+02
6.300745540000000346e+02
2.379806260000000009e+02
3.540201880000000187e+02
3.159239699999999971e+02
2.279859840000000020e+02
2.839909680000000094e+02
2.659564920000000257e+02
3.340482680000000073e+02
2.799721840000000270e+02
2.099628700000000094e+02
2.319969120000000089e+02
2.600104959999999892e+02
2.299546280000000138e+02
1.980067679999999939e+02
2.460397340000000099e+02
2.359843400000000031e+02
2.119839179999999885e+02
2.259837599999999895e+02
3.420634180000000129e+02
1.959904040000000123e+02
5.381386280000000397e+02
2.339587280000000078e+02
2.399762080000000140e+02
2.499690439999999967e+02
2.959567420000000197e+02
2.639488959999999906e+02
3.980370419999999854e+02
3.400011979999999880e+02
5.040707419999999956e+02
2.000132120000000100e+02
2.339444839999999886e+02
2.379708960000000104e+02
2.379792720000000088e+02
2.480120660000000044e+02
2.039944140000000061e+02
1.619975200000000086e+02
2.480322419999999966e+02
1.740226700000000051e+02
1.899843319999999949e+02
1.699682699999999897e+02
1.859774620000000027e+02
2.299703440000000114e+02
1.680049459999999897e+02
1.620063900000000103e+02
1.580069239999999979e+02
1.799948039999999878e+02
1.739848619999999926e+02
1.500005280000000027e+02
1.359962319999999920e+02
1.359605439999999987e+02
3.941577819999999974e+02
1.199538600000000059e+02
1.359964520000000050e+02
1.939807580000000087e+02
2.299370739999999955e+02
1.420108759999999961e+02
1.179933500000000066e+02
1.619798979999999915e+02
5.321541339999999991e+02
1.879510879999999986e+02
1.159730200000000053e+02
1.459878640000000019e+02
1.799773280000000000e+02
1.640145359999999926e+02
1.399963360000000137e+02
9.399463000000000079e+01
2.300598160000000121e+02
1.079932340000000011e+02
1.079901040000000023e+02
1.119797059999999931e+02
1.279965440000000001e+02
1.239689580000000007e+02
1.200260760000000033e+02
9.199796200000000113e+01
8.399062999999999590e+01
1.200005120000000005e+02
7.799219200000000285e+01
7.999501600000000678e+01
1.139921740000000057e+02
6.799730599999999470e+01
6.997558399999999779e+01
8.599771599999999694e+01
1.740442639999999983e+02
9.197644200000000581e+01
8.000718999999999426e+01
1.159564620000000019e+02
8.599518999999999380e+01
6.397923999999999722e+01
8.600687800000000038e+01
7.000851400000000524e+01
2.500841959999999915e+02
8.998099600000000464e+01
6.399801000000000073e+01
7.200137800000000254e+01
9.598146199999999340e+01
6.399936000000000291e+01
6.599731599999999787e+01
1.060315980000000025e+02
6.201860200000000134e+01
2.399875400000000170e+01
5.399025199999999813e+01
4.800005999999999773e+01
4.997829399999999822e+01
4.200202399999999869e+01
3.001785599999999832e+01
3.399287000000000347e+01
3.599967199999999679e+01
3.599430600000000169e+01
1.800140000000000029e+01
2.997710000000000008e+01
2.000324200000000019e+01
1.199713999999999992e+01
1.599987199999999987e+01
1.599088599999999971e+01
1.599647200000000069e+01
9.995578000000000074e+00
6.000960000000000072e+00
2.001895999999999898e+00
1.999278000000000111e+00
1.999500000000000055e+00
4.000000000000000000e+00
2.500000000000000052e-04
L=10.0,N=800,T=1.0,r=0.16,eta=0.6433981754551897,t=2084.6451494693756s