0.000000000000000000e+00
0.000000000000000000e+00
0.000000000000000000e+00
0.000000000000000000e+00
0.000000000000000000e+00
0.000000000000000000e+00
0.000000000000000000e+00
0.000000000000000000e+00
0.000000000000000000e+00
0.000000000000000000e+00
0.000000000000000000e+00
0.000000000000000000e+00
0.000000000000000000e+00
0.000000000000000000e+00
0.000000000000000000e+00
0.000000000000000000e+00
0.000000000000000000e+00
0.000000000000000000e+00
0.000000000000000000e+00
0.000000000000000000e+00
0.000000000000000000e+00
0.000000000000000000e+00
0.000000000000000000e+00
0.000000000000000000e+00
0.000000000000000000e+00
0.000000000000000000e+00
0.000000000000000000e+00
0.000000000000000000e+00
0.000000000000000000e+00
0.000000000000000000e+00
0.000000000000000000e+00
0.000000000000000000e+00
0.000000000000000000e+00
0.000000000000000000e+00
0.000000000000000000e+00
0.000000000000000000e+00
0.000000000000000000e+00
0.000000000000000000e+00
0.000000000000000000e+00
0.000000000000000000e+00
0.000000000000000000e+00
0.000000000000000000e+00
0.000000000000000000e+00
0.000000000000000000e+00
0.000000000000000000e+00
1.476716920000000073e+02
1.886678440000000023e+02
1.782818880000000092e+02
1.699260639999999967e+02
1.605606840000000091e+02
1.531596979999999917e+02
1.447104040000000111e+02
1.383812700000000007e+02
1.324893040000000042e+02
1.255023319999999956e+02
1.193363920000000036e+02
1.139881160000000051e+02
1.092942539999999951e+02
1.057921879999999959e+02
1.010370759999999990e+02
9.726428400000000352e+01
9.337462200000000223e+01
9.016458599999999990e+01
8.698097199999999418e+01
8.429646800000000439e+01
8.152066399999999646e+01
7.946623200000000509e+01
7.790784399999999721e+01
7.617520199999999875e+01
7.421257799999999349e+01
7.255749400000000549e+01
7.187090800000000002e+01
7.093129799999999818e+01
6.999840600000000279e+01
6.904285600000000045e+01
6.916415000000000646e+01
6.912008400000000563e+01
6.980033600000000149e+01
7.017121799999999610e+01
7.123393000000000086e+01
7.254003000000000156e+01
7.474550200000000189e+01
7.670133400000000279e+01
7.876930799999999522e+01
8.183298000000000627e+01
8.573375599999999963e+01
8.914497199999999566e+01
9.322144600000000025e+01
9.900935800000000597e+01
1.052003140000000059e+02
1.135502780000000058e+02
1.234077659999999952e+02
1.321814039999999864e+02
1.396625740000000064e+02
1.456397859999999866e+02
1.511691340000000139e+02
1.552956399999999917e+02
1.581034280000000081e+02
1.602733839999999930e+02
1.619119279999999890e+02
1.633007760000000133e+02
1.639486159999999870e+02
1.643133359999999925e+02
1.638071019999999862e+02
1.638114400000000046e+02
1.631759340000000122e+02
1.620250340000000051e+02
1.612944160000000124e+02
1.609004920000000141e+02
1.592154519999999991e+02
1.580467859999999973e+02
1.567427580000000091e+02
1.546756760000000099e+02
1.545045419999999865e+02
1.534133480000000134e+02
1.525219400000000007e+02
1.512321180000000140e+02
1.506494059999999990e+02
1.499090799999999888e+02
1.496491980000000126e+02
1.493461979999999869e+02
1.480547200000000032e+02
1.486627679999999998e+02
1.484423840000000041e+02
1.490423720000000003e+02
1.495539840000000140e+02
1.508297000000000025e+02
1.518098559999999964e+02
1.538293339999999887e+02
1.539006019999999921e+02
1.567193599999999947e+02
1.595513100000000009e+02
1.614563220000000001e+02
1.640243619999999964e+02
1.664007019999999955e+02
1.699746759999999881e+02
1.728910119999999893e+02
1.770834560000000124e+02
1.809090060000000051e+02
1.834772759999999892e+02
1.876983299999999986e+02
1.908533899999999903e+02
1.937892300000000034e+02
1.973295280000000105e+02
1.992501760000000104e+02
2.027837140000000034e+02
2.047862660000000119e+02
2.066729740000000106e+02
2.078735159999999951e+02
2.098054960000000051e+02
2.120081340000000125e+02
2.129815440000000137e+02
2.133993340000000103e+02
2.147740560000000016e+02
2.154527679999999918e+02
2.163033859999999891e+02
2.165911159999999995e+02
2.170920140000000060e+02
2.169789220000000114e+02
2.184945439999999905e+02
2.170658479999999884e+02
2.186741759999999886e+02
2.177623000000000104e+02
2.186393419999999992e+02
2.189638439999999946e+02
2.185419219999999996e+02
2.190239479999999901e+02
2.195967980000000068e+02
2.204057099999999991e+02
2.208427580000000034e+02
2.209098380000000077e+02
2.214572320000000047e+02
2.223382699999999943e+02
2.236501000000000090e+02
2.247852880000000084e+02
2.253917559999999867e+02
2.267055440000000033e+02
2.283730020000000138e+02
2.296685579999999902e+02
2.310009939999999915e+02
2.326685080000000028e+02
2.347402160000000038e+02
2.366188099999999963e+02
2.385956600000000094e+02
2.409710619999999892e+02
2.438264240000000029e+02
2.450098680000000115e+02
2.472179059999999993e+02
2.488376739999999927e+02
2.517999039999999979e+02
2.542667240000000106e+02
2.556022460000000081e+02
2.575875040000000240e+02
2.597120840000000044e+02
2.611410819999999831e+02
2.637832220000000234e+02
2.641081859999999892e+02
2.664418019999999956e+02
2.679750660000000266e+02
2.691572459999999865e+02
2.709345299999999952e+02
2.723355639999999767e+02
2.731623559999999884e+02
2.748966019999999730e+02
2.758337379999999825e+02
2.758348439999999755e+02
2.777307200000000194e+02
2.786297400000000266e+02
2.796855879999999956e+02
2.797825819999999908e+02
2.815572159999999826e+02
2.823794419999999832e+02
2.825523059999999873e+02
2.838318360000000098e+02
2.839939100000000280e+02
2.858165520000000015e+02
2.870090579999999818e+02
2.869711199999999849e+02
2.879562440000000265e+02
2.884964620000000082e+02
2.901926680000000260e+02
2.913063520000000040e+02
2.924835719999999810e+02
2.937733380000000238e+02
2.952927040000000147e+02
2.957846000000000117e+02
2.974274899999999775e+02
2.992413119999999935e+02
3.011199240000000259e+02
3.024925519999999892e+02
3.035216960000000199e+02
3.049407199999999989e+02
3.072928699999999935e+02
3.085267200000000116e+02
3.094378540000000157e+02
3.117483300000000099e+02
3.136572499999999764e+02
3.151803800000000138e+02
3.170386219999999753e+02
3.172561160000000200e+02
3.195016519999999787e+02
3.204667680000000018e+02
3.235535360000000082e+02
3.247479400000000282e+02
3.258528559999999743e+02
3.264888659999999732e+02
3.288822240000000079e+02
3.296690159999999992e+02
3.315509819999999763e+02
3.320905000000000200e+02
3.342482860000000073e+02
3.357024460000000090e+02
3.359028839999999718e+02
3.380999279999999771e+02
3.396630999999999858e+02
3.403506380000000036e+02
3.420707840000000033e+02
3.425560159999999996e+02
3.439246779999999717e+02
3.446455139999999915e+02
3.474040759999999750e+02
3.479903180000000020e+02
3.486538560000000189e+02
3.490727259999999887e+02
3.528555999999999813e+02
3.519052819999999997e+02
3.530812480000000164e+02
3.543521999999999821e+02
3.561160859999999957e+02
3.570205940000000169e+02
3.575054759999999874e+02
3.590646060000000261e+02
3.605114740000000211e+02
3.616508660000000077e+02
3.633723519999999780e+02
3.639978239999999801e+02
3.663774119999999925e+02
3.674768460000000232e+02
3.679142079999999737e+02
3.698431219999999939e+02
3.717024900000000116e+02
3.723836299999999824e+02
3.746083619999999996e+02
3.748140740000000051e+02
3.771131700000000251e+02
3.790413980000000151e+02
3.805117179999999735e+02
3.822750639999999862e+02
3.835180720000000179e+02
3.847873060000000009e+02
3.862077419999999961e+02
3.876059319999999957e+02
3.882574240000000145e+02
3.895226000000000113e+02
3.899011800000000108e+02
3.926267639999999801e+02
3.946505999999999972e+02
3.937650479999999789e+02
3.962820300000000202e+02
3.978582700000000045e+02
3.990025259999999889e+02
4.020658559999999966e+02
4.019526819999999816e+02
4.028809340000000248e+02
4.050167799999999829e+02
4.054328780000000165e+02
4.074025520000000142e+02
4.090275219999999763e+02
4.090031839999999761e+02
4.109092459999999960e+02
4.128582979999999907e+02
4.135052299999999832e+02
4.157423360000000230e+02
4.168385319999999865e+02
4.180223300000000108e+02
4.189322960000000080e+02
4.198197180000000230e+02
4.202625080000000253e+02
4.224964499999999816e+02
4.229102080000000115e+02
4.245473200000000134e+02
4.258996740000000045e+02
4.275935220000000072e+02
4.295725439999999935e+02
4.316819780000000151e+02
4.312182179999999789e+02
4.331017160000000104e+02
4.336395400000000109e+02
4.362041800000000080e+02
4.372446600000000103e+02
4.387978800000000206e+02
4.400596039999999789e+02
4.408126020000000267e+02
4.429184940000000097e+02
4.437490199999999732e+02
4.444790619999999990e+02
4.463262780000000021e+02
4.498418740000000184e+02
4.493423559999999952e+02
4.504738820000000032e+02
4.505491900000000101e+02
4.525485739999999737e+02
4.544308340000000044e+02
4.548396319999999946e+02
4.575805579999999964e+02
4.579293720000000008e+02
4.604903080000000273e+02
4.618407740000000103e+02
4.621594299999999862e+02
4.640881039999999871e+02
4.653094540000000165e+02
4.659497880000000123e+02
4.673158819999999878e+02
4.691617360000000190e+02
4.703914720000000216e+02
4.730504819999999881e+02
4.735516939999999977e+02
4.748551739999999768e+02
4.749835419999999999e+02
4.779514100000000099e+02
4.794340799999999945e+02
4.805055699999999774e+02
4.814426339999999982e+02
4.820938059999999723e+02
4.832064179999999851e+02
4.844678240000000073e+02
4.867247760000000198e+02
4.879617020000000025e+02
4.901650339999999915e+02
4.898892240000000129e+02
4.925411359999999945e+02
4.932604380000000219e+02
4.938867099999999937e+02
4.967496259999999779e+02
4.970248980000000074e+02
4.979745520000000170e+02
4.999536899999999946e+02
5.014675399999999854e+02
5.028528600000000210e+02
5.033580680000000029e+02
5.032086479999999824e+02
5.070146560000000022e+02
5.070222719999999867e+02
5.087350940000000037e+02
5.102369679999999903e+02
5.109430140000000051e+02
5.122824560000000247e+02
5.142774560000000292e+02
5.146831700000000183e+02
5.169521180000000413e+02
5.187274619999999459e+02
5.201077080000000024e+02
5.214692000000000007e+02
5.219753580000000284e+02
5.224150300000000016e+02
5.257790639999999485e+02
5.260974559999999656e+02
5.277960279999999784e+02
5.277905100000000402e+02
5.298952600000000075e+02
5.306564499999999498e+02
5.325305879999999661e+02
5.345804299999999785e+02
5.359273560000000316e+02
5.368463140000000067e+02
5.383174199999999701e+02
5.397546740000000227e+02
5.409503180000000384e+02
5.424408519999999498e+02
5.431290299999999434e+02
5.455182300000000168e+02
5.455931000000000495e+02
5.477863660000000436e+02
5.490303059999999959e+02
5.494878619999999501e+02
5.537769260000000031e+02
5.520485939999999800e+02
5.544679360000000088e+02
5.547320780000000013e+02
5.563028020000000424e+02
5.572996699999999919e+02
5.609305719999999837e+02
5.606163880000000290e+02
5.629246759999999767e+02
5.631984939999999824e+02
5.658785500000000184e+02
5.663837379999999939e+02
5.685987679999999500e+02
5.674880819999999630e+02
5.697152160000000549e+02
5.703223600000000033e+02
5.742111740000000282e+02
5.739265299999999570e+02
5.750604479999999512e+02
5.772780780000000505e+02
5.773522679999999809e+02
5.784712680000000091e+02
5.810273839999999836e+02
5.821979360000000270e+02
5.822744139999999788e+02
5.836824960000000146e+02
5.860485879999999952e+02
5.871910900000000311e+02
5.896256759999999986e+02
5.896763039999999592e+02
5.925078839999999900e+02
5.912103140000000394e+02
5.935887619999999743e+02
5.939042600000000220e+02
5.960463099999999486e+02
5.965609719999999925e+02
5.988577139999999872e+02
6.019038819999999532e+02
6.027842699999999923e+02
6.022890139999999519e+02
6.047135960000000523e+02
6.054787420000000111e+02
6.067488839999999755e+02
6.090793479999999818e+02
6.103497180000000526e+02
6.103034999999999854e+02
6.136044739999999820e+02
6.129230099999999766e+02
6.146281960000000026e+02
6.165061560000000327e+02
6.183877459999999928e+02
6.189936959999999999e+02
6.217190620000000081e+02
6.212941299999999956e+02
6.245749379999999746e+02
6.255205180000000382e+02
6.257471460000000434e+02
6.264044499999999971e+02
6.303711339999999836e+02
6.307732899999999745e+02
6.311583560000000261e+02
6.323019699999999830e+02
6.347451879999999846e+02
6.342376819999999498e+02
6.351868399999999610e+02
6.369392319999999472e+02
6.389984960000000456e+02
6.408498879999999644e+02
6.418253160000000435e+02
6.427331460000000334e+02
6.433147900000000163e+02
6.451134720000000016e+02
6.462839300000000549e+02
6.473444640000000163e+02
6.504913460000000214e+02
6.511672099999999546e+02
6.514941999999999780e+02
6.529899139999999989e+02
6.558513259999999718e+02
6.570838559999999688e+02
6.590818239999999832e+02
6.586727240000000165e+02
6.595966379999999845e+02
6.607111200000000508e+02
6.621564560000000483e+02
6.633830500000000256e+02
6.654241379999999708e+02
6.662694760000000542e+02
6.690901300000000447e+02
6.695184259999999767e+02
6.713334419999999909e+02
6.713723079999999754e+02
6.737596160000000509e+02
6.742887879999999541e+02
6.762441219999999475e+02
6.774428339999999480e+02
6.793600740000000542e+02
6.797008240000000114e+02
6.823100660000000062e+02
6.841020340000000033e+02
6.845741880000000492e+02
6.858098700000000463e+02
6.871795399999999745e+02
6.883137440000000424e+02
6.913186379999999644e+02
6.910491080000000466e+02
6.925047140000000354e+02
6.934854199999999764e+02
6.958478780000000370e+02
6.957434600000000273e+02
6.973716739999999845e+02
6.994273580000000265e+02
6.996023699999999508e+02
7.009881100000000060e+02
7.029102239999999711e+02
7.036402460000000474e+02
7.062277619999999843e+02
7.059216119999999819e+02
7.066142919999999776e+02
7.096299880000000257e+02
7.111757079999999860e+02
7.123481080000000247e+02
7.122266680000000179e+02
7.144460080000000062e+02
7.167770060000000285e+02
7.170339060000000018e+02
7.166303319999999530e+02
7.197684060000000272e+02
7.217295900000000302e+02
7.220124660000000176e+02
7.229866940000000568e+02
7.240081159999999727e+02
7.263322679999999991e+02
7.284222280000000183e+02
7.291929480000000012e+02
7.309716620000000376e+02
7.315687820000000556e+02
7.340977579999999989e+02
7.346846120000000155e+02
7.345059159999999565e+02
7.377830099999999902e+02
7.412562599999999975e+02
7.383664340000000266e+02
7.421990520000000515e+02
7.419611240000000407e+02
7.441728900000000522e+02
7.449922020000000202e+02
7.459431059999999434e+02
7.485362780000000384e+02
7.484936159999999745e+02
7.511915020000000140e+02
7.520718100000000277e+02
7.530004099999999880e+02
7.546039939999999433e+02
7.566415799999999763e+02
7.595319120000000339e+02
7.582283079999999700e+02
7.601931819999999789e+02
7.610316139999999905e+02
7.632801419999999553e+02
7.643174159999999802e+02
7.656756020000000262e+02
7.649625360000000001e+02
7.686024459999999863e+02
7.687164520000000039e+02
7.709114200000000210e+02
7.715055200000000468e+02
7.728466300000000047e+02
7.746256740000000036e+02
7.763006400000000440e+02
7.768008800000000065e+02
7.774653339999999844e+02
7.787305820000000267e+02
7.812445760000000519e+02
7.802856100000000197e+02
7.827897920000000340e+02
7.853730259999999817e+02
7.855152160000000094e+02
7.875015600000000404e+02
7.888400540000000092e+02
7.906574920000000475e+02
7.910289159999999811e+02
7.921017440000000533e+02
7.946348699999999781e+02
7.965865440000000035e+02
7.970773880000000418e+02
7.970428020000000515e+02
7.996726099999999633e+02
8.003090399999999818e+02
8.025324040000000423e+02
8.055370820000000549e+02
8.051163619999999810e+02
8.064114720000000034e+02
8.069936259999999493e+02
8.085164519999999584e+02
8.103225439999999935e+02
8.135323379999999815e+02
8.134900679999999511e+02
8.149246920000000500e+02
8.150663019999999506e+02
8.182006659999999556e+02
8.181222420000000284e+02
8.192818300000000136e+02
8.207193379999999934e+02
8.216335679999999684e+02
8.236221279999999751e+02
8.258997319999999718e+02
8.265081840000000284e+02
8.291573180000000320e+02
8.306060599999999567e+02
8.308857299999999668e+02
8.310495499999999538e+02
8.324009099999999535e+02
8.331075879999999643e+02
8.332196840000000293e+02
8.364661680000000388e+02
8.370210240000000113e+02
8.390929760000000215e+02
8.395157500000000255e+02
8.416979959999999892e+02
8.428832579999999552e+02
8.455521439999999984e+02
8.468009799999999814e+02
8.465091300000000274e+02
8.476207279999999855e+02
8.494860780000000204e+02
8.526835119999999506e+02
8.532839800000000423e+02
8.553462260000000015e+02
8.555344599999999673e+02
8.558459060000000136e+02
8.567446360000000141e+02
8.584497340000000349e+02
8.610696420000000444e+02
8.604912020000000439e+02
8.626785240000000385e+02
8.651955639999999903e+02
8.650983919999999898e+02
8.684369799999999486e+02
8.665969000000000051e+02
8.709450839999999516e+02
8.719494320000000016e+02
8.744269639999999981e+02
8.751851259999999684e+02
8.760960440000000062e+02
8.772468219999999519e+02
8.789921440000000530e+02
8.796930180000000519e+02
8.813865660000000162e+02
8.823521279999999933e+02
8.833926219999999603e+02
8.835334319999999479e+02
8.866329719999999952e+02
8.876033159999999498e+02
8.893585120000000188e+02
8.884944259999999758e+02
8.917876780000000281e+02
8.924343340000000353e+02
8.922898320000000467e+02
8.961988059999999905e+02
8.955772299999999859e+02
8.971738779999999451e+02
8.998939139999999952e+02
9.001105119999999715e+02
9.000960039999999935e+02
9.020191379999999981e+02
9.042503339999999525e+02
9.063167260000000169e+02
9.074612620000000334e+02
9.076299780000000510e+02
9.091633060000000341e+02
9.111825099999999793e+02
9.130127079999999751e+02
9.128634799999999814e+02
9.144580120000000534e+02
9.156635979999999790e+02
9.189916940000000523e+02
9.200441819999999780e+02
9.188542579999999589e+02
9.220237959999999475e+02
9.236428620000000365e+02
9.243403660000000173e+02
9.257213319999999612e+02
9.270476280000000315e+02
9.291783299999999599e+02
9.313061199999999644e+02
9.304978159999999434e+02
9.323576540000000250e+02
9.333876480000000129e+02
9.352973439999999528e+02
9.363667299999999614e+02
9.371214079999999740e+02
9.041052120000000514e+02
8.678608779999999570e+02
8.442907320000000482e+02
8.259968340000000353e+02
8.115779579999999669e+02
7.976182800000000270e+02
7.850512559999999667e+02
7.737960580000000164e+02
7.638172919999999522e+02
7.549314879999999448e+02
7.451946759999999585e+02
7.367286279999999579e+02
7.276255499999999756e+02
7.214268540000000485e+02
7.131380520000000161e+02
7.052330259999999953e+02
6.990024939999999560e+02
6.921127920000000131e+02
6.846215200000000323e+02
6.798813159999999698e+02
6.730092600000000402e+02
6.679614739999999529e+02
6.623877820000000156e+02
6.563739279999999781e+02
6.515586980000000494e+02
6.473187980000000152e+02
6.401483019999999442e+02
6.352587559999999485e+02
6.291807300000000396e+02
6.249707519999999477e+02
6.205998600000000351e+02
6.158382080000000087e+02
6.096994740000000093e+02
6.056780479999999898e+02
6.011152200000000221e+02
5.966555839999999762e+02
5.924568960000000288e+02
5.868787240000000338e+02
5.829151520000000346e+02
5.792449980000000096e+02
5.745755980000000136e+02
5.708398140000000467e+02
5.669316679999999451e+02
5.619363100000000486e+02
5.587540679999999611e+02
5.537556299999999965e+02
5.510953600000000279e+02
5.465356940000000350e+02
5.438779080000000477e+02
5.395584920000000011e+02
5.356980019999999740e+02
5.326139439999999468e+02
5.280129759999999806e+02
5.242142920000000004e+02
5.210873960000000125e+02
5.185113700000000563e+02
5.127693239999999832e+02
5.108305060000000140e+02
5.085033060000000091e+02
5.044140659999999912e+02
5.008266899999999850e+02
4.967175680000000284e+02
4.933010859999999980e+02
4.907632100000000150e+02
4.878330379999999877e+02
4.842615739999999960e+02
4.797139199999999732e+02
4.778579579999999964e+02
4.759826820000000112e+02
4.721071999999999775e+02
4.696597980000000234e+02
4.648126579999999990e+02
4.628973480000000222e+02
4.586480480000000171e+02
4.564095580000000041e+02
4.539166579999999840e+02
4.504370779999999854e+02
4.475419180000000097e+02
4.442048120000000040e+02
4.423728500000000281e+02
4.390257540000000063e+02
4.357951239999999871e+02
4.338158260000000155e+02
4.307589300000000208e+02
4.261443399999999997e+02
4.244937679999999887e+02
4.208373060000000123e+02
4.191680420000000140e+02
4.162176620000000185e+02
4.126766759999999863e+02
4.103166019999999889e+02
4.075626920000000268e+02
4.051952719999999886e+02
4.021277559999999767e+02
3.997482380000000148e+02
3.975623120000000199e+02
3.940965360000000146e+02
3.911721039999999903e+02
3.878670539999999960e+02
3.852294239999999945e+02
3.840548739999999839e+02
3.801461219999999912e+02
3.779107300000000009e+02
3.770086759999999799e+02
3.739934539999999856e+02
3.704088859999999954e+02
3.690698540000000207e+02
3.668194500000000176e+02
3.639784300000000030e+02
3.624929859999999735e+02
3.583737100000000169e+02
3.566721600000000194e+02
3.540643919999999980e+02
3.522431740000000104e+02
3.494413299999999936e+02
3.467847939999999767e+02
3.438784499999999866e+02
3.418698699999999917e+02
3.393662699999999859e+02
3.377028260000000159e+02
3.348535299999999779e+02
3.321053660000000036e+02
3.296001560000000268e+02
3.274067079999999805e+02
3.252273460000000114e+02
3.229503260000000182e+02
3.207360959999999750e+02
3.180385120000000256e+02
3.161005599999999731e+02
3.141236339999999814e+02
3.110744960000000106e+02
3.088275479999999789e+02
3.067976820000000089e+02
3.038395219999999881e+02
3.022558539999999994e+02
3.002555199999999900e+02
2.975698340000000144e+02
2.956371120000000019e+02
2.927519760000000133e+02
2.910880819999999858e+02
2.886519840000000272e+02
2.863272259999999960e+02
2.832966720000000009e+02
2.821504699999999843e+02
2.794560440000000199e+02
2.772418200000000184e+02
2.756627240000000256e+02
2.734286759999999958e+02
2.699217100000000187e+02
2.687120239999999853e+02
2.663562140000000227e+02
2.642590079999999944e+02
2.618068640000000187e+02
2.600184479999999780e+02
2.585110779999999977e+02
2.556028719999999907e+02
2.537677679999999896e+02
2.520656779999999912e+02
2.503333820000000003e+02
2.480892939999999953e+02
2.456609080000000063e+02
2.433252659999999992e+02
2.413499239999999872e+02
2.399117860000000064e+02
2.371254020000000082e+02
2.355119160000000136e+02
2.325440560000000119e+02
2.305903120000000115e+02
2.292069400000000030e+02
2.271017099999999971e+02
2.249314359999999908e+02
2.225566159999999911e+02
2.210166780000000131e+02
2.187785700000000020e+02
2.169693220000000053e+02
2.152123699999999928e+02
2.134721580000000074e+02
2.109544140000000141e+02
2.087070539999999994e+02
2.065067640000000040e+02
2.054816160000000025e+02
2.028362860000000012e+02
2.011426600000000064e+02
1.984429059999999936e+02
1.973031459999999981e+02
1.943464759999999956e+02
1.922383460000000071e+02
1.907115019999999959e+02
1.895874619999999879e+02
1.869662959999999998e+02
1.841674439999999890e+02
1.826709480000000099e+02
1.805538799999999924e+02
1.783675139999999999e+02
1.774895520000000033e+02
1.752876880000000028e+02
1.731616779999999949e+02
1.719390539999999987e+02
1.694062079999999924e+02
1.679353160000000003e+02
1.653609399999999994e+02
1.639057679999999948e+02
1.613881419999999878e+02
1.596476900000000114e+02
1.580211679999999888e+02
1.561797379999999862e+02
1.537283920000000137e+02
1.517169159999999977e+02
1.503268459999999891e+02
1.478357880000000080e+02
1.465282339999999976e+02
1.444191140000000075e+02
1.427656020000000012e+02
1.400016119999999944e+02
1.389788259999999980e+02
1.373527919999999938e+02
1.355447819999999979e+02
1.335010900000000049e+02
1.317977500000000077e+02
1.297220959999999934e+02
1.276413859999999971e+02
1.266907479999999993e+02
1.236929520000000053e+02
1.219721619999999973e+02
1.205892460000000028e+02
1.188326339999999988e+02
1.162305879999999974e+02
1.150519039999999933e+02
1.134268959999999993e+02
1.112920919999999967e+02
1.100120600000000053e+02
1.082333859999999959e+02
1.058232560000000007e+02
1.039889000000000010e+02
1.024261560000000060e+02
1.003838760000000008e+02
9.891461599999999521e+01
9.677707399999999893e+01
9.484106199999999376e+01
9.324469799999999964e+01
9.118051800000000640e+01
8.927586200000000360e+01
8.844633600000000229e+01
8.601050800000000152e+01
8.431402599999999836e+01
8.267893399999999815e+01
8.060827799999999854e+01
7.873299199999999587e+01
7.697487999999999886e+01
7.536778400000000033e+01
7.357946599999999648e+01
7.165354600000000573e+01
6.984293800000000374e+01
6.771915799999999308e+01
6.607307600000000036e+01
6.500315000000000509e+01
6.257758599999999660e+01
6.128721199999999669e+01
5.947668399999999878e+01
5.756117400000000117e+01
5.596014999999999873e+01
5.426703200000000038e+01
5.233684600000000131e+01
5.075483400000000245e+01
4.886897600000000352e+01
4.709801000000000215e+01
4.534659599999999813e+01
4.405867400000000345e+01
4.172720799999999741e+01
3.993361800000000272e+01
3.879187000000000296e+01
3.697459599999999824e+01
3.472221600000000308e+01
3.325400400000000189e+01
3.166870400000000174e+01
2.978319400000000172e+01
2.823645799999999895e+01
2.634146600000000049e+01
2.473312800000000067e+01
2.286096799999999973e+01
2.129421200000000169e+01
1.956693999999999889e+01
1.799057200000000023e+01
1.618135600000000096e+01
1.425039800000000056e+01
1.264764399999999966e+01
1.099982600000000055e+01
9.397856000000000876e+00
7.525839999999999641e+00
5.917294000000000054e+00
4.199343999999999966e+00
2.540988000000000024e+00
8.314439999999999609e-01
L=10.0,N=650,T=1.0,r=0.16,eta=0.5227610175573416,t=2659.7063455581665s