0.000000000000000000e+00
0.000000000000000000e+00
0.000000000000000000e+00
0.000000000000000000e+00
0.000000000000000000e+00
0.000000000000000000e+00
0.000000000000000000e+00
0.000000000000000000e+00
0.000000000000000000e+00
0.000000000000000000e+00
0.000000000000000000e+00
0.000000000000000000e+00
0.000000000000000000e+00
0.000000000000000000e+00
0.000000000000000000e+00
0.000000000000000000e+00
0.000000000000000000e+00
0.000000000000000000e+00
0.000000000000000000e+00
0.000000000000000000e+00
0.000000000000000000e+00
0.000000000000000000e+00
0.000000000000000000e+00
0.000000000000000000e+00
0.000000000000000000e+00
0.000000000000000000e+00
0.000000000000000000e+00
0.000000000000000000e+00
0.000000000000000000e+00
0.000000000000000000e+00
0.000000000000000000e+00
0.000000000000000000e+00
0.000000000000000000e+00
0.000000000000000000e+00
0.000000000000000000e+00
0.000000000000000000e+00
0.000000000000000000e+00
0.000000000000000000e+00
0.000000000000000000e+00
0.000000000000000000e+00
0.000000000000000000e+00
0.000000000000000000e+00
0.000000000000000000e+00
0.000000000000000000e+00
0.000000000000000000e+00
9.757775599999999372e+01
1.271750880000000024e+02
1.227719019999999972e+02
1.185161439999999970e+02
1.146711480000000023e+02
1.104840319999999991e+02
1.070000699999999938e+02
1.030905240000000020e+02
9.987133799999999439e+01
9.678534199999999998e+01
9.378614600000000223e+01
9.114492599999999811e+01
8.828712000000000160e+01
8.581528000000000134e+01
8.358437000000000694e+01
8.143795599999999979e+01
7.903146999999999878e+01
7.712672600000000500e+01
7.551976999999999407e+01
7.350940599999999847e+01
7.196050400000000025e+01
7.048886000000000251e+01
6.920698799999999551e+01
6.777869599999999650e+01
6.679937200000000530e+01
6.579201399999999467e+01
6.480061000000000604e+01
6.453181200000000217e+01
6.384981599999999702e+01
6.359407600000000116e+01
6.306867799999999846e+01
6.284779000000000337e+01
6.291463399999999950e+01
6.288948800000000006e+01
6.315285200000000287e+01
6.398135400000000317e+01
6.476080000000000325e+01
6.572314599999999984e+01
6.673825600000000691e+01
6.840478799999999637e+01
7.020255199999999718e+01
7.197880800000000079e+01
7.444460399999999822e+01
7.723671400000000631e+01
8.097795399999999688e+01
8.560864200000000324e+01
9.092744799999999827e+01
9.636769999999999925e+01
1.009457660000000061e+02
1.049084600000000052e+02
1.084586759999999970e+02
1.115373299999999972e+02
1.141362259999999935e+02
1.166903899999999936e+02
1.187184019999999975e+02
1.203302780000000070e+02
1.216561679999999939e+02
1.228730840000000057e+02
1.236857859999999931e+02
1.245614620000000059e+02
1.253016899999999936e+02
1.259367380000000054e+02
1.259740819999999957e+02
1.259630800000000050e+02
1.265167299999999955e+02
1.260362860000000040e+02
1.260781839999999931e+02
1.261161199999999951e+02
1.261309320000000014e+02
1.259352159999999969e+02
1.258936960000000056e+02
1.257228099999999955e+02
1.257971220000000017e+02
1.257509620000000012e+02
1.253338260000000020e+02
1.255925759999999940e+02
1.257231519999999989e+02
1.256104660000000024e+02
1.260022620000000018e+02
1.261867120000000000e+02
1.265438780000000065e+02
1.267985999999999933e+02
1.276666479999999950e+02
1.280112660000000062e+02
1.291100260000000048e+02
1.298631159999999909e+02
1.302261540000000082e+02
1.320674679999999910e+02
1.329292900000000088e+02
1.347184719999999913e+02
1.362719940000000065e+02
1.380023199999999974e+02
1.398382239999999967e+02
1.415167160000000024e+02
1.436649979999999971e+02
1.455795559999999966e+02
1.474485259999999869e+02
1.491288519999999949e+02
1.513229279999999903e+02
1.532395539999999983e+02
1.547591600000000085e+02
1.564950220000000058e+02
1.584641379999999913e+02
1.597305700000000002e+02
1.612366839999999968e+02
1.626014920000000075e+02
1.640803239999999903e+02
1.653638980000000060e+02
1.669404979999999910e+02
1.679020859999999971e+02
1.688140960000000064e+02
1.696781479999999931e+02
1.705053719999999942e+02
1.711434619999999995e+02
1.722959940000000074e+02
1.732898099999999886e+02
1.741316579999999874e+02
1.746340759999999932e+02
1.755523300000000120e+02
1.759358180000000118e+02
1.770054199999999867e+02
1.774224580000000060e+02
1.778723999999999990e+02
1.788078439999999887e+02
1.792104080000000010e+02
1.799507199999999898e+02
1.804316880000000083e+02
1.817480280000000050e+02
1.822834100000000035e+02
1.831144180000000006e+02
1.835562319999999943e+02
1.843406219999999962e+02
1.852797119999999893e+02
1.864319659999999885e+02
1.867783860000000118e+02
1.881763540000000035e+02
1.894359320000000082e+02
1.903079920000000129e+02
1.916129720000000134e+02
1.924950059999999894e+02
1.937199980000000039e+02
1.951345220000000040e+02
1.962218579999999974e+02
1.975578999999999894e+02
1.990495180000000062e+02
2.000932919999999910e+02
2.013461839999999938e+02
2.030466120000000103e+02
2.040603659999999877e+02
2.054841580000000079e+02
2.068389339999999947e+02
2.077306199999999876e+02
2.094463660000000118e+02
2.105420579999999973e+02
2.111017439999999965e+02
2.127369779999999935e+02
2.137052020000000141e+02
2.149554479999999899e+02
2.158480879999999900e+02
2.173140559999999937e+02
2.184127279999999871e+02
2.193746260000000063e+02
2.206616640000000018e+02
2.215005639999999971e+02
2.225461579999999913e+02
2.231075460000000135e+02
2.245993960000000129e+02
2.256916620000000080e+02
2.264577219999999897e+02
2.272540679999999895e+02
2.282973900000000071e+02
2.294730160000000012e+02
2.306824159999999893e+02
2.314918619999999976e+02
2.322945119999999974e+02
2.336061359999999922e+02
2.345940180000000055e+02
2.346291359999999884e+02
2.359697480000000098e+02
2.366327660000000037e+02
2.380756140000000016e+02
2.386971699999999998e+02
2.401749560000000088e+02
2.407413339999999948e+02
2.415172560000000033e+02
2.428304699999999912e+02
2.437624299999999948e+02
2.450736280000000136e+02
2.460630800000000136e+02
2.470807660000000112e+02
2.482401000000000124e+02
2.490220620000000054e+02
2.502269440000000031e+02
2.515304559999999867e+02
2.529599519999999870e+02
2.536330719999999985e+02
2.551441619999999944e+02
2.562005359999999996e+02
2.569794840000000136e+02
2.582114000000000260e+02
2.594258899999999812e+02
2.602573019999999815e+02
2.616761440000000221e+02
2.623873360000000048e+02
2.641305280000000266e+02
2.643049080000000117e+02
2.662092779999999834e+02
2.669471399999999903e+02
2.677295720000000188e+02
2.691987960000000157e+02
2.701298120000000154e+02
2.714912939999999821e+02
2.723428979999999910e+02
2.735717419999999720e+02
2.741402279999999791e+02
2.757245340000000056e+02
2.766046759999999836e+02
2.778079720000000066e+02
2.786884779999999751e+02
2.799120060000000194e+02
2.805962279999999964e+02
2.814520340000000260e+02
2.831360879999999725e+02
2.836870020000000068e+02
2.855059180000000083e+02
2.860474479999999744e+02
2.871671519999999873e+02
2.876172819999999888e+02
2.888455539999999928e+02
2.904014040000000136e+02
2.908436060000000225e+02
2.922677259999999819e+02
2.929083899999999971e+02
2.940637540000000172e+02
2.953792940000000158e+02
2.959771979999999871e+02
2.974705559999999878e+02
2.982840400000000045e+02
2.992967520000000263e+02
3.001767159999999990e+02
3.013921760000000063e+02
3.029191040000000044e+02
3.040067179999999780e+02
3.047896900000000073e+02
3.059866920000000050e+02
3.067063340000000267e+02
3.081632839999999760e+02
3.089977620000000229e+02
3.096099019999999769e+02
3.113527579999999944e+02
3.118777160000000208e+02
3.133203760000000102e+02
3.141093399999999747e+02
3.157689560000000029e+02
3.163418080000000145e+02
3.174726959999999849e+02
3.183427919999999745e+02
3.198098400000000083e+02
3.206608560000000239e+02
3.216457199999999830e+02
3.226048020000000065e+02
3.241930839999999989e+02
3.247311520000000087e+02
3.260519820000000095e+02
3.268611200000000281e+02
3.282589800000000082e+02
3.294883659999999850e+02
3.302673619999999914e+02
3.311686799999999948e+02
3.322679679999999962e+02
3.334836760000000027e+02
3.349934799999999768e+02
3.356879339999999843e+02
3.372603419999999801e+02
3.379237899999999968e+02
3.385032039999999824e+02
3.399157920000000104e+02
3.404754159999999956e+02
3.417813959999999724e+02
3.430167139999999790e+02
3.438081240000000207e+02
3.449402119999999741e+02
3.461637699999999995e+02
3.469479860000000144e+02
3.479041139999999928e+02
3.491220880000000193e+02
3.502358439999999860e+02
3.506434520000000248e+02
3.526312360000000012e+02
3.533769419999999855e+02
3.541794039999999768e+02
3.554737739999999917e+02
3.568915279999999939e+02
3.574842179999999985e+02
3.587575699999999870e+02
3.602277480000000196e+02
3.611436860000000024e+02
3.623750140000000215e+02
3.626627720000000181e+02
3.636511679999999842e+02
3.649319380000000024e+02
3.657336680000000229e+02
3.672607199999999921e+02
3.686947339999999826e+02
3.687723819999999932e+02
3.700121120000000019e+02
3.716075700000000097e+02
3.721538300000000277e+02
3.735875599999999963e+02
3.749203360000000202e+02
3.762029400000000123e+02
3.765899099999999748e+02
3.781067959999999744e+02
3.785032400000000052e+02
3.799766619999999762e+02
3.815833059999999932e+02
3.821877079999999864e+02
3.828882459999999810e+02
3.842905660000000125e+02
3.852434380000000260e+02
3.861691680000000133e+02
3.877946660000000065e+02
3.883742899999999736e+02
3.898438140000000089e+02
3.903825620000000072e+02
3.910879600000000096e+02
3.923920100000000275e+02
3.935007979999999748e+02
3.944391959999999813e+02
3.952783059999999864e+02
3.963223659999999882e+02
3.976459459999999808e+02
3.985342620000000124e+02
3.999619999999999891e+02
4.011504120000000171e+02
4.016981620000000248e+02
4.028186860000000138e+02
4.040520660000000248e+02
4.050935460000000035e+02
4.066324759999999969e+02
4.070073380000000043e+02
4.080028520000000185e+02
4.096510119999999802e+02
4.104352160000000254e+02
4.116601559999999722e+02
4.134314079999999763e+02
4.135773140000000012e+02
4.149702179999999885e+02
4.158989920000000211e+02
4.166791880000000106e+02
4.181339039999999727e+02
4.193968659999999886e+02
4.197229199999999878e+02
4.210992979999999761e+02
4.223847880000000146e+02
4.229732260000000110e+02
4.242561039999999934e+02
4.250996640000000184e+02
4.265331360000000132e+02
4.276554580000000101e+02
4.281005599999999731e+02
4.295880260000000135e+02
4.302871680000000083e+02
4.318749799999999937e+02
4.326669800000000237e+02
4.340859540000000152e+02
4.348845680000000016e+02
4.356674840000000017e+02
4.372976780000000190e+02
4.384742259999999874e+02
4.393160700000000247e+02
4.400454859999999826e+02
4.412402240000000120e+02
4.419314340000000243e+02
4.425268540000000144e+02
4.439279559999999947e+02
4.461596319999999878e+02
4.462210059999999885e+02
4.477979940000000170e+02
4.482986379999999826e+02
4.495245540000000233e+02
4.509030920000000151e+02
4.515538379999999847e+02
4.528230879999999843e+02
4.541667699999999854e+02
4.547169539999999870e+02
4.557829419999999914e+02
4.565658760000000029e+02
4.575762780000000021e+02
4.590418040000000133e+02
4.602209599999999909e+02
4.612450559999999768e+02
4.625279160000000047e+02
4.629504140000000234e+02
4.644455199999999877e+02
4.657242200000000025e+02
4.666860940000000255e+02
4.670948799999999892e+02
4.688561040000000162e+02
4.692195780000000127e+02
4.712383140000000026e+02
4.719433460000000196e+02
4.730603060000000255e+02
4.738184319999999730e+02
4.749924700000000257e+02
4.760435019999999895e+02
4.771155739999999810e+02
4.782601579999999899e+02
4.789636719999999741e+02
4.807299179999999978e+02
4.815467600000000061e+02
4.824931379999999876e+02
4.833285979999999995e+02
4.849425160000000119e+02
4.853834219999999959e+02
4.862732980000000111e+02
4.872732359999999971e+02
4.882692559999999844e+02
4.899321219999999926e+02
4.905013099999999895e+02
4.915439460000000054e+02
4.931478999999999928e+02
4.941307059999999751e+02
4.949020699999999806e+02
4.959104340000000093e+02
4.969893379999999752e+02
4.989375160000000164e+02
4.992419520000000261e+02
5.002902639999999792e+02
5.017946539999999800e+02
5.025061640000000125e+02
5.035735660000000280e+02
5.041700640000000249e+02
5.055130500000000211e+02
5.063390360000000214e+02
5.080696919999999750e+02
5.091421080000000075e+02
5.096991380000000049e+02
5.112187799999999811e+02
5.116469579999999837e+02
5.128282900000000382e+02
5.141695760000000064e+02
5.151748300000000427e+02
5.163637400000000071e+02
5.175075100000000248e+02
5.185632560000000240e+02
5.195023079999999709e+02
5.201298540000000230e+02
5.214353859999999941e+02
5.219358999999999469e+02
5.235511500000000069e+02
5.242796499999999469e+02
5.253314980000000105e+02
5.267579019999999446e+02
5.277644020000000182e+02
5.292054940000000443e+02
5.295658899999999676e+02
5.310402920000000222e+02
5.317083900000000085e+02
5.327058060000000523e+02
5.339469940000000179e+02
5.357121459999999615e+02
5.364336879999999610e+02
5.372044479999999567e+02
5.384759159999999838e+02
5.391405620000000454e+02
5.403769439999999804e+02
5.412444600000000037e+02
5.426243879999999535e+02
5.441040239999999812e+02
5.451075339999999869e+02
5.460667539999999462e+02
5.472795340000000124e+02
5.474200520000000552e+02
5.486314479999999776e+02
5.499623840000000428e+02
5.511904759999999897e+02
5.517301019999999880e+02
5.537749440000000050e+02
5.547688160000000153e+02
5.552922160000000531e+02
5.565899779999999737e+02
5.576276139999999941e+02
5.588523959999999988e+02
5.589339119999999639e+02
5.600683699999999590e+02
5.620665199999999686e+02
5.621357000000000426e+02
5.639635019999999486e+02
5.653535000000000537e+02
5.657486159999999700e+02
5.663225660000000516e+02
5.674657919999999649e+02
5.689013479999999845e+02
5.701108040000000301e+02
5.712588299999999890e+02
5.720595939999999473e+02
5.725212900000000218e+02
5.741272119999999859e+02
5.756229260000000068e+02
5.762418659999999591e+02
5.779872460000000274e+02
5.781103319999999712e+02
5.793449180000000069e+02
5.811513899999999921e+02
5.817644559999999956e+02
5.828028739999999743e+02
5.834840679999999793e+02
5.843367799999999761e+02
5.856904799999999796e+02
5.862514159999999492e+02
5.877815000000000509e+02
5.894129239999999754e+02
5.900100780000000213e+02
5.919897439999999733e+02
5.922977140000000418e+02
5.933229840000000195e+02
5.944485359999999901e+02
5.955579539999999952e+02
5.965412219999999479e+02
5.975806519999999864e+02
5.990451699999999846e+02
5.996460379999999759e+02
6.008154419999999618e+02
6.021184040000000550e+02
6.027107640000000401e+02
6.043622920000000249e+02
6.045215759999999818e+02
6.063908380000000307e+02
6.063250580000000127e+02
6.084581819999999652e+02
6.096827039999999442e+02
6.097975559999999859e+02
6.117534940000000461e+02
6.122382920000000013e+02
6.131885959999999614e+02
6.149868780000000470e+02
6.152981700000000274e+02
6.163767119999999977e+02
6.177265599999999495e+02
6.188345839999999498e+02
6.198767000000000280e+02
6.207783640000000105e+02
6.218307499999999663e+02
6.231534040000000232e+02
6.238675839999999653e+02
6.250359280000000126e+02
6.258687599999999520e+02
6.268097320000000536e+02
6.280255059999999503e+02
6.289140519999999697e+02
6.296191959999999881e+02
6.310862879999999677e+02
6.318948500000000195e+02
6.330590519999999515e+02
6.344243219999999610e+02
6.354546540000000050e+02
6.361142079999999623e+02
6.372546079999999620e+02
6.391850359999999682e+02
6.399050839999999880e+02
6.408755059999999730e+02
6.420061899999999468e+02
6.432330580000000282e+02
6.440845719999999801e+02
6.451655439999999544e+02
6.453182040000000370e+02
6.471515000000000555e+02
6.483354219999999941e+02
6.497982359999999744e+02
6.503993940000000293e+02
6.512319780000000264e+02
6.529486980000000358e+02
6.542263319999999567e+02
6.549381260000000111e+02
6.557009920000000420e+02
6.568175720000000410e+02
6.580150619999999435e+02
6.586319780000000037e+02
6.598581880000000410e+02
6.614236839999999802e+02
6.624538579999999683e+02
6.629444120000000567e+02
6.639239320000000362e+02
6.661235639999999876e+02
6.660427039999999579e+02
6.675020859999999630e+02
6.683423219999999674e+02
6.689374259999999595e+02
6.709023680000000240e+02
6.715546980000000303e+02
6.724997260000000097e+02
6.730328319999999849e+02
6.747065880000000107e+02
6.760857340000000022e+02
6.766636039999999639e+02
6.772076299999999947e+02
6.787046940000000177e+02
6.799283880000000408e+02
6.809305980000000318e+02
6.812427599999999757e+02
6.831749660000000404e+02
6.841587779999999839e+02
6.853819160000000466e+02
6.866965199999999641e+02
6.873424380000000156e+02
6.884747939999999744e+02
6.884905639999999494e+02
6.903921619999999848e+02
6.912389480000000503e+02
6.927282760000000508e+02
6.929934600000000273e+02
6.951946140000000014e+02
6.953243099999999686e+02
6.967877959999999575e+02
6.984575640000000476e+02
6.989098020000000133e+02
7.007038619999999582e+02
7.016366460000000416e+02
7.022216560000000527e+02
7.032853499999999940e+02
7.045375299999999470e+02
7.054571620000000394e+02
7.065938479999999799e+02
7.066176699999999755e+02
7.089764340000000402e+02
7.097518619999999601e+02
7.102384739999999965e+02
7.114128279999999904e+02
7.132986220000000230e+02
7.140331019999999853e+02
7.149316639999999552e+02
7.158115080000000034e+02
7.170618719999999939e+02
7.176948419999999942e+02
7.185639360000000124e+02
7.201873920000000453e+02
7.209672699999999850e+02
7.224068519999999580e+02
7.222548000000000457e+02
7.244576319999999896e+02
7.249629599999999527e+02
7.266346979999999576e+02
7.271563660000000482e+02
7.292404159999999820e+02
7.291808240000000296e+02
7.308409659999999803e+02
7.316884700000000521e+02
7.332276500000000397e+02
7.345065899999999601e+02
7.347471060000000307e+02
7.359175400000000309e+02
7.367484540000000379e+02
7.382723819999999932e+02
7.392667480000000069e+02
7.406015660000000480e+02
7.412034439999999904e+02
7.428628139999999576e+02
7.432549099999999953e+02
7.447122219999999970e+02
7.458514579999999796e+02
7.461453340000000480e+02
7.192842759999999771e+02
6.883970679999999902e+02
6.712992739999999685e+02
6.572300619999999753e+02
6.458089899999999943e+02
6.347462460000000419e+02
6.254542900000000145e+02
6.167787620000000288e+02
6.084834819999999809e+02
6.014012539999999944e+02
5.933517259999999851e+02
5.859718940000000202e+02
5.804135079999999789e+02
5.738715419999999767e+02
5.682613900000000058e+02
5.625586839999999711e+02
5.567177599999999984e+02
5.509969039999999723e+02
5.456905900000000429e+02
5.409767279999999801e+02
5.357924219999999877e+02
5.316504860000000008e+02
5.262142700000000559e+02
5.231179859999999735e+02
5.185798760000000129e+02
5.140118539999999712e+02
5.095592260000000238e+02
5.051982380000000035e+02
5.018335960000000000e+02
4.976271499999999719e+02
4.937529559999999833e+02
4.895832159999999931e+02
4.859396459999999820e+02
4.826448540000000094e+02
4.779744800000000282e+02
4.748744239999999763e+02
4.710873700000000213e+02
4.686261999999999830e+02
4.648922800000000279e+02
4.614283899999999790e+02
4.571145260000000121e+02
4.548009359999999788e+02
4.505104460000000017e+02
4.479850720000000024e+02
4.450306679999999915e+02
4.418547520000000191e+02
4.387884900000000243e+02
4.351844340000000102e+02
4.321407320000000141e+02
4.296305179999999950e+02
4.266884840000000167e+02
4.238541660000000206e+02
4.210534460000000081e+02
4.176962960000000180e+02
4.153772000000000162e+02
4.120442499999999768e+02
4.096147460000000251e+02
4.067249659999999949e+02
4.036885439999999790e+02
4.014110319999999774e+02
3.986324079999999981e+02
3.954887719999999831e+02
3.929738380000000006e+02
3.906738740000000121e+02
3.881575659999999743e+02
3.855619340000000079e+02
3.829847480000000246e+02
3.799483420000000251e+02
3.775472760000000108e+02
3.759952799999999797e+02
3.729159520000000043e+02
3.707478540000000180e+02
3.683187760000000139e+02
3.655182839999999942e+02
3.630306160000000091e+02
3.608551540000000273e+02
3.589447680000000105e+02
3.563876839999999788e+02
3.539669759999999883e+02
3.514999139999999898e+02
3.489907200000000103e+02
3.469019599999999741e+02
3.447085500000000025e+02
3.426010200000000054e+02
3.399001700000000028e+02
3.382441699999999969e+02
3.354498619999999960e+02
3.337481480000000147e+02
3.318173820000000092e+02
3.286543419999999855e+02
3.266993879999999990e+02
3.245440280000000257e+02
3.224831480000000283e+02
3.204082999999999970e+02
3.181439020000000255e+02
3.162900020000000154e+02
3.146335599999999886e+02
3.118529879999999821e+02
3.098754739999999970e+02
3.076317639999999756e+02
3.061824119999999994e+02
3.039525639999999953e+02
3.012286460000000261e+02
2.998897259999999960e+02
2.976857200000000034e+02
2.956777460000000133e+02
2.933373540000000048e+02
2.916444079999999985e+02
2.899847419999999829e+02
2.875090299999999957e+02
2.854194219999999973e+02
2.832874980000000278e+02
2.815018620000000169e+02
2.793264379999999960e+02
2.777531799999999862e+02
2.757581999999999880e+02
2.736961299999999824e+02
2.719485260000000153e+02
2.697718780000000152e+02
2.682830339999999865e+02
2.661780019999999922e+02
2.643857780000000162e+02
2.626839140000000157e+02
2.611150119999999788e+02
2.585988159999999993e+02
2.571910379999999918e+02
2.547815300000000036e+02
2.532253179999999873e+02
2.513655139999999903e+02
2.496782399999999882e+02
2.481271940000000029e+02
2.457104899999999930e+02
2.441775939999999991e+02
2.421980059999999924e+02
2.406396939999999915e+02
2.390310760000000130e+02
2.375328299999999899e+02
2.349293079999999918e+02
2.335177339999999901e+02
2.312089560000000006e+02
2.300258240000000001e+02
2.281367400000000032e+02
2.263328740000000039e+02
2.245041779999999960e+02
2.228864440000000116e+02
2.207461700000000064e+02
2.195539300000000082e+02
2.176043880000000001e+02
2.158543600000000140e+02
2.140827459999999860e+02
2.123599759999999890e+02
2.107899879999999939e+02
2.087198940000000107e+02
2.071601159999999879e+02
2.054143799999999942e+02
2.039120120000000043e+02
2.023613459999999975e+02
2.005112120000000004e+02
1.986651280000000099e+02
1.972056560000000047e+02
1.952728240000000142e+02
1.936647639999999910e+02
1.920122859999999889e+02
1.907275419999999997e+02
1.887993840000000034e+02
1.872555639999999926e+02
1.855463100000000054e+02
1.841115920000000017e+02
1.821627159999999890e+02
1.806171420000000012e+02
1.792023020000000031e+02
1.775713959999999929e+02
1.756620479999999986e+02
1.743707679999999982e+02
1.723196279999999945e+02
1.709580400000000111e+02
1.692242559999999969e+02
1.678506260000000054e+02
1.664015359999999930e+02
1.645663560000000132e+02
1.628938019999999938e+02
1.614732820000000117e+02
1.601589079999999967e+02
1.580156959999999913e+02
1.568111319999999864e+02
1.548665699999999958e+02
1.538463759999999922e+02
1.518145220000000108e+02
1.503410120000000063e+02
1.489013319999999965e+02
1.473824339999999893e+02
1.454881719999999916e+02
1.440302379999999971e+02
1.428252559999999960e+02
1.409739720000000034e+02
1.393401760000000138e+02
1.377599040000000059e+02
1.365026780000000031e+02
1.347870000000000061e+02
1.336562979999999925e+02
1.316066240000000107e+02
1.303193300000000079e+02
1.285535120000000120e+02
1.272495020000000068e+02
1.254757520000000000e+02
1.239495919999999956e+02
1.223884520000000009e+02
1.212120380000000068e+02
1.198440700000000021e+02
1.181852580000000046e+02
1.166159360000000049e+02
1.152874560000000059e+02
1.136151239999999945e+02
1.122524719999999974e+02
1.105608759999999933e+02
1.091593780000000038e+02
1.076351279999999946e+02
1.063701180000000051e+02
1.046974060000000009e+02
1.032113180000000057e+02
1.017350579999999951e+02
1.004229579999999942e+02
9.905807199999999568e+01
9.740147799999999734e+01
9.615299000000000262e+01
9.458466599999999858e+01
9.301894199999999557e+01
9.162238399999999672e+01
9.018466800000000205e+01
8.887255199999999888e+01
8.719791800000000137e+01
8.565187600000000145e+01
8.423374200000000656e+01
8.264201799999999309e+01
8.139169599999999605e+01
7.997483800000000542e+01
7.869288199999999733e+01
7.729210600000000397e+01
7.545655200000000207e+01
7.406765199999999538e+01
7.272171000000000163e+01
7.127108599999999683e+01
6.993200799999999617e+01
6.848750200000000632e+01
6.698913199999999790e+01
6.571338199999999574e+01
6.415251200000000154e+01
6.261417999999999751e+01
6.138750000000000284e+01
5.996217800000000153e+01
5.846948199999999929e+01
5.713818799999999953e+01
5.551689400000000063e+01
5.435716200000000242e+01
5.292601799999999912e+01
5.152348599999999834e+01
4.990791600000000017e+01
4.868951599999999758e+01
4.731368599999999702e+01
4.582121800000000178e+01
4.464759200000000305e+01
4.304757800000000145e+01
4.167035599999999818e+01
4.029003600000000063e+01
3.874241200000000163e+01
3.739656200000000297e+01
3.599955200000000133e+01
3.476436199999999843e+01
3.333377600000000029e+01
3.197213599999999900e+01
3.067057000000000144e+01
2.923029000000000011e+01
2.778036600000000078e+01
2.639149000000000100e+01
2.526081599999999838e+01
2.384040399999999948e+01
2.233542399999999972e+01
2.105277799999999999e+01
1.965769799999999989e+01
1.834343600000000052e+01
1.694615999999999900e+01
1.567237199999999930e+01
1.421327199999999991e+01
1.301641000000000048e+01
1.152992000000000061e+01
1.012241999999999997e+01
8.815696000000000865e+00
7.442046000000000383e+00
6.140387999999999735e+00
4.705536000000000385e+00
3.405774000000000079e+00
2.006762000000000157e+00
6.747319999999999984e-01
L=10.0,N=580,T=1.0,r=0.16,eta=0.4664636772050125,t=1743.0134093761444s