0.000000000000000000e+00
0.000000000000000000e+00
0.000000000000000000e+00
0.000000000000000000e+00
0.000000000000000000e+00
0.000000000000000000e+00
0.000000000000000000e+00
0.000000000000000000e+00
0.000000000000000000e+00
0.000000000000000000e+00
0.000000000000000000e+00
0.000000000000000000e+00
0.000000000000000000e+00
0.000000000000000000e+00
0.000000000000000000e+00
0.000000000000000000e+00
0.000000000000000000e+00
0.000000000000000000e+00
0.000000000000000000e+00
0.000000000000000000e+00
0.000000000000000000e+00
0.000000000000000000e+00
0.000000000000000000e+00
0.000000000000000000e+00
0.000000000000000000e+00
0.000000000000000000e+00
0.000000000000000000e+00
0.000000000000000000e+00
0.000000000000000000e+00
0.000000000000000000e+00
0.000000000000000000e+00
0.000000000000000000e+00
0.000000000000000000e+00
0.000000000000000000e+00
0.000000000000000000e+00
0.000000000000000000e+00
0.000000000000000000e+00
0.000000000000000000e+00
0.000000000000000000e+00
0.000000000000000000e+00
0.000000000000000000e+00
0.000000000000000000e+00
0.000000000000000000e+00
0.000000000000000000e+00
0.000000000000000000e+00
1.758660219999999867e+02
2.233297860000000128e+02
2.082293239999999912e+02
1.963098439999999982e+02
1.842579880000000117e+02
1.732193959999999890e+02
1.630457079999999905e+02
1.542394280000000037e+02
1.461045180000000130e+02
1.380513119999999958e+02
1.308298519999999883e+02
1.245267300000000006e+02
1.182388940000000019e+02
1.128070139999999952e+02
1.077958639999999946e+02
1.021973679999999973e+02
9.893497399999999686e+01
9.421442799999999806e+01
9.055175400000000252e+01
8.736741999999999564e+01
8.497684200000000487e+01
8.175348200000000531e+01
8.053279999999999461e+01
7.792177800000000332e+01
7.592516399999999521e+01
7.453295799999999360e+01
7.305951600000000212e+01
7.176056800000000635e+01
7.132855000000000700e+01
7.114405800000000113e+01
7.117164999999999964e+01
7.215078400000000158e+01
7.156740399999999624e+01
7.235183999999999571e+01
7.395045399999999347e+01
7.600437800000000266e+01
7.880849999999999511e+01
8.115940999999999406e+01
8.459150400000000047e+01
8.878206000000000131e+01
9.324207400000000234e+01
9.885176800000000696e+01
1.043478379999999959e+02
1.105572460000000063e+02
1.181129040000000003e+02
1.284849159999999983e+02
1.422844699999999989e+02
1.521907879999999977e+02
1.617900779999999941e+02
1.685777359999999874e+02
1.748068140000000028e+02
1.779678460000000086e+02
1.809376340000000027e+02
1.832799119999999959e+02
1.846791540000000111e+02
1.841463280000000111e+02
1.837004420000000096e+02
1.832527000000000044e+02
1.831667820000000120e+02
1.833881340000000080e+02
1.803194640000000106e+02
1.784169799999999952e+02
1.767831920000000139e+02
1.742661919999999895e+02
1.732732540000000085e+02
1.707354400000000112e+02
1.686813260000000128e+02
1.670035159999999905e+02
1.649895359999999869e+02
1.642984700000000089e+02
1.620493219999999894e+02
1.611650019999999870e+02
1.593289640000000134e+02
1.583175980000000038e+02
1.570269519999999943e+02
1.571363340000000051e+02
1.569697020000000123e+02
1.578522020000000055e+02
1.577020679999999970e+02
1.586607860000000016e+02
1.588070580000000120e+02
1.596634579999999914e+02
1.615295000000000130e+02
1.648327759999999955e+02
1.665059459999999945e+02
1.686793079999999918e+02
1.722001759999999990e+02
1.750739140000000020e+02
1.785710740000000101e+02
1.821137359999999887e+02
1.871526979999999867e+02
1.924228799999999922e+02
1.953075760000000116e+02
2.004812760000000083e+02
2.060813280000000134e+02
2.094123140000000092e+02
2.129716640000000041e+02
2.177622580000000028e+02
2.208488360000000057e+02
2.243341340000000059e+02
2.268028639999999996e+02
2.290098700000000065e+02
2.307780019999999865e+02
2.333273039999999980e+02
2.339909920000000056e+02
2.357454799999999864e+02
2.366570299999999918e+02
2.361546319999999923e+02
2.367018019999999865e+02
2.370284939999999949e+02
2.388201720000000137e+02
2.366049559999999872e+02
2.373206920000000082e+02
2.380946900000000142e+02
2.381577699999999993e+02
2.382643840000000068e+02
2.371558019999999942e+02
2.366278759999999863e+02
2.370856259999999907e+02
2.363386040000000037e+02
2.368020879999999977e+02
2.365578879999999913e+02
2.365125740000000008e+02
2.371677180000000078e+02
2.377359519999999975e+02
2.379774940000000072e+02
2.395771819999999934e+02
2.412573439999999891e+02
2.414173220000000128e+02
2.422050480000000050e+02
2.438554739999999867e+02
2.455601680000000044e+02
2.470714700000000050e+02
2.492310520000000054e+02
2.514732239999999877e+02
2.530097719999999981e+02
2.564020719999999756e+02
2.585630780000000186e+02
2.615582739999999831e+02
2.642526399999999853e+02
2.669331579999999917e+02
2.709060880000000111e+02
2.720129719999999907e+02
2.747086659999999938e+02
2.770582099999999741e+02
2.808791459999999915e+02
2.811443600000000060e+02
2.839706080000000270e+02
2.875855359999999905e+02
2.887043639999999982e+02
2.904138619999999946e+02
2.918267180000000280e+02
2.928273899999999799e+02
2.952102800000000116e+02
2.966872179999999730e+02
2.985910860000000184e+02
2.998272279999999910e+02
3.011764200000000073e+02
3.016771919999999909e+02
3.031059480000000121e+02
3.039613019999999892e+02
3.049917659999999842e+02
3.048530099999999834e+02
3.053358299999999872e+02
3.065626700000000255e+02
3.070673919999999839e+02
3.083462640000000192e+02
3.073847200000000157e+02
3.091478200000000243e+02
3.102929219999999759e+02
3.124003599999999778e+02
3.118468659999999772e+02
3.124098020000000133e+02
3.146921560000000113e+02
3.148626039999999762e+02
3.146631340000000137e+02
3.166289059999999722e+02
3.190092020000000161e+02
3.198205960000000232e+02
3.212211560000000077e+02
3.223637320000000273e+02
3.254777980000000071e+02
3.251833579999999984e+02
3.273067899999999781e+02
3.285001419999999825e+02
3.337695759999999723e+02
3.328166919999999891e+02
3.355119260000000168e+02
3.377339840000000208e+02
3.391669800000000237e+02
3.421093000000000188e+02
3.440126539999999977e+02
3.457232280000000060e+02
3.463787219999999820e+02
3.495412440000000061e+02
3.505901559999999790e+02
3.520597200000000271e+02
3.539401920000000246e+02
3.561396740000000136e+02
3.588782879999999977e+02
3.585554859999999735e+02
3.615530499999999847e+02
3.621093559999999911e+02
3.644569079999999985e+02
3.647769880000000171e+02
3.687185460000000035e+02
3.683865059999999971e+02
3.696909640000000081e+02
3.713215020000000095e+02
3.710615900000000238e+02
3.745173679999999763e+02
3.734240560000000073e+02
3.757148220000000265e+02
3.743654579999999896e+02
3.762052739999999744e+02
3.804238700000000222e+02
3.796088040000000206e+02
3.803715119999999956e+02
3.819813899999999762e+02
3.845063160000000266e+02
3.829521899999999732e+02
3.857286859999999820e+02
3.866966219999999907e+02
3.878603899999999953e+02
3.903891100000000165e+02
3.906101459999999861e+02
3.926809880000000135e+02
3.944042600000000220e+02
3.949085200000000100e+02
3.965494919999999865e+02
3.982873739999999998e+02
3.992419120000000134e+02
4.025270540000000210e+02
4.032488079999999968e+02
4.053317159999999717e+02
4.068223340000000121e+02
4.077990360000000010e+02
4.102469500000000266e+02
4.106782400000000166e+02
4.115130919999999719e+02
4.148056240000000230e+02
4.160770640000000071e+02
4.178855379999999968e+02
4.192852060000000165e+02
4.222154520000000275e+02
4.224869039999999814e+02
4.249659179999999878e+02
4.251766480000000001e+02
4.280868199999999888e+02
4.288792760000000044e+02
4.308358180000000175e+02
4.327300119999999879e+02
4.339833100000000172e+02
4.360059600000000160e+02
4.363655259999999885e+02
4.371977340000000254e+02
4.395473700000000008e+02
4.387768419999999878e+02
4.417499240000000214e+02
4.436185140000000047e+02
4.458547479999999723e+02
4.449793020000000183e+02
4.447036759999999731e+02
4.480408699999999840e+02
4.484482459999999833e+02
4.501054740000000152e+02
4.521890260000000126e+02
4.532513339999999857e+02
4.541974139999999807e+02
4.562413799999999924e+02
4.570980400000000259e+02
4.590915580000000205e+02
4.616202440000000138e+02
4.614256379999999922e+02
4.624182339999999840e+02
4.641276300000000106e+02
4.661938860000000204e+02
4.696922260000000051e+02
4.691398780000000102e+02
4.701767340000000104e+02
4.722342059999999719e+02
4.751630999999999858e+02
4.774334000000000060e+02
4.759821759999999813e+02
4.792962059999999838e+02
4.798620260000000144e+02
4.807780300000000011e+02
4.819598320000000058e+02
4.839528760000000034e+02
4.871574640000000045e+02
4.880726339999999936e+02
4.881012680000000046e+02
4.916245200000000182e+02
4.933588179999999852e+02
4.936004080000000158e+02
4.955834219999999846e+02
4.961414439999999786e+02
4.982579799999999750e+02
5.001573200000000270e+02
5.009434979999999769e+02
5.028323859999999854e+02
5.033725580000000264e+02
5.050759899999999902e+02
5.050496420000000057e+02
5.078443159999999921e+02
5.093321399999999812e+02
5.095046639999999911e+02
5.121552739999999631e+02
5.136382360000000062e+02
5.149343579999999747e+02
5.162521739999999681e+02
5.169527100000000246e+02
5.182660600000000386e+02
5.188888140000000249e+02
5.221850620000000163e+02
5.223043239999999514e+02
5.247834820000000491e+02
5.260025319999999738e+02
5.258458100000000286e+02
5.300121900000000323e+02
5.307584699999999884e+02
5.317228360000000293e+02
5.323764599999999518e+02
5.357726119999999810e+02
5.376422460000000001e+02
5.383711180000000240e+02
5.400618540000000394e+02
5.423241580000000113e+02
5.419217879999999923e+02
5.434181979999999612e+02
5.462237460000000056e+02
5.479254059999999527e+02
5.475011060000000498e+02
5.484195700000000215e+02
5.544132419999999684e+02
5.546609399999999823e+02
5.558643680000000131e+02
5.562726000000000113e+02
5.577576900000000251e+02
5.594109680000000253e+02
5.620476599999999507e+02
5.608943100000000186e+02
5.639761740000000145e+02
5.636491620000000466e+02
5.644733320000000276e+02
5.671154099999999971e+02
5.705132839999999987e+02
5.697535719999999628e+02
5.697727800000000116e+02
5.726105499999999893e+02
5.748095859999999675e+02
5.755612939999999753e+02
5.772816639999999779e+02
5.793907679999999800e+02
5.791978360000000521e+02
5.811551240000000007e+02
5.822540739999999460e+02
5.838660579999999527e+02
5.849898140000000240e+02
5.871400999999999613e+02
5.880110539999999446e+02
5.903921579999999949e+02
5.919047060000000329e+02
5.941674400000000560e+02
5.928623039999999946e+02
5.945232059999999592e+02
5.973714619999999513e+02
5.982201999999999771e+02
5.996243560000000343e+02
5.996785320000000183e+02
6.011856259999999565e+02
6.056239679999999908e+02
6.083030039999999872e+02
6.075466699999999491e+02
6.093230760000000146e+02
6.119515239999999494e+02
6.135170900000000529e+02
6.142392919999999776e+02
6.133942019999999502e+02
6.176868080000000418e+02
6.200340499999999793e+02
6.203285959999999477e+02
6.212229760000000169e+02
6.223622279999999591e+02
6.266918660000000045e+02
6.263082960000000412e+02
6.270524840000000495e+02
6.287563659999999572e+02
6.325214879999999766e+02
6.315463079999999536e+02
6.330597659999999678e+02
6.364144619999999577e+02
6.369001700000000028e+02
6.363221220000000358e+02
6.377785380000000259e+02
6.406250199999999495e+02
6.406461219999999912e+02
6.444809099999999944e+02
6.444945440000000190e+02
6.439408399999999801e+02
6.487933120000000145e+02
6.470040020000000140e+02
6.489257860000000164e+02
6.500948240000000169e+02
6.513459440000000313e+02
6.552536900000000060e+02
6.542211260000000266e+02
6.562787980000000516e+02
6.567232659999999669e+02
6.593017300000000205e+02
6.608502459999999701e+02
6.617811659999999847e+02
6.643684620000000223e+02
6.654681779999999662e+02
6.665531200000000354e+02
6.677030859999999848e+02
6.713605720000000474e+02
6.704210440000000517e+02
6.716303239999999732e+02
6.742521279999999706e+02
6.764350719999999910e+02
6.783516479999999547e+02
6.799781420000000480e+02
6.795941279999999551e+02
6.827891200000000254e+02
6.831625679999999647e+02
6.863971920000000182e+02
6.869044720000000552e+02
6.885829099999999698e+02
6.898853119999999990e+02
6.908337060000000065e+02
6.930212219999999661e+02
6.945275400000000445e+02
6.948534339999999929e+02
6.965371340000000373e+02
7.005590600000000450e+02
7.015462899999999991e+02
7.027002439999999979e+02
7.036873040000000401e+02
7.051489880000000312e+02
7.034202420000000302e+02
7.067065880000000107e+02
7.091055440000000090e+02
7.116863419999999678e+02
7.112288340000000062e+02
7.124314040000000432e+02
7.138721040000000357e+02
7.137327460000000201e+02
7.179772580000000062e+02
7.185239219999999705e+02
7.174828720000000430e+02
7.200982559999999921e+02
7.218010679999999866e+02
7.221490280000000439e+02
7.238693220000000110e+02
7.238131260000000111e+02
7.293650000000000091e+02
7.281213099999999940e+02
7.298371779999999944e+02
7.330638000000000147e+02
7.353735619999999926e+02
7.347952219999999670e+02
7.373541020000000117e+02
7.386020359999999982e+02
7.377738600000000133e+02
7.394979399999999714e+02
7.419949480000000221e+02
7.443645139999999856e+02
7.468308660000000145e+02
7.475367220000000543e+02
7.486277959999999894e+02
7.510114899999999807e+02
7.520565360000000510e+02
7.539618580000000065e+02
7.543347479999999905e+02
7.562523159999999507e+02
7.583660599999999476e+02
7.599580399999999827e+02
7.608166939999999840e+02
7.623279860000000099e+02
7.641296559999999545e+02
7.662590500000000020e+02
7.689614820000000464e+02
7.678950539999999592e+02
7.687298960000000534e+02
7.719442340000000513e+02
7.727562940000000253e+02
7.761572059999999738e+02
7.757070200000000568e+02
7.768751660000000356e+02
7.790265500000000429e+02
7.792169219999999541e+02
7.791649400000000014e+02
7.831668760000000020e+02
7.831612460000000056e+02
7.850946000000000140e+02
7.880467579999999543e+02
7.863071959999999763e+02
7.889283319999999549e+02
7.928570439999999735e+02
7.933343680000000404e+02
7.917191199999999753e+02
7.935219680000000153e+02
7.952044399999999769e+02
7.961093479999999545e+02
7.983560280000000375e+02
7.992953459999999950e+02
8.019132240000000138e+02
8.039121760000000450e+02
8.032391920000000027e+02
8.061735860000000002e+02
8.089572060000000420e+02
8.078437259999999469e+02
8.116061059999999543e+02
8.118518759999999475e+02
8.149978059999999687e+02
8.132324180000000524e+02
8.165225699999999733e+02
8.182276900000000524e+02
8.203685239999999794e+02
8.208091660000000047e+02
8.248343620000000556e+02
8.239249999999999545e+02
8.263255639999999858e+02
8.276969739999999547e+02
8.295976259999999911e+02
8.296014840000000277e+02
8.333084939999999960e+02
8.326844240000000354e+02
8.355737940000000208e+02
8.368605700000000525e+02
8.390955979999999954e+02
8.409375820000000203e+02
8.423827099999999746e+02
8.438905439999999771e+02
8.418153200000000425e+02
8.444377080000000433e+02
8.447819919999999456e+02
8.471265100000000530e+02
8.518157119999999622e+02
8.525402060000000120e+02
8.523148459999999886e+02
8.541605660000000171e+02
8.559507800000000088e+02
8.559544560000000502e+02
8.578690299999999525e+02
8.589552800000000161e+02
8.593167160000000422e+02
8.599141859999999724e+02
8.629515280000000530e+02
8.639815499999999702e+02
8.637081719999999905e+02
8.680208139999999730e+02
8.685217460000000074e+02
8.692706560000000309e+02
8.722608519999999999e+02
8.705446660000000065e+02
8.745597340000000486e+02
8.769974300000000085e+02
8.777430799999999635e+02
8.808162079999999605e+02
8.813601200000000517e+02
8.823567639999999983e+02
8.842626860000000306e+02
8.840593400000000202e+02
8.870984859999999799e+02
8.878408739999999852e+02
8.912289560000000392e+02
8.904603580000000420e+02
8.909491140000000087e+02
8.930171460000000252e+02
8.954074980000000323e+02
8.971751000000000431e+02
8.997579960000000483e+02
9.008124800000000505e+02
9.020973420000000260e+02
9.029325340000000324e+02
9.045357480000000123e+02
9.055733340000000453e+02
9.067819339999999784e+02
9.078513400000000502e+02
9.105033519999999498e+02
9.139230760000000373e+02
9.141620599999999968e+02
9.160068700000000490e+02
9.178396539999999959e+02
9.192826380000000199e+02
9.195172420000000102e+02
9.198558600000000069e+02
9.208772659999999632e+02
9.235618339999999762e+02
9.247776880000000119e+02
9.270095820000000231e+02
9.267541380000000117e+02
9.267971780000000308e+02
9.279005300000000034e+02
9.310827940000000353e+02
9.326253219999999828e+02
9.355200479999999743e+02
9.363175639999999476e+02
9.358219400000000405e+02
9.359650279999999611e+02
9.397693100000000186e+02
9.420527939999999489e+02
9.429742220000000543e+02
9.462470080000000507e+02
9.467562860000000455e+02
9.477303940000000466e+02
9.500661720000000514e+02
9.511323360000000093e+02
9.515501279999999724e+02
9.537025720000000319e+02
9.546409280000000308e+02
9.590719840000000431e+02
9.564818219999999656e+02
9.591650839999999789e+02
9.599650360000000546e+02
9.628425039999999626e+02
9.640253979999999956e+02
9.664846680000000561e+02
9.679999780000000555e+02
9.654420119999999770e+02
9.680741259999999784e+02
9.704882340000000340e+02
9.731756060000000161e+02
9.748473239999999578e+02
9.762149799999999686e+02
9.774159379999999828e+02
9.809132080000000542e+02
9.802723780000000033e+02
9.802045339999999669e+02
9.834662220000000161e+02
9.815329080000000204e+02
9.874305759999999736e+02
9.867943299999999454e+02
9.878609679999999571e+02
9.922372860000000401e+02
9.915832040000000234e+02
9.926844660000000431e+02
9.941629500000000235e+02
9.957863820000000032e+02
9.986951440000000275e+02
9.974647039999999834e+02
9.991971720000000232e+02
1.002127550000000042e+03
1.003140813999999978e+03
1.002586601999999971e+03
1.003395103999999947e+03
1.006211289999999963e+03
1.007970919999999978e+03
1.009307140000000004e+03
1.014835619999999949e+03
1.011390164000000027e+03
1.015076630000000023e+03
1.016866545999999971e+03
1.017444437999999991e+03
1.018247558000000026e+03
1.020414838000000032e+03
1.023548566000000051e+03
1.022570050000000037e+03
1.025210254000000077e+03
1.026442148000000088e+03
9.852441880000000083e+02
9.470726600000000417e+02
9.235033959999999524e+02
9.027588719999999967e+02
8.867959280000000035e+02
8.712880559999999832e+02
8.610541940000000523e+02
8.470669199999999819e+02
8.367524720000000116e+02
8.272459900000000061e+02
8.183169080000000122e+02
8.077104299999999739e+02
7.995959560000000010e+02
7.890746659999999792e+02
7.800853100000000495e+02
7.755005119999999579e+02
7.636169340000000147e+02
7.584770200000000386e+02
7.500361520000000155e+02
7.430299599999999600e+02
7.380548119999999699e+02
7.319693119999999453e+02
7.239981900000000223e+02
7.162312020000000530e+02
7.129754000000000360e+02
7.061239659999999958e+02
7.021676619999999502e+02
6.942435779999999568e+02
6.906497160000000122e+02
6.843298019999999724e+02
6.778041600000000244e+02
6.729849020000000337e+02
6.671300740000000360e+02
6.635204079999999749e+02
6.578883299999999963e+02
6.525971240000000080e+02
6.472278340000000298e+02
6.427141440000000330e+02
6.385090740000000551e+02
6.333456700000000410e+02
6.296761579999999867e+02
6.248721839999999474e+02
6.211650140000000420e+02
6.174054859999999962e+02
6.119590080000000398e+02
6.088693379999999706e+02
6.019682860000000346e+02
5.976061819999999898e+02
5.945608320000000049e+02
5.887867400000000089e+02
5.860599720000000161e+02
5.818364420000000337e+02
5.780771320000000060e+02
5.754452820000000202e+02
5.695088859999999613e+02
5.667903840000000173e+02
5.610333600000000160e+02
5.569186160000000427e+02
5.555390380000000050e+02
5.508686420000000226e+02
5.472222779999999602e+02
5.444745560000000069e+02
5.421235100000000102e+02
5.363759059999999863e+02
5.339470959999999877e+02
5.293372580000000198e+02
5.249348780000000261e+02
5.244694160000000238e+02
5.190513720000000149e+02
5.176255859999999984e+02
5.134188679999999749e+02
5.090590399999999818e+02
5.056784400000000232e+02
5.014900260000000003e+02
5.010225300000000175e+02
4.967722999999999729e+02
4.933491660000000252e+02
4.888351040000000012e+02
4.873884199999999964e+02
4.831532879999999750e+02
4.807638840000000187e+02
4.779465020000000095e+02
4.749637220000000184e+02
4.705982839999999783e+02
4.666837560000000167e+02
4.657850240000000213e+02
4.627844420000000127e+02
4.588228760000000079e+02
4.562923680000000104e+02
4.532387800000000198e+02
4.494278259999999818e+02
4.462301320000000260e+02
4.432078759999999988e+02
4.393027700000000095e+02
4.386903479999999718e+02
4.346139339999999720e+02
4.321336939999999913e+02
4.278540980000000218e+02
4.254227500000000077e+02
4.234694039999999973e+02
4.204347179999999753e+02
4.173971760000000017e+02
4.140046679999999810e+02
4.115757899999999836e+02
4.088849399999999719e+02
4.059467579999999884e+02
4.023885579999999891e+02
3.992795619999999985e+02
3.966032519999999977e+02
3.947563299999999913e+02
3.926814959999999814e+02
3.888313140000000203e+02
3.864145139999999969e+02
3.844226080000000252e+02
3.821128479999999854e+02
3.800350980000000050e+02
3.769322159999999826e+02
3.738254420000000096e+02
3.732055500000000166e+02
3.685990259999999807e+02
3.652161740000000236e+02
3.642115479999999934e+02
3.629739359999999806e+02
3.584634439999999813e+02
3.559685900000000061e+02
3.531664579999999773e+02
3.513336360000000127e+02
3.478633859999999913e+02
3.455812159999999835e+02
3.423513740000000212e+02
3.410369600000000219e+02
3.389051640000000134e+02
3.358495580000000018e+02
3.346896499999999719e+02
3.313160760000000096e+02
3.279623680000000263e+02
3.269902260000000069e+02
3.217639800000000037e+02
3.208260859999999752e+02
3.181098640000000159e+02
3.158234079999999722e+02
3.132359819999999786e+02
3.101599439999999959e+02
3.091807099999999764e+02
3.065547740000000090e+02
3.041233500000000163e+02
3.006212239999999838e+02
2.990681579999999826e+02
2.968542039999999815e+02
2.943315539999999828e+02
2.919547900000000027e+02
2.892884339999999952e+02
2.865075919999999883e+02
2.850549720000000207e+02
2.826727319999999963e+02
2.797078839999999786e+02
2.771885399999999890e+02
2.751525340000000028e+02
2.721177000000000135e+02
2.721672019999999748e+02
2.690087439999999788e+02
2.659351520000000164e+02
2.638600979999999936e+02
2.614261640000000284e+02
2.603814520000000243e+02
2.573708080000000109e+02
2.545916459999999972e+02
2.529937999999999931e+02
2.501263959999999997e+02
2.479723820000000103e+02
2.465545799999999872e+02
2.448837880000000098e+02
2.422230260000000044e+02
2.392809819999999945e+02
2.372358519999999942e+02
2.343893079999999998e+02
2.331902039999999943e+02
2.306323099999999897e+02
2.279758600000000115e+02
2.267197999999999922e+02
2.246586839999999938e+02
2.219146639999999877e+02
2.192504079999999931e+02
2.172155500000000075e+02
2.157386060000000043e+02
2.145165639999999883e+02
2.111206119999999942e+02
2.087245979999999861e+02
2.065779819999999916e+02
2.049723060000000032e+02
2.014814020000000028e+02
1.994540660000000116e+02
1.983169460000000015e+02
1.954699400000000082e+02
1.941582600000000127e+02
1.911468879999999899e+02
1.893410020000000031e+02
1.870582259999999906e+02
1.860096699999999998e+02
1.823547739999999919e+02
1.814569920000000138e+02
1.798637899999999945e+02
1.768611359999999877e+02
1.745477119999999900e+02
1.721359820000000127e+02
1.706795899999999904e+02
1.680109500000000082e+02
1.672891079999999988e+02
1.647140780000000007e+02
1.623705239999999890e+02
1.615314820000000111e+02
1.593162599999999998e+02
1.558534139999999866e+02
1.544461660000000052e+02
1.519005060000000071e+02
1.503969099999999912e+02
1.479793439999999975e+02
1.464479839999999911e+02
1.445615779999999972e+02
1.424423500000000047e+02
1.401755520000000104e+02
1.379013699999999858e+02
1.353307399999999916e+02
1.341421259999999904e+02
1.317814119999999889e+02
1.303025159999999971e+02
1.274712760000000031e+02
1.257729080000000010e+02
1.229333120000000008e+02
1.221565920000000034e+02
1.203993320000000011e+02
1.179704420000000056e+02
1.156045220000000029e+02
1.132470019999999948e+02
1.119587300000000027e+02
1.100893120000000067e+02
1.083244279999999975e+02
1.057860340000000008e+02
1.037996619999999979e+02
1.019833440000000024e+02
1.003975140000000010e+02
9.709699200000000019e+01
9.599369000000000085e+01
9.434714200000000517e+01
9.236780799999999658e+01
8.998895199999999761e+01
8.800156400000000190e+01
8.566860200000000702e+01
8.448322600000000193e+01
8.255903800000000103e+01
8.002093800000000101e+01
7.804971999999999355e+01
7.630673400000000584e+01
7.425579799999999864e+01
7.279750400000000354e+01
7.069930200000000298e+01
6.896047000000000082e+01
6.657589199999999607e+01
6.525729800000000580e+01
6.297225000000000250e+01
6.175859400000000221e+01
5.953992000000000218e+01
5.734990599999999716e+01
5.534740399999999738e+01
5.360496400000000250e+01
5.114136200000000088e+01
4.975032399999999910e+01
4.802772199999999714e+01
4.616662199999999672e+01
4.406730799999999704e+01
4.240347799999999978e+01
4.035314000000000334e+01
3.857741399999999743e+01
3.641468600000000322e+01
3.454033600000000348e+01
3.325740799999999808e+01
3.066838800000000020e+01
2.876077000000000083e+01
2.692131399999999886e+01
2.527157000000000053e+01
2.315663800000000094e+01
2.125323399999999907e+01
1.944396800000000169e+01
1.747719400000000078e+01
1.590893799999999914e+01
1.390956599999999987e+01
1.204211600000000004e+01
1.006816800000000001e+01
8.224005999999999261e+00
6.483883999999999759e+00
4.567789999999999573e+00
2.724635999999999836e+00
9.776319999999999455e-01
L=10.0,N=680,T=1.0,r=0.16,eta=0.5468884491369113,t=2820.4746272563934s