0.000000000000000000e+00
0.000000000000000000e+00
0.000000000000000000e+00
0.000000000000000000e+00
0.000000000000000000e+00
0.000000000000000000e+00
0.000000000000000000e+00
0.000000000000000000e+00
0.000000000000000000e+00
0.000000000000000000e+00
0.000000000000000000e+00
0.000000000000000000e+00
0.000000000000000000e+00
0.000000000000000000e+00
0.000000000000000000e+00
0.000000000000000000e+00
0.000000000000000000e+00
0.000000000000000000e+00
0.000000000000000000e+00
0.000000000000000000e+00
0.000000000000000000e+00
0.000000000000000000e+00
0.000000000000000000e+00
0.000000000000000000e+00
0.000000000000000000e+00
0.000000000000000000e+00
0.000000000000000000e+00
0.000000000000000000e+00
1.030000000000000027e+00
1.445999999999999952e+00
1.372000000000000108e+00
1.497999999999999998e+00
1.558000000000000052e+00
1.441999999999999948e+00
1.495999999999999996e+00
1.502000000000000002e+00
1.578000000000000069e+00
1.635999999999999899e+00
1.485999999999999988e+00
1.405999999999999917e+00
1.328000000000000069e+00
1.195999999999999952e+00
1.370000000000000107e+00
1.602000000000000091e+00
1.397999999999999909e+00
1.455999999999999961e+00
1.453999999999999959e+00
1.419999999999999929e+00
1.403999999999999915e+00
1.423999999999999932e+00
1.516000000000000014e+00
1.481999999999999984e+00
1.433999999999999941e+00
1.610000000000000098e+00
1.673999999999999932e+00
1.506000000000000005e+00
1.707999999999999963e+00
1.784000000000000030e+00
1.697999999999999954e+00
1.616000000000000103e+00
1.947999999999999954e+00
1.729999999999999982e+00
1.879999999999999893e+00
1.975999999999999979e+00
2.168000000000000149e+00
2.160000000000000142e+00
2.201999999999999957e+00
2.291999999999999815e+00
2.125999999999999890e+00
2.117999999999999883e+00
1.959999999999999964e+00
1.810000000000000053e+00
1.485999999999999988e+00
1.393999999999999906e+00
1.193999999999999950e+00
1.278000000000000025e+00
1.082000000000000073e+00
1.237999999999999989e+00
1.046000000000000041e+00
9.020000000000000240e-01
8.259999999999999565e-01
8.179999999999999494e-01
7.600000000000000089e-01
6.919999999999999485e-01
5.839999999999999636e-01
6.119999999999999885e-01
5.520000000000000462e-01
5.120000000000000107e-01
4.079999999999999738e-01
4.680000000000000271e-01
4.580000000000000182e-01
4.819999999999999840e-01
2.580000000000000071e-01
3.280000000000000138e-01
2.220000000000000029e-01
1.499999999999999944e-01
1.739999999999999880e-01
8.000000000000000167e-02
7.199999999999999456e-02
2.400000000000000050e-02
