0.000000000000000000e+00
0.000000000000000000e+00
0.000000000000000000e+00
0.000000000000000000e+00
0.000000000000000000e+00
0.000000000000000000e+00
0.000000000000000000e+00
0.000000000000000000e+00
0.000000000000000000e+00
0.000000000000000000e+00
0.000000000000000000e+00
0.000000000000000000e+00
0.000000000000000000e+00
0.000000000000000000e+00
0.000000000000000000e+00
0.000000000000000000e+00
0.000000000000000000e+00
0.000000000000000000e+00
0.000000000000000000e+00
0.000000000000000000e+00
0.000000000000000000e+00
0.000000000000000000e+00
0.000000000000000000e+00
0.000000000000000000e+00
0.000000000000000000e+00
0.000000000000000000e+00
0.000000000000000000e+00
0.000000000000000000e+00
0.000000000000000000e+00
0.000000000000000000e+00
0.000000000000000000e+00
0.000000000000000000e+00
0.000000000000000000e+00
0.000000000000000000e+00
0.000000000000000000e+00
0.000000000000000000e+00
0.000000000000000000e+00
0.000000000000000000e+00
0.000000000000000000e+00
0.000000000000000000e+00
0.000000000000000000e+00
0.000000000000000000e+00
0.000000000000000000e+00
0.000000000000000000e+00
0.000000000000000000e+00
1.977936679999999967e+02
2.474276289999999960e+02
2.326787699999999859e+02
2.156328800000000001e+02
2.014731470000000115e+02
1.897033169999999984e+02
1.775495249999999885e+02
1.656925679999999943e+02
1.557610329999999976e+02
1.460948659999999961e+02
1.383496260000000007e+02
1.301170070000000010e+02
1.226054689999999994e+02
1.164859199999999930e+02
1.112457189999999940e+02
1.055924660000000017e+02
1.010533099999999962e+02
9.651454699999999320e+01
9.227178399999999669e+01
8.856725099999999884e+01
8.490106199999999603e+01
8.222627599999999859e+01
8.042477800000000343e+01
7.743689799999999934e+01
7.617934999999999945e+01
7.372434699999999452e+01
7.360676800000000242e+01
7.207650499999999738e+01
7.139045500000000288e+01
7.226564199999999971e+01
7.229882299999999873e+01
7.157397299999999518e+01
7.294845399999999813e+01
7.392108199999999840e+01
7.663808099999999968e+01
7.912725199999999859e+01
8.231584499999999593e+01
8.572847099999999898e+01
8.960574099999999476e+01
9.411925200000000302e+01
9.946101199999999665e+01
1.049498970000000071e+02
1.125085420000000056e+02
1.205929900000000004e+02
1.295304390000000012e+02
1.421799230000000023e+02
1.568339200000000062e+02
1.686778109999999913e+02
1.789564799999999991e+02
1.864037659999999903e+02
1.929180739999999901e+02
1.965878130000000112e+02
1.981552470000000028e+02
2.004905060000000105e+02
2.001876019999999983e+02
2.003374570000000006e+02
1.984538489999999911e+02
1.971699289999999962e+02
1.955788389999999879e+02
1.937517929999999922e+02
1.914174720000000036e+02
1.884616980000000126e+02
1.859188640000000134e+02
1.835476740000000007e+02
1.805171330000000012e+02
1.775655470000000093e+02
1.759380240000000128e+02
1.727600329999999929e+02
1.703767449999999997e+02
1.687590710000000058e+02
1.660397490000000005e+02
1.652288120000000049e+02
1.636854830000000049e+02
1.628927559999999914e+02
1.620591530000000091e+02
1.617983040000000017e+02
1.612675250000000062e+02
1.609360159999999951e+02
1.620210069999999973e+02
1.627306820000000016e+02
1.651083720000000028e+02
1.674742369999999880e+02
1.693861510000000123e+02
1.716588270000000023e+02
1.743452819999999974e+02
1.776314279999999997e+02
1.820611930000000029e+02
1.862180820000000097e+02
1.906306620000000009e+02
1.961295959999999923e+02
2.007062640000000044e+02
2.065570999999999913e+02
2.119157999999999902e+02
2.163187990000000127e+02
2.237566439999999943e+02
2.277179690000000107e+02
2.323385140000000035e+02
2.351903680000000065e+02
2.399415490000000091e+02
2.419578129999999874e+02
2.447376649999999927e+02
2.484590389999999900e+02
2.496353790000000004e+02
2.513133740000000103e+02
2.518517549999999972e+02
2.525339620000000025e+02
2.531502529999999922e+02
2.535572090000000003e+02
2.518303559999999948e+02
2.520819309999999973e+02
2.516530400000000043e+02
2.506657170000000008e+02
2.496539909999999907e+02
2.504817580000000135e+02
2.490626499999999908e+02
2.492118729999999971e+02
2.478464319999999930e+02
2.472033600000000035e+02
2.471981719999999996e+02
2.460086000000000013e+02
2.471383739999999989e+02
2.465306260000000123e+02
2.458175339999999949e+02
2.476213380000000086e+02
2.476561930000000018e+02
2.469335560000000100e+02
2.510698020000000099e+02
2.515120949999999880e+02
2.520793449999999893e+02
2.535219869999999958e+02
2.549877459999999871e+02
2.583939760000000092e+02
2.597739030000000184e+02
2.623443389999999908e+02
2.663300659999999880e+02
2.693836570000000279e+02
2.729187769999999773e+02
2.762550889999999981e+02
2.785974709999999845e+02
2.816052020000000198e+02
2.857746859999999742e+02
2.891462779999999952e+02
2.913063050000000089e+02
2.958426890000000071e+02
2.978989889999999718e+02
3.010791179999999940e+02
3.037985180000000014e+02
3.055054480000000012e+02
3.079549390000000244e+02
3.099427450000000022e+02
3.104250539999999887e+02
3.135549159999999915e+02
3.134034110000000055e+02
3.162588400000000206e+02
3.166702839999999810e+02
3.173460390000000189e+02
3.199256669999999758e+02
3.203323389999999904e+02
3.177929050000000188e+02
3.212075249999999755e+02
3.210917729999999892e+02
3.215332760000000007e+02
3.216791690000000017e+02
3.223008730000000241e+02
3.225610469999999737e+02
3.239292570000000069e+02
3.232055399999999850e+02
3.243096699999999828e+02
3.235777279999999791e+02
3.269274869999999851e+02
3.267395539999999983e+02
3.274349780000000010e+02
3.275254739999999742e+02
3.293910849999999755e+02
3.302885120000000256e+02
3.325441799999999830e+02
3.334957380000000171e+02
3.342656880000000115e+02
3.366838379999999802e+02
3.383956800000000271e+02
3.412950680000000148e+02
3.423800550000000271e+02
3.451289990000000216e+02
3.469235189999999989e+02
3.495283929999999941e+02
3.519839269999999942e+02
3.544396859999999947e+02
3.569751709999999889e+02
3.586617360000000190e+02
3.613003320000000258e+02
3.636510279999999966e+02
3.667973400000000197e+02
3.684721610000000283e+02
3.702100199999999859e+02
3.742761990000000196e+02
3.748919230000000198e+02
3.771557179999999789e+02
3.769132000000000176e+02
3.816855929999999830e+02
3.811790690000000268e+02
3.834006620000000112e+02
3.842489580000000160e+02
3.855009979999999814e+02
3.870494080000000281e+02
3.890404159999999933e+02
3.893146659999999883e+02
3.906084999999999923e+02
3.915254669999999919e+02
3.941033750000000282e+02
3.917969899999999939e+02
3.951844360000000052e+02
3.958825370000000134e+02
3.962986430000000269e+02
3.966036339999999996e+02
3.996166900000000055e+02
3.997448309999999765e+02
4.004925450000000069e+02
4.010394660000000044e+02
4.018117760000000089e+02
4.040666190000000029e+02
4.037192539999999781e+02
4.065229870000000005e+02
4.078648569999999722e+02
4.094883070000000203e+02
4.116425459999999816e+02
4.130321410000000242e+02
4.146563879999999926e+02
4.167827239999999733e+02
4.181019430000000057e+02
4.193019939999999792e+02
4.216273120000000176e+02
4.228430759999999964e+02
4.269594880000000217e+02
4.287381399999999871e+02
4.298454639999999927e+02
4.317867719999999849e+02
4.336383999999999901e+02
4.339282749999999851e+02
4.373118099999999799e+02
4.393975790000000075e+02
4.414824459999999817e+02
4.434389330000000200e+02
4.456617519999999786e+02
4.465049769999999967e+02
4.477373910000000024e+02
4.492419269999999756e+02
4.499741409999999746e+02
4.532282809999999813e+02
4.533182669999999916e+02
4.554084490000000187e+02
4.573778730000000223e+02
4.574280780000000277e+02
4.602843439999999759e+02
4.622066189999999892e+02
4.628683770000000095e+02
4.627543350000000260e+02
4.654569730000000050e+02
4.665248889999999733e+02
4.672992869999999925e+02
4.682125609999999938e+02
4.695507119999999759e+02
4.721665800000000104e+02
4.726420420000000036e+02
4.739207250000000045e+02
4.745086969999999837e+02
4.770136200000000031e+02
4.763886830000000145e+02
4.783450770000000034e+02
4.811131970000000138e+02
4.817247419999999920e+02
4.847629739999999856e+02
4.871010279999999852e+02
4.871932810000000131e+02
4.893797799999999825e+02
4.891396280000000161e+02
4.935190249999999992e+02
4.952117719999999963e+02
4.943113299999999981e+02
4.953869799999999941e+02
4.996384770000000231e+02
5.000596820000000093e+02
5.023483580000000188e+02
5.040396380000000249e+02
5.054592430000000149e+02
5.080230659999999716e+02
5.096169590000000085e+02
5.101934840000000122e+02
5.125576220000000376e+02
5.144906140000000505e+02
5.166815649999999778e+02
5.179344409999999925e+02
5.201564069999999447e+02
5.192708939999999984e+02
5.213917790000000423e+02
5.248215069999999969e+02
5.249938919999999598e+02
5.257960259999999835e+02
5.294372769999999946e+02
5.290089860000000499e+02
5.308591699999999491e+02
5.327117349999999760e+02
5.330045420000000149e+02
5.353797849999999698e+02
5.380599499999999580e+02
5.384840789999999515e+02
5.386832829999999603e+02
5.408573390000000245e+02
5.414353159999999434e+02
5.435487849999999526e+02
5.455521880000000010e+02
5.467354010000000244e+02
5.487475329999999758e+02
5.495069839999999886e+02
5.507384190000000217e+02
5.517847279999999728e+02
5.551552430000000413e+02
5.564339690000000473e+02
5.568927370000000110e+02
5.595027229999999463e+02
5.608378750000000537e+02
5.627358829999999443e+02
5.633322510000000420e+02
5.643154409999999643e+02
5.663628979999999729e+02
5.683092589999999973e+02
5.706634990000000016e+02
5.697464840000000095e+02
5.737265340000000151e+02
5.755389300000000503e+02
5.769579810000000180e+02
5.792874570000000176e+02
5.796350899999999911e+02
5.801589249999999538e+02
5.816168410000000222e+02
5.852146430000000237e+02
5.860706589999999778e+02
5.865961509999999635e+02
5.903849500000000035e+02
5.905266339999999445e+02
5.926458850000000211e+02
5.941044679999999971e+02
5.963190290000000005e+02
5.946715130000000045e+02
5.985788199999999506e+02
6.009707300000000032e+02
6.020318590000000540e+02
6.031237640000000511e+02
6.039030920000000151e+02
6.055055039999999735e+02
6.059541379999999435e+02
6.074929949999999508e+02
6.103564529999999877e+02
6.113471459999999524e+02
6.139652320000000145e+02
6.158422130000000152e+02
6.157910679999999957e+02
6.184737179999999626e+02
6.204583900000000085e+02
6.194120570000000043e+02
6.232907300000000532e+02
6.245607049999999845e+02
6.248119319999999561e+02
6.274800850000000310e+02
6.278275869999999941e+02
6.305223989999999503e+02
6.328388929999999846e+02
6.354176479999999856e+02
6.347269330000000309e+02
6.341687600000000202e+02
6.375000400000000127e+02
6.397877200000000357e+02
6.412361710000000130e+02
6.430913920000000417e+02
6.445596030000000383e+02
6.463217640000000301e+02
6.477209060000000136e+02
6.480599939999999606e+02
6.503744179999999915e+02
6.519862150000000156e+02
6.514879110000000537e+02
6.556337559999999485e+02
6.572816010000000233e+02
6.565977010000000291e+02
6.597426420000000462e+02
6.611243439999999509e+02
6.612099640000000136e+02
6.641504549999999654e+02
6.649507599999999456e+02
6.666063510000000178e+02
6.690579790000000457e+02
6.697598100000000159e+02
6.718355480000000171e+02
6.751149100000000089e+02
6.764064200000000255e+02
6.758507399999999734e+02
6.785744999999999436e+02
6.800536540000000514e+02
6.811743699999999535e+02
6.834374980000000050e+02
6.827596089999999549e+02
6.867111169999999447e+02
6.880005320000000211e+02
6.893971159999999827e+02
6.889784130000000459e+02
6.926302220000000034e+02
6.938910240000000158e+02
6.955505610000000161e+02
6.955236149999999498e+02
6.987849820000000136e+02
6.990272489999999834e+02
7.014999000000000251e+02
7.023838550000000396e+02
7.046542510000000448e+02
7.061677250000000186e+02
7.071600120000000516e+02
7.087644609999999830e+02
7.074146259999999984e+02
7.112949599999999464e+02
7.144098340000000462e+02
7.155361810000000560e+02
7.172896789999999783e+02
7.178035290000000259e+02
7.209626160000000255e+02
7.199808679999999868e+02
7.214474519999999984e+02
7.251269720000000234e+02
7.262599790000000439e+02
7.276116279999999961e+02
7.288301529999999957e+02
7.295365070000000287e+02
7.331181860000000370e+02
7.310433269999999766e+02
7.357327629999999772e+02
7.372399370000000545e+02
7.373140379999999823e+02
7.373063779999999952e+02
7.425490009999999756e+02
7.445975379999999859e+02
7.423060000000000400e+02
7.466490760000000364e+02
7.503067700000000286e+02
7.481194359999999506e+02
7.511071170000000166e+02
7.509721260000000029e+02
7.544495859999999539e+02
7.552733610000000226e+02
7.561631579999999531e+02
7.563529369999999972e+02
7.587975249999999505e+02
7.613697140000000445e+02
7.636899310000000014e+02
7.651539480000000140e+02
7.661408940000000030e+02
7.683373279999999568e+02
7.677551750000000084e+02
7.694012780000000475e+02
7.704919059999999718e+02
7.721826839999999947e+02
7.757089049999999588e+02
7.758407339999999976e+02
7.770366739999999481e+02
7.796421229999999696e+02
7.794979449999999588e+02
7.819910210000000461e+02
7.838144290000000183e+02
7.845698200000000497e+02
7.873764129999999568e+02
7.916032480000000078e+02
7.918072220000000243e+02
7.902334769999999935e+02
7.931883109999999988e+02
7.954814059999999927e+02
7.976310770000000048e+02
7.985561089999999922e+02
8.007895720000000210e+02
8.033023399999999583e+02
8.043548600000000306e+02
8.043809619999999541e+02
8.072276030000000446e+02
8.074544979999999441e+02
8.074017159999999649e+02
8.115648489999999811e+02
8.114023839999999836e+02
8.125154469999999947e+02
8.144724350000000186e+02
8.187805859999999711e+02
8.183170830000000251e+02
8.214774760000000242e+02
8.215142270000000053e+02
8.228575100000000475e+02
8.236012389999999641e+02
8.246292280000000119e+02
8.269598089999999502e+02
8.285095659999999498e+02
8.306036309999999503e+02
8.313418169999999918e+02
8.358856309999999894e+02
8.349828740000000380e+02
8.369216760000000477e+02
8.347660270000000082e+02
8.378462600000000293e+02
8.406011509999999589e+02
8.404901499999999714e+02
8.432497980000000553e+02
8.443349909999999454e+02
8.472669869999999719e+02
8.481490929999999935e+02
8.495458670000000438e+02
8.539615720000000465e+02
8.515578839999999445e+02
8.555367619999999533e+02
8.586940459999999575e+02
8.583117019999999684e+02
8.588381319999999732e+02
8.609174070000000256e+02
8.619692499999999882e+02
8.665481879999999819e+02
8.679564609999999902e+02
8.669814880000000130e+02
8.690853469999999561e+02
8.693391920000000255e+02
8.721520239999999831e+02
8.767969389999999521e+02
8.763606569999999465e+02
8.767905719999999974e+02
8.793502300000000105e+02
8.775083750000000009e+02
8.810483799999999519e+02
8.835659699999999930e+02
8.863759830000000193e+02
8.862762880000000223e+02
8.880483900000000403e+02
8.879924839999999904e+02
8.900984220000000278e+02
8.926238439999999628e+02
8.935274759999999787e+02
8.954022730000000365e+02
8.976652719999999590e+02
8.992307789999999841e+02
8.984482550000000174e+02
8.992408739999999625e+02
9.029632319999999481e+02
9.031185420000000477e+02
9.054388770000000477e+02
9.082629220000000032e+02
9.109550339999999551e+02
9.082390020000000277e+02
9.103948110000000042e+02
9.115478869999999461e+02
9.140554720000000088e+02
9.164740819999999530e+02
9.161552199999999857e+02
9.193588419999999815e+02
9.208700330000000349e+02
9.231875740000000405e+02
9.229852869999999712e+02
9.248232150000000047e+02
9.281801910000000362e+02
9.295360510000000431e+02
9.297628519999999526e+02
9.325291429999999764e+02
9.338293889999999919e+02
9.363145690000000059e+02
9.364738869999999906e+02
9.398637939999999844e+02
9.393364550000000008e+02
9.435038339999999835e+02
9.436235930000000280e+02
9.450976530000000366e+02
9.476332089999999653e+02
9.476453310000000556e+02
9.504775720000000092e+02
9.524804719999999634e+02
9.515094050000000152e+02
9.507532479999999850e+02
9.555523530000000392e+02
9.563525359999999864e+02
9.604339810000000170e+02
9.604647330000000238e+02
9.618079760000000533e+02
9.620061879999999519e+02
9.628846509999999626e+02
9.638707759999999780e+02
9.667145440000000463e+02
9.703030149999999594e+02
9.699716859999999770e+02
9.722214229999999588e+02
9.732089899999999716e+02
9.735652870000000121e+02
9.765657049999999799e+02
9.783888269999999920e+02
9.801100920000000087e+02
9.815083290000000034e+02
9.831896030000000337e+02
9.841953730000000178e+02
9.840820710000000417e+02
9.889746239999999489e+02
9.878061539999999923e+02
9.883124370000000454e+02
9.901923030000000381e+02
9.954734690000000228e+02
9.919983549999999468e+02
9.953046620000000075e+02
1.000620586000000003e+03
9.995996320000000424e+02
1.000569450999999958e+03
1.004094610999999986e+03
1.002720005000000015e+03
1.006232456999999954e+03
1.008003483999999958e+03
1.009504752000000053e+03
1.010389743999999951e+03
1.012396504000000050e+03
1.014919803999999999e+03
1.014232431000000020e+03
1.017945101000000022e+03
1.020209926999999993e+03
1.022032460000000015e+03
1.021599240000000009e+03
1.025019604000000072e+03
1.024011850999999979e+03
1.025882906999999932e+03
1.026487918000000036e+03
1.030603417000000036e+03
1.030841431000000057e+03
1.031037092000000030e+03
1.033320480000000089e+03
1.036077817999999979e+03
1.036022768000000042e+03
1.037697979999999916e+03
1.039146340999999893e+03
1.041671923999999990e+03
1.043956347999999934e+03
1.043445964999999887e+03
1.044744355999999925e+03
1.046526008999999931e+03
1.048136841000000004e+03
1.051390965999999935e+03
1.050956380000000081e+03
1.053152661000000080e+03
1.054036526999999978e+03
1.056416132999999945e+03
1.059208640000000059e+03
1.060576551000000109e+03
1.060483453999999938e+03
1.062311699999999973e+03
1.065018890000000056e+03
1.066690049999999928e+03
1.064696920000000091e+03
1.069101404000000002e+03
1.070816780000000108e+03
1.071276268000000073e+03
1.075220217999999932e+03
1.076006945000000087e+03
1.076220608999999968e+03
1.078103305000000091e+03
1.078489632999999912e+03
1.081810484000000088e+03
1.081508276000000023e+03
1.085806422999999995e+03
1.084642423999999892e+03
1.088630159000000049e+03
1.047673152000000073e+03
1.003452252000000044e+03
9.804836269999999558e+02
9.575178640000000314e+02
9.399838539999999512e+02
9.238662349999999606e+02
9.090054239999999481e+02
9.000423610000000281e+02
8.872806249999999864e+02
8.734365360000000464e+02
8.646716539999999895e+02
8.569568829999999480e+02
8.467652819999999565e+02
8.378207539999999653e+02
8.282026730000000043e+02
8.205798539999999548e+02
8.095847509999999829e+02
8.019406810000000405e+02
7.962731519999999819e+02
7.885131209999999555e+02
7.821818809999999758e+02
7.752139879999999721e+02
7.688580449999999473e+02
7.602697869999999511e+02
7.532500340000000278e+02
7.482051030000000083e+02
7.411130429999999478e+02
7.367261889999999767e+02
7.289008139999999685e+02
7.258413530000000264e+02
7.190271970000000010e+02
7.137475980000000391e+02
7.076642659999999978e+02
7.012716229999999769e+02
6.973434680000000299e+02
6.926735169999999471e+02
6.851565839999999525e+02
6.817675619999999981e+02
6.758666419999999562e+02
6.713214020000000346e+02
6.674274500000000216e+02
6.619767389999999523e+02
6.555842270000000553e+02
6.534286029999999528e+02
6.473394869999999628e+02
6.429660599999999704e+02
6.383996280000000070e+02
6.340998550000000478e+02
6.308383400000000165e+02
6.258740249999999605e+02
6.215692840000000388e+02
6.164859999999999900e+02
6.138221869999999853e+02
6.101101959999999735e+02
6.040120170000000144e+02
6.006144170000000031e+02
5.969108569999999645e+02
5.927002860000000055e+02
5.884160510000000386e+02
5.861634840000000395e+02
5.827567159999999831e+02
5.754174950000000308e+02
5.728010219999999890e+02
5.697088619999999537e+02
5.663951650000000200e+02
5.625666019999999889e+02
5.588127700000000004e+02
5.550103289999999561e+02
5.511708519999999680e+02
5.476838559999999916e+02
5.438978389999999763e+02
5.398027680000000146e+02
5.350253209999999626e+02
5.316638659999999845e+02
5.283474079999999731e+02
5.255025789999999688e+02
5.217229389999999967e+02
5.182675610000000006e+02
5.146947920000000067e+02
5.114284789999999816e+02
5.095436300000000074e+02
5.049981280000000083e+02
5.009649499999999875e+02
4.978946179999999799e+02
4.940714360000000056e+02
4.934578930000000128e+02
4.890913469999999847e+02
4.864787850000000162e+02
4.819399890000000255e+02
4.790869159999999738e+02
4.759459959999999796e+02
4.740013559999999870e+02
4.691974519999999984e+02
4.656969599999999900e+02
4.634853279999999813e+02
4.604351199999999835e+02
4.569696920000000091e+02
4.540242739999999912e+02
4.513305230000000279e+02
4.486243989999999826e+02
4.461296510000000239e+02
4.435647329999999897e+02
4.390584140000000275e+02
4.359443729999999846e+02
4.332461309999999912e+02
4.288797170000000278e+02
4.274767630000000054e+02
4.241455310000000054e+02
4.218881650000000150e+02
4.191180269999999837e+02
4.174070479999999748e+02
4.142392249999999763e+02
4.119427370000000224e+02
4.081288720000000012e+02
4.046572939999999790e+02
4.031162380000000098e+02
3.996724419999999895e+02
3.966762989999999718e+02
3.936303909999999746e+02
3.917908170000000041e+02
3.876561940000000277e+02
3.840275020000000268e+02
3.818718870000000152e+02
3.810382799999999861e+02
3.774629459999999881e+02
3.759985300000000166e+02
3.704758340000000203e+02
3.689379720000000020e+02
3.676706050000000232e+02
3.615353240000000028e+02
3.611278960000000211e+02
3.583215210000000184e+02
3.553211640000000102e+02
3.527741369999999961e+02
3.496246520000000260e+02
3.472431520000000091e+02
3.452070069999999760e+02
3.408932689999999752e+02
3.394657920000000217e+02
3.370028100000000109e+02
3.352196989999999914e+02
3.307717069999999921e+02
3.292396459999999934e+02
3.263713329999999928e+02
3.246245499999999993e+02
3.218102809999999749e+02
3.190198340000000030e+02
3.166482990000000086e+02
3.151795119999999883e+02
3.123603989999999726e+02
3.092761409999999955e+02
3.067365990000000124e+02
3.035302879999999845e+02
3.014346189999999979e+02
2.993998240000000237e+02
2.971958050000000071e+02
2.954219640000000027e+02
2.929121250000000032e+02
2.903568539999999985e+02
2.868291130000000067e+02
2.852219860000000153e+02
2.824517010000000141e+02
2.804500750000000266e+02
2.784435439999999744e+02
2.752699039999999968e+02
2.715468930000000114e+02
2.709181219999999826e+02
2.691306829999999763e+02
2.662763760000000275e+02
2.630397709999999734e+02
2.610471670000000017e+02
2.589255800000000249e+02
2.568085229999999797e+02
2.541339999999999861e+02
2.510939679999999896e+02
2.498363479999999868e+02
2.476321370000000002e+02
2.445787280000000123e+02
2.425139269999999954e+02
2.401555309999999963e+02
2.378384890000000098e+02
2.346521030000000110e+02
2.322240610000000061e+02
2.298020840000000078e+02
2.276475030000000004e+02
2.253656689999999969e+02
2.233567219999999907e+02
2.204661959999999965e+02
2.190195439999999962e+02
2.163393379999999979e+02
2.133811000000000035e+02
2.119925350000000037e+02
2.099427440000000047e+02
2.077312520000000120e+02
2.054491260000000068e+02
2.031396740000000136e+02
2.005566279999999892e+02
1.985744530000000054e+02
1.954463719999999967e+02
1.933914589999999976e+02
1.919110890000000040e+02
1.888450489999999888e+02
1.880597040000000106e+02
1.860679800000000057e+02
1.834642399999999895e+02
1.808614450000000033e+02
1.790776020000000130e+02
1.765180550000000039e+02
1.747490940000000137e+02
1.721041040000000066e+02
1.703700709999999958e+02
1.671188539999999989e+02
1.660692889999999977e+02
1.631017899999999941e+02
1.610423690000000079e+02
1.596867599999999925e+02
1.574078820000000007e+02
1.554631819999999891e+02
1.530242910000000052e+02
1.507485839999999939e+02
1.476995049999999878e+02
1.467772720000000106e+02
1.441437239999999917e+02
1.425337440000000129e+02
1.395663749999999936e+02
1.370383280000000070e+02
1.360594780000000128e+02
1.330675259999999867e+02
1.313044739999999990e+02
1.295081639999999936e+02
1.272061159999999944e+02
1.250222270000000009e+02
1.225205380000000019e+02
1.199901760000000053e+02
1.188769810000000007e+02
1.166926590000000061e+02
1.134572019999999952e+02
1.123452840000000066e+02
1.102738750000000039e+02
1.083053539999999941e+02
1.058101439999999940e+02
1.046725480000000061e+02
1.016067489999999935e+02
1.000398919999999947e+02
9.728447699999999543e+01
9.586308999999999969e+01
9.331360599999999295e+01
9.167715200000000664e+01
8.923321699999999623e+01
8.767806600000000117e+01
8.472772899999999652e+01
8.352062499999999545e+01
8.097487999999999886e+01
7.853515699999999811e+01
7.735494900000000484e+01
7.448361199999999371e+01
7.279809199999999691e+01
7.103209800000000484e+01
6.878600900000000706e+01
6.686369399999999530e+01
6.434137900000000343e+01
6.228176700000000210e+01
6.081742400000000259e+01
5.879584100000000291e+01
5.649091200000000157e+01
5.496697600000000250e+01
5.253902899999999931e+01
5.096133100000000127e+01
4.884944000000000131e+01
4.650125899999999746e+01
4.510502600000000228e+01
4.258669600000000344e+01
4.055823500000000337e+01
3.909431699999999665e+01
3.638654700000000020e+01
3.470712799999999731e+01
3.263136999999999688e+01
3.047851199999999849e+01
2.882878900000000044e+01
2.676703399999999888e+01
2.457662399999999892e+01
2.266981099999999927e+01
2.065097000000000094e+01
1.836801799999999929e+01
1.671394300000000044e+01
1.469949899999999943e+01
1.267975400000000086e+01
1.056028599999999962e+01
8.868503999999999721e+00
6.786925000000000097e+00
4.837185999999999986e+00
2.964774999999999938e+00
9.679450000000000554e-01
L=10.0,N=700,T=1.0,r=0.16,eta=0.562973403523291,t=3538.9176449775696s