0.000000000000000000e+00
0.000000000000000000e+00
0.000000000000000000e+00
0.000000000000000000e+00
0.000000000000000000e+00
0.000000000000000000e+00
0.000000000000000000e+00
0.000000000000000000e+00
0.000000000000000000e+00
0.000000000000000000e+00
0.000000000000000000e+00
0.000000000000000000e+00
0.000000000000000000e+00
0.000000000000000000e+00
0.000000000000000000e+00
0.000000000000000000e+00
0.000000000000000000e+00
0.000000000000000000e+00
0.000000000000000000e+00
0.000000000000000000e+00
0.000000000000000000e+00
0.000000000000000000e+00
0.000000000000000000e+00
0.000000000000000000e+00
0.000000000000000000e+00
0.000000000000000000e+00
0.000000000000000000e+00
0.000000000000000000e+00
0.000000000000000000e+00
0.000000000000000000e+00
0.000000000000000000e+00
0.000000000000000000e+00
0.000000000000000000e+00
0.000000000000000000e+00
0.000000000000000000e+00
0.000000000000000000e+00
0.000000000000000000e+00
0.000000000000000000e+00
0.000000000000000000e+00
0.000000000000000000e+00
0.000000000000000000e+00
0.000000000000000000e+00
0.000000000000000000e+00
0.000000000000000000e+00
0.000000000000000000e+00
6.036446399999999812e+01
7.963241800000000126e+01
7.824523200000000145e+01
7.646480200000000593e+01
7.496639000000000408e+01
7.351820800000000133e+01
7.203045400000000598e+01
7.069286999999999921e+01
6.924557400000000484e+01
6.804512200000000632e+01
6.693497399999999686e+01
6.557504799999999534e+01
6.439363000000000170e+01
6.336677399999999949e+01
6.226863199999999665e+01
6.109441600000000250e+01
6.034802599999999728e+01
5.933778399999999920e+01
5.850990399999999880e+01
5.767197600000000079e+01
5.688467200000000190e+01
5.610985399999999856e+01
5.544655999999999807e+01
5.495848000000000155e+01
5.432841200000000015e+01
5.386229800000000267e+01
5.332164999999999822e+01
5.304209999999999781e+01
5.273476800000000253e+01
5.248787000000000091e+01
5.233606400000000036e+01
5.207490599999999858e+01
5.224908800000000042e+01
5.222165799999999791e+01
5.222138799999999748e+01
5.244089600000000218e+01
5.283826400000000234e+01
5.335545199999999966e+01
5.380451999999999657e+01
5.462402600000000064e+01
5.546371200000000101e+01
5.646198600000000312e+01
5.771045000000000158e+01
5.907984799999999836e+01
6.077568999999999733e+01
6.301488200000000006e+01
6.580666999999999689e+01
6.853872400000000198e+01
7.106748399999999322e+01
7.322860199999999509e+01
7.525576800000000333e+01
7.723725799999999708e+01
7.907759799999999473e+01
8.067054799999999659e+01
8.210247200000000589e+01
8.347472600000000398e+01
8.473066000000000031e+01
8.567665599999999415e+01
8.692110399999999970e+01
8.783616600000000574e+01
8.873818199999999479e+01
8.947104400000000624e+01
9.020200599999999724e+01
9.088144400000000189e+01
9.127674799999999777e+01
9.191528599999999471e+01
9.240960200000000668e+01
9.282052199999999686e+01
9.333061800000000119e+01
9.363321799999999939e+01
9.414653599999999756e+01
9.440431399999999940e+01
9.461184199999999578e+01
9.498299400000000503e+01
9.521956600000000037e+01
9.594588600000000156e+01
9.599945999999999913e+01
9.623828000000000316e+01
9.671381999999999834e+01
9.715085600000000454e+01
9.750471000000000288e+01
9.786745200000000011e+01
9.833742800000000273e+01
9.888424999999999443e+01
9.945990000000000464e+01
9.993899199999999894e+01
1.004725700000000046e+02
1.012386319999999955e+02
1.018443919999999991e+02
1.028983779999999939e+02
1.034612620000000049e+02
1.042744600000000048e+02
1.055145299999999935e+02
1.060579979999999978e+02
1.071972679999999940e+02
1.082491980000000069e+02
1.092922480000000007e+02
1.104033060000000006e+02
1.113879139999999950e+02
1.125056699999999950e+02
1.133656260000000060e+02
1.143906280000000066e+02
1.155014800000000008e+02
1.164585100000000040e+02
1.174997099999999932e+02
1.185530839999999984e+02
1.194583259999999996e+02
1.205393300000000067e+02
1.213923879999999969e+02
1.223864860000000050e+02
1.231429899999999975e+02
1.240301560000000052e+02
1.248489359999999948e+02
1.256801140000000032e+02
1.264205740000000020e+02
1.273201839999999976e+02
1.278270579999999939e+02
1.287161120000000096e+02
1.294249939999999981e+02
1.301516660000000059e+02
1.310427760000000035e+02
1.317474039999999889e+02
1.324536359999999888e+02
1.332304239999999993e+02
1.338397280000000080e+02
1.344534580000000119e+02
1.352816799999999944e+02
1.357621880000000090e+02
1.363491980000000012e+02
1.371898040000000094e+02
1.377998580000000004e+02
1.385205359999999928e+02
1.390981140000000096e+02
1.399513059999999882e+02
1.406389660000000106e+02
1.413976340000000107e+02
1.420914439999999956e+02
1.426110940000000085e+02
1.435859140000000025e+02
1.444167899999999918e+02
1.451681220000000110e+02
1.458149400000000071e+02
1.466252560000000074e+02
1.476210879999999861e+02
1.482418900000000122e+02
1.489880320000000040e+02
1.498956000000000017e+02
1.506207459999999969e+02
1.514435440000000028e+02
1.521787280000000067e+02
1.534326100000000110e+02
1.540005940000000066e+02
1.547001879999999971e+02
1.556199680000000001e+02
1.563576419999999985e+02
1.573453560000000095e+02
1.580158999999999878e+02
1.590452099999999973e+02
1.599400579999999934e+02
1.603894060000000081e+02
1.612467220000000054e+02
1.623432640000000049e+02
1.631906659999999931e+02
1.639662559999999871e+02
1.647823840000000075e+02
1.655958760000000041e+02
1.663553180000000111e+02
1.671985139999999888e+02
1.678234539999999981e+02
1.686212639999999965e+02
1.696585300000000132e+02
1.702600280000000055e+02
1.708717540000000099e+02
1.718797659999999894e+02
1.724326299999999890e+02
1.734567859999999939e+02
1.742009060000000034e+02
1.746694239999999922e+02
1.755009320000000059e+02
1.764972820000000127e+02
1.773085499999999968e+02
1.777860520000000122e+02
1.785612920000000088e+02
1.792703339999999912e+02
1.802947699999999998e+02
1.810623600000000124e+02
1.817497539999999958e+02
1.826867100000000050e+02
1.832021579999999972e+02
1.839615780000000029e+02
1.848677319999999895e+02
1.857649859999999933e+02
1.863301219999999887e+02
1.870185580000000130e+02
1.880672099999999887e+02
1.884383860000000084e+02
1.894807079999999928e+02
1.905539840000000140e+02
1.911693319999999972e+02
1.917173579999999902e+02
1.926421740000000113e+02
1.933291820000000030e+02
1.941175780000000088e+02
1.950353360000000009e+02
1.958333580000000040e+02
1.965709300000000042e+02
1.974274920000000009e+02
1.981801399999999944e+02
1.988473639999999989e+02
1.998318240000000117e+02
2.006389220000000080e+02
2.015872819999999876e+02
2.019947280000000092e+02
2.029323440000000005e+02
2.038031400000000133e+02
2.045445540000000051e+02
2.053278760000000034e+02
2.062664540000000102e+02
2.068505659999999864e+02
2.076566060000000107e+02
2.082492239999999981e+02
2.093944060000000036e+02
2.102088840000000118e+02
2.111895179999999925e+02
2.116191340000000025e+02
2.125457560000000115e+02
2.131801379999999995e+02
2.140370739999999898e+02
2.149693640000000130e+02
2.156822520000000054e+02
2.164564560000000029e+02
2.171921120000000087e+02
2.178130419999999958e+02
2.184981579999999894e+02
2.194888100000000009e+02
2.202089440000000025e+02
2.208451599999999928e+02
2.218045679999999891e+02
2.225452620000000081e+02
2.233380760000000009e+02
2.242815699999999879e+02
2.252042399999999986e+02
2.258082200000000057e+02
2.267305179999999893e+02
2.271317040000000134e+02
2.280757380000000012e+02
2.288510019999999940e+02
2.294196699999999964e+02
2.303787700000000029e+02
2.313157919999999876e+02
2.319625220000000070e+02
2.327264340000000118e+02
2.333749819999999886e+02
2.343344419999999957e+02
2.351373979999999904e+02
2.363039919999999938e+02
2.365498599999999954e+02
2.373062040000000081e+02
2.384411020000000008e+02
2.390061399999999878e+02
2.399066860000000077e+02
2.405983439999999973e+02
2.413406060000000082e+02
2.422110779999999863e+02
2.429183260000000075e+02
2.439662219999999877e+02
2.446197559999999953e+02
2.453009120000000109e+02
2.461802160000000015e+02
2.471427480000000116e+02
2.477571120000000064e+02
2.482039320000000089e+02
2.491725959999999986e+02
2.499532240000000058e+02
2.510058860000000038e+02
2.515431260000000009e+02
2.523377600000000029e+02
2.532581319999999891e+02
2.543470299999999895e+02
2.548836799999999982e+02
2.554888540000000035e+02
2.563280480000000239e+02
2.569799439999999890e+02
2.579844780000000242e+02
2.586691280000000006e+02
2.592710819999999785e+02
2.602051240000000121e+02
2.610877320000000168e+02
2.620685960000000136e+02
2.625973399999999742e+02
2.632195879999999875e+02
2.644674479999999903e+02
2.651354979999999841e+02
2.656421559999999999e+02
2.665677620000000161e+02
2.673654920000000175e+02
2.680085359999999923e+02
2.688216080000000261e+02
2.696568740000000162e+02
2.705240779999999745e+02
2.711740580000000023e+02
2.722612679999999727e+02
2.728709739999999897e+02
2.736408720000000017e+02
2.743666779999999790e+02
2.752276919999999905e+02
2.760765059999999949e+02
2.770362319999999841e+02
2.778580600000000231e+02
2.780958979999999769e+02
2.791173719999999889e+02
2.798613060000000132e+02
2.806688720000000217e+02
2.814648339999999962e+02
2.824056239999999889e+02
2.831203399999999988e+02
2.837593079999999759e+02
2.846683479999999804e+02
2.852223599999999806e+02
2.862662100000000009e+02
2.870875859999999875e+02
2.875508479999999736e+02
2.885389779999999860e+02
2.892906960000000254e+02
2.902657879999999864e+02
2.909294540000000211e+02
2.915899079999999799e+02
2.924017299999999864e+02
2.932000160000000051e+02
2.941637719999999945e+02
2.946762320000000273e+02
2.956120159999999828e+02
2.960636719999999968e+02
2.971554800000000114e+02
2.979292419999999879e+02
2.987452440000000138e+02
2.997304679999999735e+02
3.004575500000000261e+02
3.009215919999999755e+02
3.019793619999999805e+02
3.027794979999999896e+02
3.035626120000000014e+02
3.044286999999999921e+02
3.049194319999999720e+02
3.058226779999999962e+02
3.066169140000000084e+02
3.074879900000000248e+02
3.081878439999999841e+02
3.089250999999999863e+02
3.097572339999999826e+02
3.103091440000000034e+02
3.112551599999999894e+02
3.120015200000000277e+02
3.130482799999999770e+02
3.137574159999999779e+02
3.144705359999999814e+02
3.151990660000000162e+02
3.162736760000000231e+02
3.168474919999999884e+02
3.177360279999999761e+02
3.183277160000000094e+02
3.190920140000000060e+02
3.198398540000000025e+02
3.207740939999999910e+02
3.217879300000000171e+02
3.222533339999999953e+02
3.231315799999999854e+02
3.235966760000000022e+02
3.245711699999999951e+02
3.254748020000000110e+02
3.261305179999999950e+02
3.270389700000000062e+02
3.278644459999999867e+02
3.286266160000000127e+02
3.294703180000000202e+02
3.299806699999999751e+02
3.309540499999999952e+02
3.320153060000000096e+02
3.324358040000000187e+02
3.331985720000000128e+02
3.341870420000000195e+02
3.349932900000000018e+02
3.357155759999999987e+02
3.367509779999999751e+02
3.372502119999999763e+02
3.379714960000000019e+02
3.389993539999999825e+02
3.396233159999999884e+02
3.404711659999999824e+02
3.409963300000000004e+02
3.416256639999999720e+02
3.424402600000000234e+02
3.431559760000000097e+02
3.443672680000000241e+02
3.449985080000000153e+02
3.456257939999999849e+02
3.468198019999999815e+02
3.473028820000000110e+02
3.484671159999999759e+02
3.490571199999999976e+02
3.496018419999999765e+02
3.503539959999999951e+02
3.512829459999999813e+02
3.522936119999999960e+02
3.530508820000000014e+02
3.536805259999999862e+02
3.547816680000000247e+02
3.551097899999999754e+02
3.562208560000000261e+02
3.566311640000000125e+02
3.579266900000000078e+02
3.583917480000000069e+02
3.590113479999999981e+02
3.602586000000000013e+02
3.607578760000000102e+02
3.616947959999999966e+02
3.622105179999999791e+02
3.632558980000000020e+02
3.641420739999999796e+02
3.644290379999999914e+02
3.656353700000000231e+02
3.661879579999999805e+02
3.674900680000000079e+02
3.681156100000000038e+02
3.682547059999999988e+02
3.694745879999999829e+02
3.701989899999999807e+02
3.708348300000000108e+02
3.716999779999999873e+02
3.726064860000000181e+02
3.735102560000000267e+02
3.738983680000000049e+02
3.750884379999999965e+02
3.757026379999999790e+02
3.766838619999999764e+02
3.774511959999999817e+02
3.779366860000000088e+02
3.787614540000000147e+02
3.795132580000000075e+02
3.805156600000000253e+02
3.810949880000000007e+02
3.820904719999999770e+02
3.827681059999999889e+02
3.832942259999999806e+02
3.840235359999999787e+02
3.848499100000000226e+02
3.858476180000000113e+02
3.866560359999999719e+02
3.874692360000000235e+02
3.883899499999999989e+02
3.889922080000000051e+02
3.898778320000000122e+02
3.906487319999999954e+02
3.914553579999999897e+02
3.923685960000000250e+02
3.924244640000000004e+02
3.934731300000000260e+02
3.947750159999999937e+02
3.954525179999999978e+02
3.961760019999999827e+02
3.967829639999999927e+02
3.981062680000000000e+02
3.984808600000000069e+02
3.993297939999999926e+02
4.000099159999999756e+02
4.008970820000000117e+02
4.020797539999999799e+02
4.024793399999999792e+02
4.032458179999999857e+02
4.037762660000000210e+02
4.047768419999999878e+02
4.054699739999999792e+02
4.061788639999999759e+02
4.070513559999999984e+02
4.079032940000000167e+02
4.088853020000000242e+02
4.096849219999999718e+02
4.105299160000000143e+02
4.108099280000000135e+02
4.118624859999999899e+02
4.127287680000000023e+02
4.136854559999999879e+02
4.141954240000000027e+02
4.148496860000000197e+02
4.156333759999999984e+02
4.168143019999999979e+02
4.171884180000000129e+02
4.180188479999999913e+02
4.186610620000000154e+02
4.194723460000000159e+02
4.206831020000000194e+02
4.210192079999999919e+02
4.216860899999999788e+02
4.229493540000000280e+02
4.232671399999999835e+02
4.241131819999999948e+02
4.250967640000000074e+02
4.256659159999999815e+02
4.267678819999999860e+02
4.271732900000000086e+02
4.280964819999999804e+02
4.288765099999999961e+02
4.299705159999999751e+02
4.303863079999999854e+02
4.312949280000000272e+02
4.321702339999999936e+02
4.330328480000000013e+02
4.341110199999999963e+02
4.348151960000000145e+02
4.356082279999999969e+02
4.360627119999999763e+02
4.370804939999999874e+02
4.375839379999999892e+02
4.388049740000000156e+02
4.393751720000000205e+02
4.401611800000000017e+02
4.409282799999999725e+02
4.418184380000000147e+02
4.430205159999999864e+02
4.432602679999999964e+02
4.443931440000000066e+02
4.448227099999999723e+02
4.456274880000000280e+02
4.462616100000000188e+02
4.473326660000000174e+02
4.479988319999999931e+02
4.488160899999999742e+02
4.495195299999999747e+02
4.504117939999999862e+02
4.511747240000000261e+02
4.521807919999999967e+02
4.526476319999999873e+02
4.532162119999999845e+02
4.542164060000000063e+02
4.551716920000000073e+02
4.558559260000000108e+02
4.563868519999999762e+02
4.573363759999999729e+02
4.579933040000000233e+02
4.587254500000000235e+02
4.593271119999999996e+02
4.603790619999999763e+02
4.610560380000000009e+02
4.620609739999999874e+02
4.627805379999999786e+02
4.633200279999999793e+02
4.639768179999999802e+02
4.651380500000000211e+02
4.658370859999999993e+02
4.669370099999999866e+02
4.677692840000000274e+02
4.684521780000000035e+02
4.690482380000000262e+02
4.696161799999999857e+02
4.707528179999999907e+02
4.714306439999999725e+02
4.723570960000000127e+02
4.731120099999999979e+02
4.736781399999999849e+02
4.744278820000000110e+02
4.755344699999999989e+02
4.761678739999999834e+02
4.769973519999999780e+02
4.777307799999999816e+02
4.782912979999999834e+02
4.797955339999999751e+02
4.800424340000000143e+02
4.808984320000000139e+02
4.819166960000000017e+02
4.824841040000000021e+02
4.836484340000000088e+02
4.842837440000000129e+02
4.849689280000000053e+02
4.854851459999999861e+02
4.863367680000000064e+02
4.875075439999999958e+02
4.879472739999999931e+02
4.887667799999999829e+02
4.895921040000000062e+02
4.906842839999999910e+02
4.911815560000000005e+02
4.920447260000000256e+02
4.929627100000000155e+02
4.933803419999999846e+02
4.941284600000000182e+02
4.951737160000000131e+02
4.958966260000000261e+02
4.963912460000000237e+02
4.974134779999999978e+02
4.982699840000000222e+02
4.989005539999999996e+02
4.994883659999999850e+02
5.002863100000000145e+02
5.012068279999999731e+02
5.021326579999999922e+02
5.030886560000000145e+02
5.037379920000000197e+02
5.045735500000000116e+02
5.053903639999999768e+02
5.064414179999999988e+02
5.065708480000000122e+02
5.076671559999999772e+02
5.083839560000000120e+02
5.090557499999999891e+02
5.098858599999999797e+02
5.106205659999999966e+02
5.113581919999999741e+02
5.121775840000000244e+02
5.128186620000000175e+02
5.139417580000000498e+02
5.144917560000000094e+02
5.152946020000000544e+02
5.163159299999999803e+02
5.170441319999999905e+02
5.176444760000000542e+02
5.186632720000000063e+02
5.195280020000000150e+02
5.201942400000000362e+02
5.209668000000000347e+02
5.218213580000000320e+02
5.225472439999999779e+02
5.233659059999999954e+02
5.239477080000000342e+02
5.246529580000000124e+02
5.254896800000000212e+02
5.266559359999999970e+02
5.274694700000000012e+02
5.281279160000000275e+02
5.291388580000000275e+02
5.295333299999999781e+02
5.302075039999999717e+02
5.312769580000000360e+02
5.321869619999999941e+02
5.327547080000000506e+02
5.335301299999999856e+02
5.341062379999999621e+02
5.354619860000000244e+02
5.361324459999999590e+02
5.365822399999999561e+02
5.371695580000000518e+02
5.383932499999999663e+02
5.392958919999999807e+02
5.398733180000000402e+02
5.403342559999999821e+02
5.413444960000000492e+02
5.423498240000000123e+02
5.426617099999999709e+02
5.437665359999999737e+02
5.441436559999999645e+02
5.453031600000000481e+02
5.457026819999999816e+02
5.466844320000000153e+02
5.477130720000000110e+02
5.488717840000000479e+02
5.494052199999999857e+02
5.497241060000000061e+02
5.507261640000000398e+02
5.518511600000000499e+02
5.527248660000000200e+02
5.532270819999999958e+02
5.539621899999999641e+02
5.546993999999999687e+02
5.341231719999999541e+02
5.120219720000000052e+02
4.986791979999999853e+02
4.885320899999999824e+02
4.795607800000000225e+02
4.718657220000000052e+02
4.642976760000000240e+02
4.581261359999999740e+02
4.519774419999999964e+02
4.463029139999999870e+02
4.414552820000000111e+02
4.359947880000000282e+02
4.310569719999999734e+02
4.266613479999999754e+02
4.222476419999999848e+02
4.178212940000000231e+02
4.139231580000000008e+02
4.099954619999999750e+02
4.059055619999999749e+02
4.020782179999999926e+02
3.986453099999999949e+02
3.955400200000000268e+02
3.914121359999999754e+02
3.884962279999999737e+02
3.846868140000000267e+02
3.818180939999999737e+02
3.787080540000000042e+02
3.758777759999999830e+02
3.725440659999999866e+02
3.697009259999999813e+02
3.666735739999999737e+02
3.638940979999999854e+02
3.613970620000000054e+02
3.578860139999999888e+02
3.556113980000000083e+02
3.527831560000000195e+02
3.501133159999999975e+02
3.475805359999999951e+02
3.451019380000000183e+02
3.426548720000000117e+02
3.399569359999999847e+02
3.379641139999999950e+02
3.353075640000000135e+02
3.330283000000000015e+02
3.306673220000000128e+02
3.281748680000000036e+02
3.257633020000000101e+02
3.234576260000000048e+02
3.216145559999999932e+02
3.192528819999999996e+02
3.170086180000000127e+02
3.148644279999999753e+02
3.123520899999999756e+02
3.104308500000000208e+02
3.084599660000000085e+02
3.063808060000000069e+02
3.043437319999999886e+02
3.020528879999999958e+02
3.001859559999999760e+02
2.980745719999999892e+02
2.961414419999999836e+02
2.940829979999999750e+02
2.922062440000000265e+02
2.902070899999999938e+02
2.886023959999999988e+02
2.865337400000000230e+02
2.845550979999999868e+02
2.827075960000000237e+02
2.807848420000000260e+02
2.789803140000000212e+02
2.770889359999999897e+02
2.753367420000000152e+02
2.736729060000000118e+02
2.719000740000000178e+02
2.700784039999999777e+02
2.683279959999999846e+02
2.664757240000000138e+02
2.647754059999999754e+02
2.630311780000000113e+02
2.613970199999999977e+02
2.593655979999999772e+02
2.577962120000000255e+02
2.561812499999999773e+02
2.543584439999999915e+02
2.526620760000000132e+02
2.507731100000000026e+02
2.494773160000000018e+02
2.477544379999999933e+02
2.463085959999999943e+02
2.443010439999999903e+02
2.428124479999999892e+02
2.411895639999999901e+02
2.395159879999999930e+02
2.382353940000000136e+02
2.364106759999999952e+02
2.349169339999999977e+02
2.333144540000000120e+02
2.318349420000000123e+02
2.303288980000000095e+02
2.288651380000000017e+02
2.270860140000000058e+02
2.255269900000000121e+02
2.240535820000000058e+02
2.226368899999999940e+02
2.210765820000000019e+02
2.195628700000000038e+02
2.180804200000000037e+02
2.168865879999999891e+02
2.152697359999999946e+02
2.139420560000000080e+02
2.121088839999999891e+02
2.106989700000000028e+02
2.091568420000000117e+02
2.078754419999999925e+02
2.066050520000000006e+02
2.049757040000000075e+02
2.036488479999999868e+02
2.020891359999999963e+02
2.007989479999999958e+02
1.995273099999999999e+02
1.976728239999999914e+02
1.964559040000000039e+02
1.948305060000000140e+02
1.934586820000000102e+02
1.924244960000000049e+02
1.907523520000000019e+02
1.897159920000000000e+02
1.881518700000000024e+02
1.868639919999999961e+02
1.853924959999999942e+02
1.840969359999999995e+02
1.828290440000000103e+02
1.814821640000000116e+02
1.799374540000000025e+02
1.789868280000000027e+02
1.772323120000000074e+02
1.760115759999999909e+02
1.747457339999999988e+02
1.734954740000000015e+02
1.720592019999999991e+02
1.706303159999999934e+02
1.694921860000000038e+02
1.681566540000000032e+02
1.670187060000000088e+02
1.657048959999999909e+02
1.642866640000000018e+02
1.628904860000000099e+02
1.616819179999999960e+02
1.603676419999999894e+02
1.590260100000000136e+02
1.578363999999999976e+02
1.565765379999999993e+02
1.551550320000000056e+02
1.538686920000000100e+02
1.528368380000000002e+02
1.514674540000000036e+02
1.504331819999999880e+02
1.490732099999999889e+02
1.477098200000000077e+02
1.464444939999999917e+02
1.451130180000000109e+02
1.441147060000000124e+02
1.427251500000000135e+02
1.415158439999999871e+02
1.404260539999999935e+02
1.390983459999999923e+02
1.377761439999999880e+02
1.364734400000000107e+02
1.354513100000000065e+02
1.341942899999999952e+02
1.330067559999999958e+02
1.317248500000000035e+02
1.306291860000000042e+02
1.295418999999999983e+02
1.283026179999999954e+02
1.271090399999999931e+02
1.259181939999999997e+02
1.248218839999999972e+02
1.235885860000000065e+02
1.223024659999999955e+02
1.212660640000000001e+02
1.200055600000000027e+02
1.186660799999999938e+02
1.175200320000000005e+02
1.162794739999999933e+02
1.151623419999999953e+02
1.140977400000000017e+02
1.129556999999999931e+02
1.118070879999999931e+02
1.106724980000000045e+02
1.094352020000000039e+02
1.081334140000000019e+02
1.071239939999999962e+02
1.059653480000000059e+02
1.047347440000000063e+02
1.037011640000000057e+02
1.025522540000000049e+02
1.013438960000000009e+02
1.001300279999999958e+02
9.905105600000000265e+01
9.788885799999999904e+01
9.684402400000000455e+01
9.558998599999999612e+01
9.472970999999999719e+01
9.348917400000000555e+01
9.234253599999999551e+01
9.119465999999999894e+01
8.996440599999999677e+01
8.884030400000000327e+01
8.780960000000000321e+01
8.674751600000000451e+01
8.556714200000000403e+01
8.441314800000000673e+01
8.327477799999999775e+01
8.209980600000000095e+01
8.113051000000000101e+01
7.993052600000000041e+01
7.877433800000000019e+01
7.792012800000000539e+01
7.665347400000000277e+01
7.567088999999999999e+01
7.455058400000000063e+01
7.354492799999999875e+01
7.249082400000000348e+01
7.129983000000000004e+01
7.015869000000000710e+01
6.910481400000000463e+01
6.812926600000000121e+01
6.694637400000000582e+01
6.588377800000000661e+01
6.484543399999999735e+01
6.367744799999999827e+01
6.266317000000000093e+01
6.147298800000000085e+01
6.042743600000000015e+01
5.938956799999999703e+01
5.828273800000000193e+01
5.725077999999999889e+01
5.629065400000000352e+01
5.518947599999999909e+01
5.410999000000000336e+01
5.296026799999999923e+01
5.195332599999999701e+01
5.088550200000000245e+01
4.969237799999999794e+01
4.869715999999999667e+01
4.764119199999999665e+01
4.669361800000000073e+01
4.568443599999999805e+01
4.451979399999999742e+01
4.353347000000000122e+01
4.244885399999999720e+01
4.145993800000000107e+01
4.031072199999999839e+01
3.929681000000000068e+01
3.822550600000000287e+01
3.726684600000000103e+01
3.613341799999999893e+01
3.513842199999999849e+01
3.412434199999999862e+01
3.299778400000000289e+01
3.193042399999999859e+01
3.103980599999999868e+01
2.995123200000000097e+01
2.884698600000000113e+01
2.797734200000000016e+01
2.687366600000000005e+01
2.591219999999999857e+01
2.484411400000000114e+01
2.379199799999999954e+01
2.278750199999999992e+01
2.169580799999999954e+01
2.077256200000000064e+01
1.971613999999999933e+01
1.865177999999999869e+01
1.761080199999999962e+01
1.664426399999999973e+01
1.560129200000000083e+01
1.455845799999999990e+01
1.359482200000000063e+01
1.256222200000000022e+01
1.153966600000000042e+01
1.052058599999999977e+01
9.554899999999999949e+00
8.565113999999999450e+00
7.532551999999999914e+00
6.517628000000000199e+00
5.539526000000000394e+00
4.516402000000000250e+00
3.514689999999999870e+00
2.499449999999999950e+00
1.508329999999999949e+00
4.944120000000000181e-01
L=10.0,N=500,T=1.0,r=0.16,eta=0.40212385965949354,t=860.6124601364136s