0.000000000000000000e+00
0.000000000000000000e+00
0.000000000000000000e+00
0.000000000000000000e+00
0.000000000000000000e+00
0.000000000000000000e+00
0.000000000000000000e+00
0.000000000000000000e+00
0.000000000000000000e+00
0.000000000000000000e+00
0.000000000000000000e+00
0.000000000000000000e+00
0.000000000000000000e+00
0.000000000000000000e+00
0.000000000000000000e+00
0.000000000000000000e+00
0.000000000000000000e+00
0.000000000000000000e+00
0.000000000000000000e+00
0.000000000000000000e+00
0.000000000000000000e+00
0.000000000000000000e+00
0.000000000000000000e+00
0.000000000000000000e+00
0.000000000000000000e+00
0.000000000000000000e+00
0.000000000000000000e+00
0.000000000000000000e+00
0.000000000000000000e+00
0.000000000000000000e+00
0.000000000000000000e+00
0.000000000000000000e+00
0.000000000000000000e+00
0.000000000000000000e+00
0.000000000000000000e+00
0.000000000000000000e+00
0.000000000000000000e+00
0.000000000000000000e+00
0.000000000000000000e+00
0.000000000000000000e+00
0.000000000000000000e+00
0.000000000000000000e+00
0.000000000000000000e+00
0.000000000000000000e+00
0.000000000000000000e+00
1.746253423999999995e+03
1.279741420000000005e+02
9.993350399999999922e+01
9.005849399999999605e+01
9.191866000000000270e+01
1.079502099999999984e+02
9.384853599999999574e+01
7.792535200000000373e+01
8.195320800000000361e+01
5.598069799999999674e+01
7.607191600000000165e+01
8.201598199999999395e+01
5.200418200000000013e+01
5.798235799999999784e+01
6.402978000000000236e+01
6.796409599999999784e+01
4.996444600000000236e+01
5.405958600000000303e+01
4.360282020000000216e+02
1.206349690000000010e+03
4.200662400000000218e+01
5.597845800000000338e+01
7.396319800000000555e+01
6.001875799999999828e+01
4.201843999999999824e+01
4.998660600000000187e+01
3.400722600000000284e+01
8.195784999999999343e+01
3.395772800000000302e+01
3.599415400000000176e+01
4.202334599999999654e+01
3.797189600000000098e+01
4.393781400000000303e+01
5.599213199999999802e+01
3.806113400000000269e+01
4.996863400000000155e+01
3.000099200000000010e+01
5.595264199999999732e+01
3.998947400000000130e+01
7.198574999999999591e+01
4.395454999999999757e+01
3.798846999999999952e+01
6.999608800000000031e+01
6.997132999999999470e+01
8.196026200000000017e+01
1.646203678000000082e+03
8.195417399999999475e+01
8.791965399999999420e+01
8.797133200000000386e+01
6.400377199999999789e+01
7.797425599999999690e+01
1.179424819999999983e+02
1.199853880000000004e+02
1.199494580000000070e+02
9.794713799999999537e+01
1.018951560000000001e+02
3.134766305999999986e+03
1.059798499999999990e+02
1.299957640000000083e+02
6.204470200000000091e+01
7.392626599999999826e+01
1.619546359999999936e+02
1.139502760000000023e+02
1.119341880000000060e+02
1.059949260000000066e+02
9.602171800000000701e+01
1.720349040000000116e+02
1.059702580000000012e+02
1.219949359999999956e+02
8.596585399999999311e+01
8.595259400000000483e+01
1.099879360000000048e+02
1.039783800000000014e+02
9.801946800000000337e+01
1.179371079999999949e+02
7.002798799999999346e+01
9.196226799999999457e+01
8.799914400000000114e+01
7.996998399999999663e+01
9.603796800000000644e+01
8.196590999999999383e+01
6.802369799999999600e+01
4.559401399999999853e+02
1.230257223999999951e+03
8.789933800000000019e+01
9.192971599999999910e+01
9.398753999999999564e+01
1.020083640000000003e+02
9.999365400000000648e+01
1.098800360000000040e+02
1.656259324000000106e+03
2.080586360000000070e+02
1.179505139999999983e+02
9.598477599999999654e+01
1.079858600000000024e+02
1.239835539999999980e+02
1.339584040000000016e+02
1.299663580000000138e+02
3.092575085999999828e+03
1.379471639999999866e+02
1.459994159999999965e+02
1.479154240000000016e+02
2.639947080000000028e+02
1.778578679999999963e+02
1.400017980000000080e+02
1.159889519999999976e+02
1.159677539999999993e+02
1.139668039999999962e+02
2.520522339999999986e+02
1.299342680000000030e+02
1.598662199999999984e+02
1.339444660000000056e+02
1.500018200000000093e+02
1.299892619999999965e+02
1.418782300000000021e+02
1.499413099999999872e+02
1.579991039999999884e+02
1.219695459999999940e+02
2.988575741999999991e+03
1.359600259999999992e+02
1.320323840000000075e+02
1.439839479999999980e+02
1.479438440000000128e+02
1.219711460000000045e+02
2.160248180000000104e+02
1.279853999999999985e+02
1.279133460000000042e+02
2.960024819999999863e+02
1.220161200000000008e+02
1.219941780000000051e+02
1.120218619999999987e+02
1.459347860000000026e+02
1.238843040000000002e+02
1.899272839999999860e+02
1.800377259999999922e+02
1.799297239999999931e+02
1.628233154000000013e+03
1.399407940000000110e+02
1.799822519999999884e+02
1.899873660000000086e+02
2.219870300000000043e+02
3.008549238000000059e+03
1.619794019999999932e+02
1.859202260000000138e+02
2.059254459999999938e+02
1.500013140000000078e+02
4.140135399999999777e+02
1.436309275999999954e+03
1.798630039999999894e+02
1.619472519999999918e+02
1.859051259999999957e+02
1.559870720000000119e+02
3.519879700000000184e+02
1.859293859999999938e+02
1.899087379999999996e+02
2.940313380000000052e+02
1.920014239999999859e+02
2.898530764000000090e+03
1.879403759999999863e+02
1.779689140000000123e+02
2.139569280000000049e+02
1.539585800000000120e+02
2.719367020000000252e+02
1.919345319999999901e+02
1.780061980000000119e+02
1.638491080000000011e+02
1.959763199999999870e+02
3.480669579999999996e+02
1.879461320000000057e+02
1.520090500000000020e+02
1.559690579999999898e+02
1.559735039999999913e+02
1.818823419999999942e+02
1.779412859999999910e+02
1.719545439999999985e+02
1.959397639999999967e+02
1.799731779999999901e+02
1.999662380000000041e+02
1.859163299999999879e+02
1.799296500000000094e+02
2.019613119999999924e+02
4.264912551999999778e+03
2.217846879999999885e+02
2.379058839999999861e+02
2.598831959999999981e+02
2.972376361999999972e+03
2.939780380000000264e+02
2.339326979999999878e+02
3.620301339999999755e+02
1.960635320000000092e+02
3.541421980000000076e+02
2.898655880000000025e+02
3.499865980000000150e+02
2.299823719999999980e+02
2.259406319999999937e+02
2.319156999999999869e+02
4.739956779999999981e+02
2.519605599999999868e+02
2.850539417999999841e+03
2.279160520000000076e+02
2.359226020000000119e+02
1.939946199999999976e+02
2.240765100000000132e+02
3.458014259999999922e+02
2.219003759999999943e+02
2.240798900000000060e+02
2.258949920000000020e+02
2.358815979999999968e+02
2.058957460000000026e+02
4.140730300000000170e+02
4.998664899999999989e+02
1.180246294000000034e+03
2.098475640000000055e+02
1.899034399999999891e+02
2.360154819999999916e+02
2.119716559999999959e+02
2.239612119999999891e+02
2.479330860000000030e+02
2.750638759999999820e+03
3.779307959999999866e+02
1.999572819999999922e+02
2.159623899999999992e+02
2.299303280000000029e+02
2.919409919999999943e+02
3.519926839999999970e+02
2.398581179999999904e+02
1.636213882000000012e+03
2.659901859999999942e+02
4.461016880000000242e+02
2.899408720000000130e+02
2.864554340000000138e+03
3.698218439999999987e+02
3.119202960000000076e+02
2.639237239999999929e+02
2.679695179999999937e+02
3.400440619999999967e+02
3.058935319999999933e+02
4.079055200000000241e+02
2.938089519999999766e+02
3.358659279999999967e+02
2.640177019999999857e+02
3.022576840000000175e+03
2.639659060000000181e+02
2.960169579999999883e+02
2.780364905999999792e+03
2.799163100000000099e+02
2.639610000000000127e+02
2.759123920000000112e+02
3.219615479999999934e+02
2.959268620000000283e+02
3.138663099999999986e+02
6.661386079999999765e+02
2.619351639999999861e+02
5.080317519999999831e+02
2.520575739999999882e+02
2.857874459999999885e+02
2.499745900000000063e+02
2.799439340000000129e+02
2.656503619999999955e+03
3.139795399999999859e+02
2.619235419999999976e+02
2.640417899999999918e+02
2.698871659999999792e+02
3.838141499999999837e+02
3.138800820000000158e+02
3.019428080000000136e+02
2.539086479999999995e+02
2.598021360000000186e+02
4.981003860000000145e+02
2.818364300000000071e+02
2.439246760000000052e+02
1.528164923999999928e+03
3.319762380000000235e+02
3.378841719999999782e+02
1.146085857999999917e+03
3.156738416000000143e+03
4.579801519999999755e+02
3.438521600000000262e+02
3.439619819999999777e+02
3.059339479999999867e+02
3.378766140000000178e+02
2.714480117999999948e+03
4.438016139999999723e+02
6.460912580000000389e+02
2.636582245999999941e+03
3.537928099999999745e+02
6.957019259999999576e+02
5.301498880000000327e+02
3.659689280000000053e+02
3.778651479999999765e+02
5.840041019999999889e+02
3.119841880000000174e+02
4.039078999999999837e+02
3.160131180000000199e+02
3.559121180000000209e+02
6.421025499999999511e+02
3.599774800000000141e+02
3.838804299999999898e+02
3.140120800000000258e+02
2.562435714000000189e+03
2.998627759999999967e+02
3.458854699999999980e+02
3.019396280000000274e+02
3.198548079999999914e+02
4.918672480000000178e+02
2.840440960000000246e+02
3.218991920000000277e+02
3.259979079999999954e+02
2.524418681999999990e+03
2.698837060000000179e+02
5.820454160000000456e+02
2.420404680000000042e+02
3.378452260000000251e+02
3.499096420000000194e+02
3.599412340000000086e+02
5.439798399999999674e+02
4.018385380000000282e+02
1.744367901999999958e+03
4.258911820000000148e+02
4.839159579999999551e+03
4.778894020000000182e+02
4.257468579999999747e+02
5.199462459999999737e+02
4.079344459999999799e+02
4.057179800000000114e+02
5.598063319999999976e+02
4.519974260000000186e+02
4.777568400000000111e+02
2.792393746000000192e+03
6.680721800000000030e+02
4.039819979999999759e+02
8.577791359999999941e+02
3.699146139999999718e+02
3.878786840000000211e+02
3.800014400000000023e+02
3.919057280000000105e+02
4.359067959999999857e+02
3.920138779999999770e+02
5.360335639999999557e+02
1.708257133999999951e+03
4.499373360000000162e+02
2.458446072000000186e+03
3.519054939999999760e+02
3.699990660000000275e+02
2.440384109999999964e+03
4.660426340000000209e+02
3.998267359999999826e+02
6.159471160000000509e+02
4.258105019999999854e+02
3.899445220000000063e+02
4.981504180000000019e+02
4.237786360000000059e+02
7.360172679999999445e+02
6.740663419999999633e+02
4.519850040000000035e+02
3.540422120000000064e+02
3.498769940000000247e+02
3.958819119999999998e+02
4.219639559999999960e+02
2.462635361999999986e+03
3.998084479999999985e+02
4.337546500000000265e+02
1.528321932000000061e+03
4.717264799999999809e+02
2.604208153999999922e+03
5.357649840000000268e+02
5.099663380000000075e+02
4.539969980000000191e+02
4.699203600000000165e+02
8.240414859999999635e+02
5.577829060000000254e+02
5.098991659999999797e+02
4.428852259999999660e+03
6.739545000000000528e+02
5.099213020000000256e+02
4.639636160000000018e+02
9.160703640000000405e+02
5.158150520000000370e+02
4.679314840000000117e+02
6.798978939999999511e+02
7.019452780000000303e+02
2.388525627999999870e+03
5.399948160000000144e+02
9.379861459999999624e+02
2.418321335999999974e+03
4.579145540000000096e+02
5.099769400000000132e+02
4.598398119999999949e+02
6.380053259999999682e+02
5.177088400000000092e+02
4.640024559999999951e+02
7.480438400000000456e+02
4.239471480000000270e+02
4.600511839999999779e+02
3.899085580000000277e+02
8.858878819999999905e+02
4.419656959999999799e+02
4.638442559999999730e+02
4.680553039999999783e+02
4.237939559999999801e+02
2.268211346000000049e+03
4.259399619999999800e+02
5.839665400000000091e+02
1.308213639999999941e+03
4.638987819999999829e+02
5.818936519999999746e+02
5.078915279999999939e+02
3.316583119999999781e+03
5.378212899999999763e+02
2.456525349999999889e+03
5.558778680000000350e+02
1.155972631999999976e+03
5.659093540000000075e+02
4.898990779999999745e+02
7.619372339999999895e+02
6.798083279999999604e+02
2.784502828000000136e+03
6.258653359999999566e+02
8.639860320000000229e+02
5.158111300000000483e+02
2.276587407999999868e+03
1.087927846000000045e+03
5.998659940000000006e+02
5.699747859999999946e+02
5.198877240000000484e+02
5.777578640000000405e+02
5.580734420000000000e+02
2.852361707999999908e+03
5.558805380000000014e+02
5.878973059999999577e+02
9.182182500000000118e+02
5.519584439999999859e+02
5.060062599999999975e+02
5.158861439999999448e+02
5.178543839999999818e+02
4.998071419999999989e+02
2.214297344000000066e+03
5.179807039999999461e+02
9.801545859999999948e+02
5.039201919999999859e+02
5.418317580000000362e+02
5.038323219999999765e+02
2.254174918000000162e+03
6.859732599999999820e+02
2.444461862000000110e+03
4.679196239999999989e+02
5.838943839999999454e+02
6.119109879999999748e+02
6.198064399999999523e+02
6.957933219999999892e+02
6.880286979999999630e+02
5.937764959999999519e+02
1.906120386000000053e+03
9.660166679999999815e+02
2.380304920000000038e+03
6.599166480000000092e+02
5.959104439999999840e+02
5.979217300000000250e+02
5.880470340000000533e+02
6.438217759999999998e+02
4.054687273999999888e+03
6.738576699999999846e+02
5.781173840000000155e+02
6.819263600000000451e+02
9.038378760000000511e+02
5.758009520000000521e+02
1.559861945999999989e+03
1.316146120000000110e+03
6.478046880000000556e+02
6.117739340000000539e+02
3.756810202000000118e+03
1.014193430000000035e+03
1.206034341999999924e+03
5.978287259999999605e+02
6.558807299999999714e+02
8.441019740000000411e+02
6.219950519999999869e+02
5.878415800000000218e+02
8.079850040000000035e+02
9.738670680000000175e+02
5.738610439999999926e+02
1.230108463999999913e+03
2.144453002000000197e+03
6.099020080000000235e+02
2.074373383999999987e+03
6.019761539999999513e+02
6.038589960000000474e+02
5.757189980000000560e+02
7.160371400000000222e+02
5.779391859999999497e+02
6.158574879999999894e+02
6.077913899999999785e+02
1.021998523999999975e+03
5.840460520000000315e+02
7.176794820000000072e+02
1.132184042000000090e+03
6.200006620000000339e+02
6.777470680000000129e+02
1.474180065999999897e+03
3.642802864000000227e+03
6.777675420000000486e+02
2.214147621999999956e+03
6.439922860000000355e+02
7.598051639999999907e+02
7.338944480000000112e+02
2.336094844000000194e+03
8.578187139999999999e+02
2.402083737999999812e+03
1.043929018000000042e+03
1.045909540000000106e+03
7.400296399999999721e+02
1.414002823999999919e+03
1.182234676000000036e+03
9.516718600000000379e+02
2.140240060000000085e+03
6.919112639999999601e+02
1.828283500000000004e+03
8.058649540000000115e+02
7.458683600000000524e+02
6.359661119999999528e+02
6.878171700000000328e+02
6.499477480000000469e+02
2.092326876000000084e+03
5.760098639999999932e+02
6.898157280000000355e+02
1.348150341999999910e+03
6.178955760000000055e+02
2.186267285999999785e+03
6.618329420000000027e+02
6.399367019999999684e+02
6.958147960000000012e+02
1.740243382000000111e+03
7.117723499999999603e+02
5.679235860000000002e+02
2.006296438000000080e+03
6.378468520000000126e+02
6.417652160000000094e+02
6.660282300000000077e+02
1.276076109999999971e+03
1.022136979999999994e+03
6.799381580000000440e+02
9.259628119999999853e+02
6.556133399999999938e+02
3.188585909999999785e+03
8.318738600000000361e+02
3.478785425999999916e+03
7.917780599999999822e+02
8.199151719999999841e+02
9.057230540000000474e+02
8.537937160000000176e+02
2.298282940000000053e+03
9.659230919999999969e+02
7.998063079999999445e+02
1.371977386000000024e+03
1.582143285999999989e+03
8.038583240000000387e+02
1.614098831999999902e+03
8.419748080000000527e+02
2.106176992000000155e+03
7.757640199999999595e+02
8.239632520000000113e+02
1.652018628000000035e+03
1.980275386000000026e+03
1.888389901999999893e+03
7.538409060000000181e+02
6.918282580000000053e+02
7.338152420000000120e+02
9.178701879999999846e+02
8.178741539999999759e+02
1.450184348000000000e+03
3.186601630000000114e+03
9.778681880000000319e+02
1.624133211999999958e+03
7.139353059999999687e+02
6.499325679999999466e+02
8.176617119999999659e+02
7.217538019999999506e+02
9.758771860000000515e+02
7.440286879999999883e+02
1.236098173999999972e+03
7.119279179999999769e+02
1.402047274000000016e+03
7.697531579999999849e+02
2.024311304000000064e+03
7.879365179999999782e+02
1.908442240000000083e+03
6.698290160000000242e+02
7.799185979999999745e+02
1.459892407999999932e+03
9.378771580000000085e+02
2.140157536000000164e+03
8.837297220000000380e+02
8.799750800000000481e+02
1.380004462000000103e+03
9.458602300000000014e+02
3.350219844000000194e+03
8.481565920000000460e+02
8.497917220000000498e+02
1.950328168000000005e+03
1.326018917999999985e+03
8.935444559999999683e+02
1.848189787999999908e+03
3.264545532000000094e+03
1.195836395999999922e+03
9.317384580000000369e+02
1.039913367999999991e+03
2.064154978000000028e+03
2.034320195999999896e+03
9.417024619999999686e+02
8.439563779999999724e+02
8.759212599999999611e+02
8.457196259999999484e+02
8.699798479999999472e+02
2.518567983999999797e+03
1.806188652000000047e+03
8.398074639999999818e+02
8.737371540000000323e+02
1.353988428000000113e+03
7.760311239999999771e+02
8.337007099999999582e+02
8.058909760000000233e+02
7.198510099999999738e+02
7.899754599999999982e+02
1.954027945999999929e+03
1.564246675999999979e+03
7.939670340000000124e+02
8.039173039999999446e+02
2.830495191999999861e+03
8.978320840000000089e+02
8.498954099999999698e+02
8.498505740000000515e+02
8.819790100000000166e+02
8.318316340000000082e+02
3.002635651999999936e+03
8.836762139999999590e+02
2.266337280000000192e+03
1.271878517999999985e+03
8.619986380000000281e+02
1.743958294000000024e+03
2.066008134000000155e+03
1.234070852000000059e+03
1.041857643999999937e+03
1.375901667999999972e+03
8.919248959999999897e+02
2.036247024000000010e+03
2.486215024000000085e+03
2.082035289999999804e+03
2.030304632000000083e+03
1.070101619999999912e+03
1.013442923999999948e+03
9.157997139999999945e+02
2.004112603999999919e+03
9.977428619999999455e+02
9.417930260000000544e+02
1.595903966000000082e+03
1.382175631999999950e+03
9.041277860000000146e+02
2.025954140000000052e+03
1.824326733999999988e+03
1.353943551999999954e+03
9.738953080000000000e+02
1.738303030000000035e+03
9.378736639999999625e+02
1.762003915999999890e+03
7.918200199999999995e+02
8.120426519999999755e+02
7.579328379999999470e+02
1.049835029999999961e+03
1.834040537999999970e+03
9.619582219999999779e+02
3.042587664000000132e+03
8.379495020000000522e+02
7.480336939999999686e+02
1.396010931999999912e+03
7.819060819999999694e+02
7.477522880000000214e+02
7.577771000000000186e+02
8.698846539999999550e+02
7.877340920000000324e+02
1.222171955999999909e+03
7.239202759999999444e+02
1.530136545999999953e+03
6.360738139999999703e+02
7.440038700000000063e+02
1.540136412000000064e+03
5.858862440000000333e+02
1.592221438000000035e+03
6.739774959999999737e+02
6.679511019999999917e+02
6.399387000000000398e+02
7.558201599999999871e+02
1.562149243999999953e+03
6.137999760000000151e+02
7.157755660000000262e+02
1.262190622000000076e+03
6.640210100000000466e+02
1.408204068000000007e+03
1.381922880000000077e+03
6.319215279999999666e+02
8.260047960000000558e+02
9.922236840000000484e+02
6.198947339999999713e+02
6.079495379999999614e+02
6.139032280000000128e+02
1.658345937999999933e+03
6.278340180000000146e+02
9.761698539999999866e+02
5.919501159999999800e+02
1.418238188000000036e+03
6.718564260000000559e+02
6.218297119999999722e+02
7.059370719999999437e+02
5.817280359999999746e+02
5.218628059999999778e+02
1.414137578000000076e+03
5.338394459999999526e+02
5.419956320000000005e+02
1.062012224000000060e+03
5.340084239999999909e+02
5.920509560000000420e+02
5.500780200000000377e+02
5.039261220000000208e+02
5.697750160000000506e+02
9.241442459999999528e+02
1.320277440000000070e+03
1.156134686000000102e+03
5.337821059999999989e+02
5.001236260000000016e+02
4.977990540000000124e+02
6.739086119999999482e+02
5.759168039999999564e+02
7.780951400000000149e+02
5.299392219999999725e+02
1.450194195999999920e+03
1.568348451999999952e+03
5.158455539999999928e+02
5.418921540000000050e+02
5.178516499999999496e+02
5.158415760000000319e+02
5.660321079999999938e+02
6.218347119999999677e+02
5.759434800000000223e+02
9.541800339999999778e+02
4.720371460000000070e+02
4.939472900000000095e+02
4.199561419999999998e+02
1.144338958000000048e+03
4.778490719999999783e+02
4.559448399999999992e+02
4.680750120000000152e+02
4.818632880000000114e+02
4.680526659999999879e+02
5.279826339999999618e+02
4.498009559999999851e+02
4.379042039999999929e+02
1.090290797999999995e+03
9.920435959999999795e+02
4.300232579999999984e+02
4.459599160000000211e+02
4.699834139999999820e+02
1.050173440000000028e+03
4.117804800000000114e+02
4.919812900000000013e+02
9.761409840000000031e+02
4.319216700000000060e+02
4.359317419999999856e+02
4.198989559999999983e+02
6.200089279999999690e+02
4.379191079999999943e+02
8.600996499999999969e+02
1.028310570000000098e+03
4.639053680000000099e+02
4.178621560000000272e+02
4.099469399999999837e+02
3.979403479999999718e+02
4.759612740000000031e+02
4.339426760000000058e+02
4.740072000000000116e+02
3.499969140000000039e+02
4.279189039999999977e+02
9.260611460000000079e+02
3.519289620000000127e+02
3.640784300000000258e+02
4.100365780000000200e+02
3.639872740000000135e+02
3.959900959999999941e+02
4.917941400000000272e+02
6.500650699999999915e+02
3.019501900000000205e+02
8.601287539999999581e+02
3.479085299999999847e+02
3.860821440000000280e+02
3.720603419999999915e+02
3.899740380000000073e+02
3.599597539999999753e+02
5.901006620000000567e+02
1.100277916000000005e+03
3.318450359999999932e+02
6.801328939999999648e+02
3.698948199999999815e+02
3.719027219999999829e+02
3.858972440000000006e+02
3.459605020000000195e+02
4.641012959999999907e+02
2.758926000000000158e+02
9.160342120000000250e+02
3.181111839999999802e+02
3.280386080000000106e+02
3.478777339999999754e+02
3.039530879999999797e+02
3.040260860000000207e+02
3.239776219999999967e+02
3.699226100000000201e+02
2.680201759999999922e+02
3.038981840000000147e+02
2.941011619999999880e+02
3.439542720000000031e+02
2.578942920000000072e+02
2.740820759999999723e+02
7.741052680000000237e+02
2.558810359999999946e+02
2.699963280000000054e+02
2.920068739999999821e+02
3.180251799999999776e+02
7.839926600000000008e+02
2.618114800000000173e+02
3.039172179999999912e+02
8.242841039999999566e+02
2.800113479999999981e+02
2.799176299999999742e+02
2.639595540000000256e+02
4.460942959999999857e+02
3.219405080000000225e+02
6.762722700000000486e+02
2.658797959999999989e+02
3.539360219999999799e+02
2.659366079999999783e+02
2.699705500000000029e+02
2.580565020000000231e+02
2.818764219999999909e+02
3.600950020000000222e+02
2.039500820000000090e+02
2.360100500000000068e+02
2.420297740000000033e+02
2.058792379999999866e+02
2.140354680000000087e+02
1.960231039999999894e+02
2.239502200000000016e+02
2.480237239999999872e+02
2.339556719999999927e+02
2.299161039999999900e+02
4.181472440000000006e+02
1.839953959999999995e+02
6.080320020000000341e+02
2.378760719999999935e+02
2.000402660000000026e+02
1.959565699999999993e+02
2.179561280000000068e+02
2.139375740000000121e+02
4.521417139999999790e+02
3.801370679999999993e+02
5.540560940000000301e+02
1.700877879999999891e+02
2.618915579999999750e+02
2.199665679999999952e+02
2.360049759999999992e+02
2.620619080000000167e+02
1.959193199999999990e+02
1.519091439999999977e+02
3.499258439999999837e+02
1.780450419999999951e+02
2.079662079999999946e+02
1.940318780000000061e+02
1.519673200000000008e+02
1.619967660000000080e+02
1.400059960000000103e+02
1.319093320000000062e+02
1.140439159999999958e+02
1.738827620000000138e+02
1.701317439999999976e+02
1.979895520000000033e+02
1.119562339999999949e+02
1.339725119999999947e+02
4.920778819999999882e+02
1.198631440000000055e+02
1.200686720000000065e+02
1.660600159999999903e+02
1.740189220000000034e+02
1.538962919999999883e+02
1.320182639999999878e+02
1.199986719999999991e+02
6.702904320000000098e+02
1.239798660000000012e+02
1.419595899999999915e+02
1.319020260000000064e+02
1.679700780000000009e+02
1.740236140000000091e+02
1.260386120000000005e+02
1.098701020000000028e+02
2.660390479999999798e+02
1.100097939999999994e+02
1.279511880000000019e+02
1.140232639999999975e+02
1.340940019999999890e+02
1.000295619999999985e+02
7.996285799999999711e+01
7.002803600000000017e+01
9.997744000000000142e+01
8.395376199999999756e+01
7.196627800000000263e+01
9.403704000000000462e+01
1.079610880000000037e+02
8.800696800000000053e+01
7.594156800000000374e+01
5.199729800000000068e+01
2.280498159999999928e+02
5.598201999999999856e+01
6.997333000000000425e+01
1.159847659999999934e+02
7.001591799999999921e+01
6.792035599999999818e+01
7.398101200000000688e+01
6.403015200000000107e+01
3.341205239999999890e+02
6.400854400000000055e+01
6.593536000000000286e+01
5.400872400000000084e+01
9.602463400000000604e+01
5.802767200000000258e+01
6.596296399999999949e+01
1.580067019999999900e+02
3.602507399999999649e+01
4.596160600000000329e+01
5.198930599999999913e+01
5.402343599999999668e+01
4.207934600000000103e+01
4.199217800000000267e+01
1.799686600000000070e+01
2.401608600000000138e+01
4.197521799999999814e+01
2.795316000000000045e+01
1.601647200000000026e+01
2.398713400000000107e+01
1.800290599999999941e+01
2.999595599999999962e+01
7.980363999999999791e+00
7.988069999999999560e+00
1.997006000000000059e+00
5.994238000000000177e+00
4.004853999999999914e+00
6.000000000000000000e+00
2.971999999999999816e-03
0.000000000000000000e+00
0.000000000000000000e+00
0.000000000000000000e+00
L=10.0,N=800,T=3.0,r=0.16,eta=0.6433981754551897,t=2085.2184693813324s