0.000000000000000000e+00
0.000000000000000000e+00
0.000000000000000000e+00
0.000000000000000000e+00
0.000000000000000000e+00
0.000000000000000000e+00
0.000000000000000000e+00
0.000000000000000000e+00
0.000000000000000000e+00
0.000000000000000000e+00
0.000000000000000000e+00
0.000000000000000000e+00
0.000000000000000000e+00
0.000000000000000000e+00
0.000000000000000000e+00
0.000000000000000000e+00
0.000000000000000000e+00
0.000000000000000000e+00
0.000000000000000000e+00
0.000000000000000000e+00
0.000000000000000000e+00
0.000000000000000000e+00
0.000000000000000000e+00
0.000000000000000000e+00
0.000000000000000000e+00
0.000000000000000000e+00
0.000000000000000000e+00
0.000000000000000000e+00
0.000000000000000000e+00
0.000000000000000000e+00
0.000000000000000000e+00
0.000000000000000000e+00
0.000000000000000000e+00
0.000000000000000000e+00
0.000000000000000000e+00
0.000000000000000000e+00
0.000000000000000000e+00
0.000000000000000000e+00
0.000000000000000000e+00
0.000000000000000000e+00
0.000000000000000000e+00
0.000000000000000000e+00
0.000000000000000000e+00
0.000000000000000000e+00
0.000000000000000000e+00
3.153410600000000130e+01
4.204137000000000057e+01
4.181899800000000056e+01
4.157395199999999846e+01
4.123456600000000094e+01
4.099453799999999859e+01
4.070246199999999703e+01
4.046425800000000095e+01
4.021489199999999897e+01
3.995342200000000332e+01
3.968040400000000290e+01
3.942224399999999918e+01
3.920901599999999831e+01
3.892884800000000212e+01
3.867193199999999820e+01
3.845799199999999729e+01
3.823042399999999930e+01
3.802960199999999702e+01
3.781073399999999651e+01
3.763355800000000073e+01
3.747258399999999767e+01
3.728251800000000316e+01
3.713787200000000155e+01
3.698433599999999899e+01
3.687653199999999742e+01
3.677012799999999970e+01
3.668295400000000228e+01
3.661679800000000284e+01
3.659338799999999736e+01
3.651867599999999925e+01
3.655485399999999885e+01
3.655127800000000349e+01
3.661699200000000332e+01
3.667638999999999783e+01
3.676049199999999928e+01
3.693227799999999661e+01
3.712307599999999752e+01
3.731772399999999834e+01
3.760880800000000335e+01
3.793394800000000089e+01
3.829495399999999705e+01
3.873014799999999980e+01
3.922307200000000194e+01
3.983604400000000112e+01
4.056538599999999661e+01
4.145287400000000133e+01
4.255891799999999847e+01
4.368228400000000278e+01
4.473686800000000119e+01
4.571848200000000162e+01
4.669971000000000316e+01
4.760402400000000256e+01
4.850220199999999693e+01
4.932566800000000029e+01
5.015133199999999647e+01
5.094662199999999785e+01
5.165072599999999881e+01
5.239287000000000205e+01
5.300405800000000056e+01
5.370097799999999921e+01
5.433702399999999955e+01
5.495454800000000262e+01
5.550446399999999869e+01
5.602933800000000275e+01
5.657839799999999997e+01
5.709337399999999718e+01
5.757477800000000201e+01
5.805488799999999827e+01
5.851297799999999683e+01
5.895219000000000165e+01
5.942089200000000204e+01
5.983406200000000297e+01
6.027683600000000297e+01
6.064282800000000151e+01
6.110125599999999935e+01
6.144405400000000128e+01
6.179987400000000264e+01
6.220121000000000322e+01
6.260704199999999986e+01
6.297142800000000307e+01
6.335417600000000249e+01
6.373026200000000330e+01
6.413715799999999945e+01
6.449767599999999845e+01
6.489512000000000569e+01
6.530500999999999578e+01
6.577579400000000476e+01
6.616272999999999627e+01
6.661900599999999883e+01
6.699407999999999674e+01
6.746217400000000453e+01
6.797263800000000344e+01
6.846395200000000614e+01
6.892548399999999731e+01
6.942812600000000600e+01
6.995723999999999876e+01
7.051930000000000121e+01
7.104678199999999322e+01
7.154283599999999410e+01
7.214313400000000343e+01
7.267638599999999371e+01
7.318622200000000078e+01
7.375869000000000142e+01
7.433104199999999651e+01
7.486931400000000281e+01
7.538809999999999434e+01
7.598928399999999783e+01
7.647764399999999796e+01
7.704936800000000119e+01
7.760374000000000194e+01
7.810187200000000018e+01
7.867750599999999395e+01
7.921086800000000494e+01
7.968138999999999328e+01
8.025668600000000197e+01
8.076124400000000492e+01
8.128125799999999401e+01
8.183067599999999686e+01
8.240622199999999964e+01
8.281522800000000473e+01
8.333372799999999359e+01
8.382738799999999912e+01
8.437435399999999674e+01
8.479856999999999800e+01
8.534937800000000152e+01
8.585305400000000020e+01
8.637428199999999379e+01
8.681800800000000606e+01
8.732349000000000672e+01
8.775764999999999816e+01
8.828907200000000444e+01
8.876557999999999993e+01
8.930064000000000135e+01
8.973342200000000446e+01
9.028529799999999739e+01
9.072626599999999542e+01
9.122056399999999599e+01
9.170022000000000162e+01
9.218379600000000096e+01
9.275789799999999730e+01
9.316225599999999929e+01
9.360309800000000280e+01
9.412228000000000350e+01
9.465470200000000034e+01
9.512492799999999704e+01
9.562397599999999898e+01
9.614625599999999395e+01
9.664782200000000500e+01
9.711333199999999977e+01
9.761168000000000688e+01
9.820513400000000104e+01
9.864733999999999980e+01
9.915911599999999737e+01
9.964051000000000613e+01
1.001025659999999959e+02
1.006532700000000062e+02
1.011591300000000047e+02
1.016348219999999998e+02
1.022038479999999936e+02
1.027087199999999996e+02
1.032506860000000017e+02
1.036921279999999967e+02
1.041982859999999960e+02
1.047400159999999971e+02
1.051838920000000002e+02
1.057829100000000011e+02
1.062248519999999985e+02
1.068029999999999973e+02
1.072994220000000070e+02
1.077650200000000069e+02
1.082611859999999950e+02
1.088209779999999967e+02
1.092985060000000033e+02
1.097814159999999930e+02
1.102681479999999965e+02
1.107694359999999989e+02
1.113382979999999947e+02
1.118245979999999946e+02
1.122643079999999998e+02
1.127735639999999933e+02
1.132723720000000043e+02
1.138323620000000034e+02
1.143010000000000019e+02
1.147713480000000033e+02
1.153115619999999950e+02
1.158389679999999942e+02
1.162915100000000024e+02
1.168112799999999964e+02
1.173232380000000035e+02
1.177879099999999966e+02
1.183138339999999999e+02
1.187951240000000013e+02
1.193550900000000041e+02
1.198290499999999952e+02
1.203053579999999982e+02
1.208619979999999998e+02
1.212337840000000000e+02
1.218456500000000062e+02
1.223216400000000021e+02
1.228241639999999961e+02
1.232769640000000066e+02
1.238116700000000066e+02
1.243650700000000029e+02
1.248615860000000026e+02
1.253224880000000070e+02
1.258568199999999990e+02
1.263752839999999935e+02
1.268397379999999970e+02
1.273537699999999973e+02
1.278116899999999987e+02
1.283291979999999910e+02
1.288394399999999962e+02
1.293630740000000117e+02
1.298274260000000027e+02
1.303191180000000031e+02
1.308594679999999926e+02
1.313317340000000115e+02
1.318837399999999889e+02
1.323799300000000017e+02
1.328613279999999861e+02
1.334102039999999931e+02
1.338520660000000078e+02
1.343892079999999964e+02
1.349143379999999866e+02
1.353823820000000069e+02
1.359280699999999911e+02
1.363782280000000071e+02
1.368507999999999925e+02
1.374561300000000017e+02
1.379197920000000011e+02
1.383871800000000007e+02
1.388332080000000133e+02
1.393602919999999870e+02
1.398456060000000036e+02
1.404257639999999867e+02
1.409110039999999913e+02
1.414036839999999984e+02
1.419152339999999981e+02
1.424270579999999882e+02
1.429430900000000122e+02
1.434372500000000059e+02
1.439545919999999910e+02
1.444694120000000055e+02
1.449706820000000107e+02
1.453773480000000120e+02
1.458656880000000058e+02
1.464669780000000117e+02
1.469490619999999979e+02
1.474525240000000110e+02
1.479839980000000139e+02
1.484658220000000028e+02
1.489418239999999969e+02
1.494845840000000123e+02
1.499390099999999961e+02
1.504512279999999862e+02
1.509328899999999862e+02
1.515193700000000092e+02
1.518957680000000039e+02
1.524633959999999888e+02
1.529992499999999893e+02
1.534885240000000124e+02
1.538856159999999988e+02
1.544921119999999917e+02
1.550654959999999960e+02
1.555440220000000124e+02
1.559961399999999969e+02
1.564539560000000051e+02
1.570210079999999948e+02
1.575386860000000127e+02
1.579864340000000027e+02
1.584899279999999919e+02
1.590091299999999990e+02
1.595161280000000090e+02
1.599819599999999866e+02
1.605108679999999879e+02
1.610247280000000103e+02
1.615171019999999942e+02
1.619043739999999900e+02
1.624460780000000000e+02
1.629570579999999893e+02
1.635446420000000103e+02
1.640393100000000004e+02
1.645131000000000085e+02
1.650479980000000069e+02
1.655817539999999894e+02
1.660443559999999934e+02
1.665606500000000096e+02
1.670177860000000010e+02
1.675273039999999867e+02
1.680739179999999919e+02
1.685392139999999870e+02
1.689893859999999961e+02
1.695409060000000068e+02
1.700639820000000100e+02
1.705232220000000041e+02
1.710568240000000060e+02
1.715576440000000105e+02
1.719962040000000059e+02
1.726001880000000028e+02
1.730764000000000067e+02
1.735617139999999949e+02
1.740276700000000005e+02
1.746130300000000091e+02
1.750555180000000064e+02
1.756329120000000046e+02
1.760487520000000075e+02
1.765513939999999877e+02
1.770626059999999882e+02
1.775225360000000023e+02
1.780531000000000006e+02
1.785461819999999875e+02
1.790610540000000128e+02
1.795607400000000098e+02
1.800778599999999869e+02
1.806232400000000098e+02
1.811312020000000018e+02
1.816276300000000106e+02
1.821392020000000116e+02
1.825983119999999928e+02
1.831079960000000142e+02
1.836439120000000003e+02
1.841506239999999934e+02
1.846457540000000108e+02
1.850711640000000102e+02
1.855923740000000066e+02
1.861152299999999968e+02
1.866481699999999933e+02
1.871648559999999861e+02
1.876516680000000008e+02
1.881442120000000102e+02
1.886537979999999948e+02
1.891392899999999884e+02
1.896103760000000023e+02
1.901662839999999903e+02
1.906531319999999994e+02
1.911588120000000117e+02
1.916686139999999909e+02
1.921853179999999952e+02
1.926441480000000013e+02
1.931146899999999960e+02
1.936635359999999935e+02
1.941401940000000081e+02
1.946642040000000122e+02
1.951331560000000138e+02
1.956338739999999916e+02
1.961873659999999973e+02
1.967145500000000027e+02
1.972455620000000067e+02
1.976680499999999938e+02
1.982165899999999965e+02
1.986696039999999925e+02
1.992166620000000137e+02
1.997134039999999970e+02
2.001608540000000005e+02
2.007086319999999944e+02
2.012321880000000078e+02
2.016475120000000061e+02
2.022643779999999936e+02
2.026846480000000099e+02
2.032276420000000030e+02
2.036739520000000141e+02
2.041693060000000060e+02
2.047299700000000087e+02
2.051998340000000098e+02
2.056940879999999936e+02
2.062752079999999921e+02
2.066980140000000006e+02
2.072289499999999975e+02
2.077093879999999899e+02
2.082196559999999863e+02
2.087082980000000134e+02
2.092003840000000139e+02
2.097683140000000037e+02
2.101735239999999862e+02
2.107230460000000107e+02
2.112061539999999979e+02
2.117974299999999914e+02
2.122385759999999948e+02
2.127765239999999949e+02
2.133196279999999945e+02
2.138021200000000022e+02
2.143177900000000022e+02
2.147454899999999895e+02
2.152421699999999873e+02
2.157609999999999957e+02
2.162320980000000077e+02
2.167698479999999961e+02
2.171897500000000036e+02
2.177102620000000002e+02
2.182723660000000052e+02
2.187667959999999994e+02
2.192806699999999864e+02
2.198819180000000131e+02
2.202789600000000121e+02
2.207984680000000139e+02
2.213540299999999945e+02
2.218300279999999987e+02
2.223025979999999890e+02
2.227845839999999953e+02
2.233196639999999888e+02
2.237800320000000056e+02
2.243229220000000055e+02
2.248283900000000131e+02
2.251983119999999872e+02
2.258245660000000044e+02
2.262811900000000094e+02
2.268053079999999966e+02
2.273052739999999972e+02
2.278611439999999959e+02
2.284071480000000065e+02
2.289265000000000043e+02
2.293721160000000054e+02
2.297996540000000039e+02
2.303367639999999881e+02
2.308708159999999907e+02
2.313711720000000014e+02
2.317658240000000092e+02
2.323242520000000013e+02
2.327776340000000062e+02
2.334040320000000008e+02
2.338665399999999863e+02
2.343740919999999903e+02
2.348286500000000103e+02
2.352954839999999876e+02
2.358866559999999879e+02
2.363732459999999946e+02
2.369517060000000015e+02
2.372712840000000085e+02
2.378360360000000071e+02
2.383652519999999981e+02
2.389152440000000013e+02
2.393784860000000094e+02
2.398805120000000102e+02
2.403976179999999943e+02
2.408889599999999973e+02
2.413362400000000036e+02
2.419069499999999948e+02
2.423881199999999865e+02
2.428700660000000084e+02
2.433667360000000031e+02
2.438703120000000126e+02
2.444298300000000097e+02
2.448850160000000074e+02
2.454372239999999863e+02
2.458892879999999934e+02
2.464152060000000120e+02
2.468897560000000055e+02
2.474261419999999987e+02
2.479100060000000099e+02
2.483953980000000001e+02
2.489371120000000133e+02
2.494491040000000055e+02
2.499076880000000074e+02
2.504119000000000028e+02
2.508872819999999990e+02
2.514479240000000004e+02
2.519404140000000041e+02
2.525435720000000117e+02
2.529214900000000057e+02
2.535355020000000081e+02
2.539765800000000127e+02
2.544625499999999931e+02
2.549458700000000135e+02
2.554381219999999928e+02
2.559782979999999952e+02
2.565597799999999893e+02
2.570109519999999748e+02
2.574950900000000047e+02
2.579965799999999945e+02
2.584771620000000212e+02
2.590005259999999794e+02
2.594602380000000039e+02
2.599900359999999750e+02
2.604888700000000199e+02
2.609158039999999801e+02
2.614660139999999728e+02
2.619313760000000002e+02
2.625715819999999781e+02
2.629858459999999809e+02
2.634991880000000037e+02
2.639592319999999859e+02
2.645371779999999831e+02
2.650524439999999800e+02
2.655468640000000278e+02
2.660249339999999734e+02
2.664614900000000262e+02
2.669871499999999855e+02
2.675412160000000199e+02
2.680094900000000280e+02
2.685465060000000221e+02
2.690393680000000245e+02
2.695625079999999798e+02
2.700437759999999798e+02
2.706385460000000194e+02
2.710107719999999745e+02
2.716070520000000101e+02
2.720426439999999957e+02
2.724784799999999905e+02
2.729989739999999756e+02
2.735511700000000133e+02
2.739039419999999723e+02
2.745530919999999924e+02
2.750532979999999839e+02
2.755253400000000283e+02
2.760050519999999779e+02
2.765312059999999974e+02
2.770803440000000251e+02
2.776172159999999849e+02
2.780560540000000174e+02
2.785601940000000241e+02
2.789283639999999878e+02
2.795718600000000151e+02
2.801054639999999836e+02
2.805765380000000278e+02
2.810714980000000196e+02
2.815048059999999737e+02
2.820902259999999728e+02
2.826092439999999897e+02
2.831458339999999794e+02
2.835822400000000130e+02
2.840481760000000122e+02
2.845266960000000154e+02
2.851071000000000026e+02
2.856213040000000092e+02
2.860924160000000143e+02
2.866492559999999798e+02
2.870465080000000171e+02
2.875946759999999927e+02
2.881833419999999819e+02
2.886529560000000174e+02
2.891417559999999867e+02
2.895111079999999788e+02
2.901029139999999984e+02
2.905506179999999858e+02
2.911935020000000236e+02
2.916827640000000201e+02
2.920695479999999975e+02
2.925775879999999916e+02
2.931150519999999915e+02
2.936431000000000040e+02
2.941835639999999898e+02
2.945777600000000120e+02
2.952030040000000213e+02
2.956682440000000156e+02
2.961969900000000280e+02
2.967940179999999941e+02
2.970827439999999910e+02
2.976448579999999993e+02
2.980536280000000033e+02
2.985893459999999777e+02
2.992137079999999969e+02
2.997535280000000171e+02
3.002223819999999819e+02
3.005917840000000183e+02
3.012079840000000104e+02
3.017200780000000009e+02
3.023040480000000230e+02
3.027007259999999746e+02
3.032000560000000178e+02
3.036705460000000016e+02
3.040785940000000096e+02
3.046493080000000191e+02
3.051881139999999846e+02
3.056756459999999720e+02
3.061700299999999970e+02
3.067219160000000215e+02
3.072279980000000137e+02
3.076354640000000131e+02
3.081358159999999771e+02
3.086548379999999838e+02
3.092827740000000176e+02
3.096737739999999803e+02
3.102123599999999897e+02
3.106978179999999838e+02
3.112140160000000151e+02
3.118209860000000049e+02
3.121609780000000001e+02
3.128074839999999881e+02
3.132691040000000271e+02
3.136568320000000085e+02
3.142012639999999806e+02
3.147559759999999756e+02
3.152006160000000250e+02
3.157436599999999771e+02
3.162229419999999891e+02
3.167068140000000085e+02
3.172270560000000046e+02
3.177414979999999787e+02
3.182838160000000016e+02
3.187191639999999779e+02
3.192602239999999938e+02
3.197171440000000189e+02
3.201705600000000231e+02
3.207842759999999771e+02
3.212099339999999756e+02
3.218117940000000203e+02
3.223152499999999918e+02
3.228136200000000144e+02
3.232832139999999868e+02
3.237902619999999843e+02
3.243681460000000243e+02
3.247350860000000239e+02
3.252596179999999890e+02
3.257323000000000093e+02
3.263422719999999799e+02
3.267793360000000007e+02
3.272897879999999873e+02
3.277371539999999754e+02
3.283002399999999739e+02
3.288434720000000198e+02
3.294729320000000143e+02
3.297496140000000082e+02
3.303200620000000072e+02
3.307810479999999984e+02
3.313545960000000150e+02
3.318006359999999972e+02
3.322485819999999990e+02
3.328716319999999769e+02
3.332963839999999891e+02
3.338411899999999832e+02
3.343715020000000209e+02
3.348029539999999997e+02
3.353142839999999865e+02
3.358084299999999871e+02
3.362677820000000111e+02
3.368054660000000240e+02
3.373840059999999994e+02
3.378708500000000186e+02
3.382515440000000240e+02
3.388552099999999996e+02
3.392646119999999996e+02
3.398740300000000047e+02
3.403677359999999794e+02
3.408872820000000274e+02
3.412925220000000195e+02
3.417837920000000054e+02
3.423582660000000146e+02
3.429922220000000266e+02
3.434248680000000036e+02
3.437678760000000011e+02
3.443793699999999944e+02
3.447837380000000280e+02
3.453587640000000079e+02
3.457498340000000212e+02
3.464711819999999989e+02
3.468932060000000206e+02
3.474186639999999784e+02
3.478469600000000241e+02
3.482985860000000002e+02
3.489963880000000245e+02
3.492845679999999788e+02
3.499671319999999923e+02
3.504123900000000162e+02
3.509419839999999908e+02
3.513707580000000235e+02
3.519715100000000234e+02
3.524146779999999808e+02
3.530174000000000092e+02
3.534338359999999852e+02
3.539112539999999854e+02
3.544284499999999980e+02
3.548100499999999897e+02
3.419079140000000052e+02
3.276394960000000083e+02
3.192384000000000128e+02
3.125609279999999899e+02
3.069179819999999950e+02
3.018204079999999863e+02
2.973166200000000003e+02
2.931045639999999821e+02
2.892326219999999921e+02
2.856444960000000037e+02
2.822764900000000239e+02
2.789963539999999966e+02
2.759585079999999948e+02
2.730003500000000258e+02
2.701213559999999916e+02
2.673431580000000167e+02
2.646988479999999981e+02
2.622865080000000262e+02
2.598068119999999794e+02
2.573360359999999787e+02
2.550392099999999971e+02
2.527408240000000035e+02
2.505928739999999948e+02
2.484958359999999971e+02
2.463448400000000049e+02
2.442511399999999924e+02
2.422010559999999941e+02
2.402185320000000104e+02
2.383543520000000058e+02
2.364483480000000100e+02
2.346109500000000025e+02
2.327664959999999894e+02
2.310269279999999981e+02
2.291622360000000072e+02
2.275334499999999878e+02
2.257213900000000137e+02
2.241042180000000030e+02
2.224793720000000121e+02
2.208211740000000134e+02
2.192637200000000064e+02
2.175412200000000098e+02
2.160505860000000098e+02
2.145412479999999960e+02
2.129334920000000011e+02
2.114122279999999989e+02
2.099745699999999999e+02
2.084844799999999907e+02
2.069970779999999877e+02
2.056262619999999970e+02
2.042140520000000095e+02
2.028478000000000065e+02
2.014591560000000072e+02
2.000942780000000027e+02
1.987257600000000082e+02
1.973068179999999927e+02
1.960373800000000131e+02
1.946748120000000029e+02
1.934220880000000022e+02
1.921098880000000122e+02
1.908494880000000080e+02
1.894589520000000107e+02
1.882767320000000097e+02
1.869056520000000035e+02
1.858048900000000003e+02
1.844916780000000074e+02
1.833331699999999955e+02
1.820499499999999955e+02
1.809566719999999975e+02
1.796813319999999976e+02
1.784982599999999877e+02
1.773280000000000030e+02
1.762397280000000137e+02
1.750307039999999859e+02
1.738472700000000088e+02
1.727735739999999964e+02
1.715800560000000132e+02
1.704105140000000063e+02
1.693322540000000060e+02
1.682064640000000111e+02
1.671197940000000131e+02
1.660527099999999905e+02
1.648872259999999983e+02
1.638892539999999940e+02
1.627608620000000030e+02
1.616363259999999968e+02
1.606637420000000134e+02
1.595920519999999954e+02
1.585149680000000103e+02
1.574636739999999975e+02
1.564371199999999931e+02
1.554060159999999939e+02
1.544030840000000069e+02
1.533940320000000099e+02
1.522878479999999968e+02
1.513189680000000124e+02
1.502678479999999865e+02
1.493093240000000037e+02
1.483362119999999891e+02
1.472664399999999887e+02
1.463080759999999998e+02
1.453123659999999973e+02
1.443475660000000005e+02
1.434140060000000005e+02
1.425084139999999877e+02
1.414578419999999994e+02
1.404834119999999871e+02
1.395840800000000002e+02
1.386038580000000024e+02
1.376056600000000003e+02
1.367095239999999876e+02
1.357343659999999943e+02
1.349296520000000044e+02
1.339072659999999928e+02
1.330463180000000136e+02
1.320885159999999985e+02
1.311631600000000049e+02
1.303203819999999951e+02
1.293283020000000079e+02
1.284238359999999943e+02
1.275708259999999967e+02
1.266248199999999997e+02
1.257661820000000006e+02
1.248117840000000029e+02
1.238536040000000042e+02
1.230405839999999955e+02
1.221453080000000000e+02
1.212224319999999977e+02
1.203715559999999982e+02
1.195406040000000019e+02
1.186306759999999940e+02
1.177958679999999987e+02
1.169088299999999947e+02
1.160124200000000059e+02
1.151690179999999941e+02
1.143514179999999953e+02
1.134973939999999999e+02
1.125996980000000036e+02
1.118522300000000058e+02
1.109760600000000039e+02
1.100899079999999941e+02
1.092810520000000025e+02
1.084097900000000010e+02
1.075868839999999977e+02
1.067384059999999977e+02
1.058989600000000024e+02
1.050689799999999963e+02
1.042555360000000064e+02
1.034128280000000046e+02
1.025906520000000057e+02
1.018260300000000029e+02
1.009900920000000042e+02
1.001805159999999972e+02
9.935390999999999906e+01
9.850248799999999960e+01
9.771113200000000631e+01
9.692936600000000169e+01
9.611469400000000007e+01
9.533321599999999307e+01
9.458145000000000380e+01
9.371357199999999921e+01
9.291653800000000274e+01
9.216245399999999677e+01
9.139068199999999820e+01
9.059227599999999825e+01
8.978760400000000175e+01
8.905191399999999646e+01
8.827704199999999446e+01
8.743873999999999569e+01
8.662175200000000075e+01
8.591766599999999698e+01
8.513739999999999952e+01
8.435639199999999960e+01
8.353272800000000586e+01
8.281199200000000360e+01
8.203514800000000662e+01
8.125501400000000274e+01
8.054554400000000669e+01
7.971674799999999550e+01
7.900665200000000254e+01
7.822799200000000042e+01
7.755035999999999774e+01
7.670203600000000677e+01
7.594004599999999527e+01
7.522172000000000480e+01
7.448407600000000173e+01
7.375893600000000561e+01
7.292099000000000331e+01
7.218794200000000671e+01
7.150481800000000021e+01
7.075475199999999631e+01
6.997109600000000285e+01
6.923089600000000132e+01
6.846940200000000232e+01
6.779869999999999663e+01
6.702889600000000314e+01
6.629599600000000237e+01
6.554817199999999389e+01
6.483897399999999323e+01
6.412695800000000190e+01
6.337124599999999930e+01
6.266130199999999917e+01
6.192947999999999809e+01
6.124806199999999734e+01
6.047818199999999678e+01
5.975091799999999864e+01
5.905827399999999727e+01
5.831281400000000303e+01
5.762526400000000137e+01
5.689873200000000253e+01
5.617996399999999824e+01
5.548278400000000232e+01
5.476003800000000155e+01
5.408644999999999925e+01
5.335656999999999783e+01
5.263184600000000302e+01
5.191770600000000258e+01
5.122076200000000057e+01
5.049616799999999728e+01
4.977692799999999806e+01
4.912529399999999669e+01
4.839421800000000218e+01
4.768182000000000187e+01
4.699053800000000081e+01
4.630129600000000067e+01
4.562928999999999746e+01
4.491372199999999992e+01
4.420261800000000108e+01
4.350634199999999652e+01
4.281983000000000317e+01
4.212463999999999942e+01
4.142297800000000052e+01
4.076363800000000026e+01
4.006811199999999928e+01
3.936106199999999689e+01
3.866754000000000246e+01
3.800232400000000155e+01
3.731225200000000086e+01
3.662968200000000252e+01
3.592171799999999848e+01
3.526181199999999905e+01
3.460439999999999827e+01
3.390979000000000099e+01
3.320912400000000275e+01
3.253510800000000103e+01
3.183748200000000139e+01
3.118795400000000129e+01
3.052422400000000025e+01
2.985101200000000077e+01
2.919014400000000009e+01
2.848826400000000092e+01
2.781862200000000129e+01
2.717295400000000072e+01
2.649461200000000005e+01
2.581175400000000053e+01
2.514635200000000026e+01
2.446629199999999926e+01
2.380996199999999874e+01
2.314139399999999824e+01
2.248518599999999878e+01
2.181300799999999995e+01
2.118255399999999966e+01
2.050074000000000041e+01
1.981376399999999904e+01
1.916210200000000086e+01
1.852746199999999988e+01
1.783581200000000067e+01
1.718917400000000129e+01
1.656202800000000153e+01
1.587845000000000084e+01
1.521634399999999943e+01
1.456672999999999973e+01
1.391982600000000048e+01
1.325008599999999959e+01
1.258825000000000038e+01
1.194384200000000007e+01
1.128585999999999956e+01
1.064292599999999922e+01
9.999053999999999220e+00
9.336797999999999931e+00
8.692671999999999954e+00
8.027813999999999339e+00
7.403497999999999912e+00
6.745720000000000383e+00
6.105319999999999858e+00
5.459745999999999988e+00
4.812748000000000026e+00
4.163374000000000130e+00
3.536195999999999895e+00
2.882137999999999867e+00
2.244857999999999798e+00
1.598872000000000071e+00
9.579980000000000162e-01
3.200379999999999892e-01
L=10.0,N=400,T=1.0,r=0.16,eta=0.32169908772759487,t=577.6191918849945s