0.000000000000000000e+00
0.000000000000000000e+00
0.000000000000000000e+00
0.000000000000000000e+00
0.000000000000000000e+00
0.000000000000000000e+00
0.000000000000000000e+00
0.000000000000000000e+00
0.000000000000000000e+00
0.000000000000000000e+00
0.000000000000000000e+00
0.000000000000000000e+00
0.000000000000000000e+00
0.000000000000000000e+00
0.000000000000000000e+00
0.000000000000000000e+00
0.000000000000000000e+00
0.000000000000000000e+00
0.000000000000000000e+00
0.000000000000000000e+00
0.000000000000000000e+00
0.000000000000000000e+00
0.000000000000000000e+00
0.000000000000000000e+00
0.000000000000000000e+00
0.000000000000000000e+00
0.000000000000000000e+00
0.000000000000000000e+00
0.000000000000000000e+00
0.000000000000000000e+00
0.000000000000000000e+00
0.000000000000000000e+00
0.000000000000000000e+00
0.000000000000000000e+00
0.000000000000000000e+00
0.000000000000000000e+00
0.000000000000000000e+00
0.000000000000000000e+00
0.000000000000000000e+00
0.000000000000000000e+00
0.000000000000000000e+00
0.000000000000000000e+00
0.000000000000000000e+00
0.000000000000000000e+00
0.000000000000000000e+00
7.720250799999999458e+01
1.007504380000000026e+02
9.804744800000000282e+01
9.567339200000000687e+01
9.316987600000000214e+01
9.049020199999999647e+01
8.848805000000000121e+01
8.602692799999999806e+01
8.368599399999999378e+01
8.176106599999999958e+01
8.000387000000000626e+01
7.778542799999999602e+01
7.599604600000000687e+01
7.442403000000000191e+01
7.269759200000000021e+01
7.108249800000000107e+01
6.984448000000000434e+01
6.826621199999999590e+01
6.734076399999999296e+01
6.598288800000000265e+01
6.464763800000000060e+01
6.369651000000000352e+01
6.262539000000000300e+01
6.180320199999999886e+01
6.101959399999999789e+01
6.039528800000000075e+01
5.968198600000000198e+01
5.892947199999999697e+01
5.873484799999999950e+01
5.818645599999999973e+01
5.805227000000000004e+01
5.786941399999999902e+01
5.800157399999999797e+01
5.782421800000000189e+01
5.824806600000000145e+01
5.851032800000000123e+01
5.878335799999999978e+01
5.960204600000000141e+01
6.034796800000000161e+01
6.148019000000000034e+01
6.258311599999999686e+01
6.397070999999999685e+01
6.559156600000000026e+01
6.771020599999999945e+01
7.007595399999999586e+01
7.350280200000000264e+01
7.720693599999999890e+01
8.127688799999999958e+01
8.466966999999999643e+01
8.757007600000000025e+01
9.026152199999999937e+01
9.268164000000000158e+01
9.486807799999999702e+01
9.709312599999999804e+01
9.866211800000000665e+01
1.002734379999999987e+02
1.017678480000000008e+02
1.029766019999999997e+02
1.040686019999999985e+02
1.050324779999999976e+02
1.058785340000000019e+02
1.068218200000000024e+02
1.071902199999999965e+02
1.075517540000000025e+02
1.080957980000000020e+02
1.084284420000000040e+02
1.089595479999999981e+02
1.091031880000000029e+02
1.093269839999999959e+02
1.094412820000000011e+02
1.098272199999999970e+02
1.102373439999999931e+02
1.103037259999999975e+02
1.103833139999999986e+02
1.104328540000000061e+02
1.106490739999999988e+02
1.108696060000000045e+02
1.111264780000000059e+02
1.113913739999999990e+02
1.116183860000000010e+02
1.121731699999999989e+02
1.123650339999999943e+02
1.130013299999999958e+02
1.135520819999999986e+02
1.141737660000000005e+02
1.151145759999999996e+02
1.154736580000000004e+02
1.162167299999999983e+02
1.172901399999999938e+02
1.184208419999999933e+02
1.194114280000000008e+02
1.205471160000000026e+02
1.218820860000000010e+02
1.232474100000000021e+02
1.244846160000000026e+02
1.259281940000000048e+02
1.274173700000000053e+02
1.286472060000000113e+02
1.298767080000000078e+02
1.315047639999999944e+02
1.327000199999999950e+02
1.343753379999999993e+02
1.354841279999999983e+02
1.370022339999999872e+02
1.380724999999999909e+02
1.393106160000000102e+02
1.403858600000000081e+02
1.413547820000000002e+02
1.426032659999999908e+02
1.436746939999999881e+02
1.447685559999999896e+02
1.457439479999999890e+02
1.467149760000000072e+02
1.475598699999999894e+02
1.484534360000000106e+02
1.492270619999999894e+02
1.499244559999999922e+02
1.508205020000000047e+02
1.518422099999999944e+02
1.522283219999999915e+02
1.531053939999999898e+02
1.538454319999999882e+02
1.544552700000000129e+02
1.551523720000000139e+02
1.560846180000000061e+02
1.568713579999999865e+02
1.575695719999999937e+02
1.579718340000000012e+02
1.588342039999999997e+02
1.596143020000000092e+02
1.606164939999999888e+02
1.610486799999999903e+02
1.617371259999999893e+02
1.622782039999999881e+02
1.636230239999999867e+02
1.643491040000000112e+02
1.652353459999999927e+02
1.657744240000000104e+02
1.667520460000000071e+02
1.676842240000000004e+02
1.691225680000000011e+02
1.695916679999999985e+02
1.706488720000000114e+02
1.715173020000000008e+02
1.723420020000000079e+02
1.732114500000000135e+02
1.746231740000000059e+02
1.755869920000000093e+02
1.764134579999999914e+02
1.776368040000000121e+02
1.788011840000000063e+02
1.797773099999999999e+02
1.804937820000000102e+02
1.817231519999999989e+02
1.826242959999999869e+02
1.839476620000000082e+02
1.849063079999999957e+02
1.857330819999999960e+02
1.868662759999999992e+02
1.878552280000000110e+02
1.884740140000000110e+02
1.894511919999999918e+02
1.906648040000000037e+02
1.915496459999999956e+02
1.925906899999999951e+02
1.934313779999999952e+02
1.942851520000000107e+02
1.952382560000000069e+02
1.961478820000000098e+02
1.970803060000000073e+02
1.979178359999999941e+02
1.987334040000000073e+02
1.996007140000000106e+02
2.003927380000000085e+02
2.015379120000000057e+02
2.024658259999999927e+02
2.029327159999999992e+02
2.042521279999999990e+02
2.046188779999999952e+02
2.055827519999999993e+02
2.064862939999999867e+02
2.076600300000000061e+02
2.082888320000000135e+02
2.092021680000000003e+02
2.098671679999999924e+02
2.108908099999999877e+02
2.118777599999999950e+02
2.127884659999999997e+02
2.132654839999999865e+02
2.145397440000000131e+02
2.152678099999999972e+02
2.160574780000000032e+02
2.172806940000000111e+02
2.181522380000000112e+02
2.189099019999999882e+02
2.199031259999999861e+02
2.209372119999999882e+02
2.217800340000000006e+02
2.227233840000000100e+02
2.238591380000000015e+02
2.248468839999999886e+02
2.259361539999999877e+02
2.263271139999999946e+02
2.273930440000000033e+02
2.284666560000000004e+02
2.294784940000000120e+02
2.301670340000000010e+02
2.315562539999999956e+02
2.320809340000000134e+02
2.332772439999999960e+02
2.340802979999999991e+02
2.350220419999999990e+02
2.357329239999999970e+02
2.371316980000000001e+02
2.377519700000000000e+02
2.385255139999999869e+02
2.393479700000000037e+02
2.404444919999999968e+02
2.415042899999999975e+02
2.423179560000000095e+02
2.437963680000000011e+02
2.443138920000000098e+02
2.452716680000000053e+02
2.459695079999999905e+02
2.471166320000000098e+02
2.479368780000000072e+02
2.489405059999999992e+02
2.496000019999999893e+02
2.504967880000000093e+02
2.517337980000000073e+02
2.522884019999999907e+02
2.532592420000000004e+02
2.539067579999999964e+02
2.550916679999999985e+02
2.561933440000000246e+02
2.568967739999999935e+02
2.579189180000000192e+02
2.588287839999999846e+02
2.592957640000000197e+02
2.605044379999999933e+02
2.612702140000000099e+02
2.624727940000000217e+02
2.630609180000000151e+02
2.641101100000000201e+02
2.648954899999999952e+02
2.661474299999999857e+02
2.665742220000000202e+02
2.677933179999999993e+02
2.689609580000000051e+02
2.697735400000000254e+02
2.704318819999999732e+02
2.714328279999999722e+02
2.720406639999999925e+02
2.735330920000000106e+02
2.743718999999999824e+02
2.748839280000000258e+02
2.763015720000000215e+02
2.771330500000000256e+02
2.778369940000000042e+02
2.790132019999999784e+02
2.797070079999999734e+02
2.805946119999999837e+02
2.818243200000000002e+02
2.826905160000000024e+02
2.831445659999999975e+02
2.844865960000000200e+02
2.856371320000000082e+02
2.868286360000000172e+02
2.872216300000000047e+02
2.880388120000000072e+02
2.889893040000000042e+02
2.901781619999999862e+02
2.907501280000000179e+02
2.920016640000000052e+02
2.923556239999999775e+02
2.936011359999999968e+02
2.943981999999999744e+02
2.953193400000000111e+02
2.962584360000000174e+02
2.972487219999999866e+02
2.978859600000000114e+02
2.988676699999999755e+02
3.000317900000000009e+02
3.010213660000000004e+02
3.017086560000000190e+02
3.029796759999999836e+02
3.035857980000000111e+02
3.045608159999999884e+02
3.053304660000000013e+02
3.066462779999999952e+02
3.072919860000000085e+02
3.079967859999999860e+02
3.090647900000000163e+02
3.102694139999999834e+02
3.110679499999999962e+02
3.114376199999999812e+02
3.123720280000000002e+02
3.133527700000000209e+02
3.144272780000000012e+02
3.154981119999999919e+02
3.161973499999999717e+02
3.174514459999999758e+02
3.183816279999999779e+02
3.191969060000000127e+02
3.196384239999999863e+02
3.212008240000000114e+02
3.222438440000000242e+02
3.223604540000000043e+02
3.237294999999999732e+02
3.247869600000000219e+02
3.258561520000000087e+02
3.266708039999999755e+02
3.276535579999999754e+02
3.281278060000000210e+02
3.293177860000000123e+02
3.302441959999999881e+02
3.310441260000000057e+02
3.319921420000000012e+02
3.333292260000000056e+02
3.343556899999999814e+02
3.347417159999999967e+02
3.357709100000000149e+02
3.370438260000000241e+02
3.374068359999999984e+02
3.383014339999999720e+02
3.394680559999999900e+02
3.403788040000000024e+02
3.414849540000000161e+02
3.421287500000000250e+02
3.427502220000000079e+02
3.440985380000000191e+02
3.448474479999999858e+02
3.457012899999999718e+02
3.467785460000000057e+02
3.470418359999999893e+02
3.479779239999999731e+02
3.493140280000000075e+02
3.502665380000000255e+02
3.514625839999999926e+02
3.520529980000000023e+02
3.527800960000000146e+02
3.539109780000000001e+02
3.550430279999999925e+02
3.556518659999999841e+02
3.561920359999999732e+02
3.576099219999999832e+02
3.585904439999999909e+02
3.596169919999999820e+02
3.602147340000000213e+02
3.614054080000000226e+02
3.621193519999999921e+02
3.627047279999999887e+02
3.643107699999999909e+02
3.648453600000000279e+02
3.658046899999999937e+02
3.670626139999999964e+02
3.678879079999999817e+02
3.685113660000000095e+02
3.695079259999999977e+02
3.705180700000000229e+02
3.713268239999999878e+02
3.722918000000000234e+02
3.733100640000000112e+02
3.743902620000000070e+02
3.751754220000000259e+02
3.758800519999999779e+02
3.770774799999999800e+02
3.782818480000000250e+02
3.787360499999999774e+02
3.798238759999999843e+02
3.810550220000000081e+02
3.814922419999999761e+02
3.827764879999999721e+02
3.837807199999999739e+02
3.838836660000000052e+02
3.850776559999999904e+02
3.860305920000000128e+02
3.868347059999999829e+02
3.879170780000000036e+02
3.886405359999999973e+02
3.893632880000000114e+02
3.905572619999999802e+02
3.918108940000000189e+02
3.923934419999999932e+02
3.933229799999999727e+02
3.939400019999999927e+02
3.950935000000000059e+02
3.959282220000000052e+02
3.971729260000000181e+02
3.976774540000000115e+02
3.982914819999999736e+02
3.994701420000000098e+02
4.008566720000000032e+02
4.014327999999999861e+02
4.024077960000000189e+02
4.035270100000000184e+02
4.044198959999999943e+02
4.052277839999999856e+02
4.060173320000000103e+02
4.068726619999999912e+02
4.084904179999999769e+02
4.087007699999999772e+02
4.101906339999999886e+02
4.111887520000000222e+02
4.118070900000000165e+02
4.123717540000000099e+02
4.130071760000000154e+02
4.143241479999999797e+02
4.153100339999999733e+02
4.164296759999999722e+02
4.173857679999999846e+02
4.180590000000000259e+02
4.190948579999999879e+02
4.205912339999999858e+02
4.210612740000000258e+02
4.219313960000000066e+02
4.225311859999999911e+02
4.236226100000000088e+02
4.247429000000000201e+02
4.258618240000000128e+02
4.261102520000000027e+02
4.274148020000000088e+02
4.281354440000000068e+02
4.290407460000000128e+02
4.304651220000000080e+02
4.306691880000000197e+02
4.316598339999999894e+02
4.328246439999999780e+02
4.332217620000000124e+02
4.348225699999999847e+02
4.353618020000000115e+02
4.363703960000000279e+02
4.372964039999999954e+02
4.383893919999999866e+02
4.385838400000000092e+02
4.398710419999999885e+02
4.414838679999999727e+02
4.415592780000000062e+02
4.429545259999999871e+02
4.435660120000000006e+02
4.446150319999999851e+02
4.457960640000000012e+02
4.462405439999999999e+02
4.475082140000000095e+02
4.483137939999999730e+02
4.489349060000000122e+02
4.500426560000000222e+02
4.505138999999999783e+02
4.520527920000000108e+02
4.532524199999999723e+02
4.536792100000000119e+02
4.545641899999999964e+02
4.552915219999999863e+02
4.563877400000000080e+02
4.572532279999999787e+02
4.583959960000000251e+02
4.594213320000000067e+02
4.606861519999999928e+02
4.617578240000000278e+02
4.625388360000000034e+02
4.631711500000000115e+02
4.641774899999999775e+02
4.649178860000000100e+02
4.657532979999999725e+02
4.665492699999999786e+02
4.676365260000000035e+02
4.681974860000000263e+02
4.694716339999999946e+02
4.707582899999999881e+02
4.711002060000000142e+02
4.723888400000000161e+02
4.728473539999999957e+02
4.741394020000000182e+02
4.752160900000000083e+02
4.759904819999999859e+02
4.758881680000000074e+02
4.779322700000000168e+02
4.783109999999999786e+02
4.792595239999999990e+02
4.805585699999999747e+02
4.812887099999999805e+02
4.824693320000000085e+02
4.825431040000000280e+02
4.841018540000000030e+02
4.849033620000000155e+02
4.860098479999999768e+02
4.868026760000000195e+02
4.877963740000000143e+02
4.889875559999999837e+02
4.898100600000000213e+02
4.899837140000000204e+02
4.910518559999999866e+02
4.919458500000000072e+02
4.928568139999999858e+02
4.938869139999999902e+02
4.954505459999999744e+02
4.957777080000000183e+02
4.966066959999999995e+02
4.971834999999999809e+02
4.986286799999999744e+02
4.995292499999999905e+02
5.002570759999999837e+02
5.016603279999999927e+02
5.029636780000000158e+02
5.037433919999999716e+02
5.042174059999999827e+02
5.050020599999999718e+02
5.056224280000000135e+02
5.072038719999999898e+02
5.080864280000000122e+02
5.091285260000000221e+02
5.099271679999999947e+02
5.109794999999999732e+02
5.117878680000000031e+02
5.121506660000000011e+02
5.131392180000000280e+02
5.143793920000000526e+02
5.150210339999999860e+02
5.155204860000000053e+02
5.168842839999999796e+02
5.181890959999999495e+02
5.193105460000000448e+02
5.199338119999999890e+02
5.203820259999999962e+02
5.213500139999999874e+02
5.227162319999999909e+02
5.239153479999999945e+02
5.241226080000000138e+02
5.249283239999999751e+02
5.262548960000000307e+02
5.273501880000000028e+02
5.279282319999999800e+02
5.289605579999999918e+02
5.297064800000000560e+02
5.306096400000000131e+02
5.314232040000000552e+02
5.328874419999999645e+02
5.337058540000000448e+02
5.344146019999999453e+02
5.351132420000000138e+02
5.363262140000000500e+02
5.365633699999999635e+02
5.383063560000000507e+02
5.386446680000000242e+02
5.400719759999999496e+02
5.402801699999999983e+02
5.418149859999999762e+02
5.424521620000000439e+02
5.438812020000000302e+02
5.450490800000000036e+02
5.455503380000000107e+02
5.468705860000000030e+02
5.470427640000000338e+02
5.481781559999999445e+02
5.489020299999999679e+02
5.501380480000000261e+02
5.506957039999999779e+02
5.518745760000000473e+02
5.523830980000000181e+02
5.538700280000000475e+02
5.543795699999999442e+02
5.559435459999999694e+02
5.562102820000000065e+02
5.575464699999999993e+02
5.577126680000000079e+02
5.592507540000000290e+02
5.602332679999999527e+02
5.611134160000000293e+02
5.617822139999999536e+02
5.627971459999999979e+02
5.633440219999999954e+02
5.649705699999999524e+02
5.657548860000000559e+02
5.664192000000000462e+02
5.677504840000000286e+02
5.685736520000000382e+02
5.692197419999999966e+02
5.704443700000000490e+02
5.710752639999999474e+02
5.719631779999999708e+02
5.725183540000000448e+02
5.734569060000000036e+02
5.738791840000000093e+02
5.758243879999999990e+02
5.767442819999999983e+02
5.768775080000000344e+02
5.782597839999999678e+02
5.792069739999999456e+02
5.802834460000000263e+02
5.810420540000000074e+02
5.819389559999999619e+02
5.835801699999999528e+02
5.837558840000000373e+02
5.846556140000000141e+02
5.853734060000000454e+02
5.863019719999999779e+02
5.872925659999999652e+02
5.889398539999999684e+02
5.897862199999999575e+02
5.901703999999999724e+02
5.910289259999999558e+02
5.921420180000000073e+02
5.932392240000000356e+02
5.943960419999999658e+02
5.949381700000000137e+02
5.959585839999999735e+02
5.969111400000000458e+02
5.974771339999999782e+02
5.983382659999999760e+02
5.996915299999999434e+02
6.005221920000000182e+02
6.011370839999999589e+02
6.018258100000000468e+02
6.030143940000000384e+02
6.040059979999999769e+02
6.052054239999999936e+02
6.059560020000000122e+02
6.063052199999999630e+02
6.080534820000000309e+02
6.089466240000000425e+02
6.097473760000000311e+02
6.105713719999999967e+02
6.114701380000000199e+02
6.121834740000000465e+02
6.130310180000000173e+02
6.140389040000000023e+02
6.150301680000000033e+02
6.160283299999999826e+02
6.167191639999999779e+02
6.177210659999999507e+02
6.186708159999999452e+02
6.195192180000000235e+02
6.204912219999999934e+02
6.213264840000000504e+02
6.218724899999999707e+02
6.232543859999999540e+02
6.245727200000000039e+02
6.247251979999999776e+02
6.256179519999999457e+02
6.270042879999999741e+02
6.275213260000000446e+02
6.290407000000000153e+02
6.293752439999999524e+02
6.313056779999999435e+02
6.312337320000000318e+02
6.322571460000000343e+02
6.334123919999999544e+02
6.344779140000000552e+02
6.350237879999999677e+02
6.363810799999999972e+02
6.369063539999999648e+02
6.374162979999999834e+02
6.388098119999999653e+02
6.401040560000000141e+02
6.409959840000000213e+02
6.414774200000000519e+02
6.423986899999999878e+02
6.435299420000000055e+02
6.440855500000000120e+02
6.452989099999999780e+02
6.458813020000000051e+02
6.468957699999999704e+02
6.235004380000000310e+02
5.970216259999999693e+02
5.820918560000000070e+02
5.697639980000000151e+02
5.598550099999999929e+02
5.505881500000000415e+02
5.421367539999999963e+02
5.344170579999999973e+02
5.277422139999999899e+02
5.209490299999999934e+02
5.146002999999999474e+02
5.088765500000000088e+02
5.030216260000000261e+02
4.977130839999999807e+02
4.925749059999999986e+02
4.871828279999999722e+02
4.829507159999999999e+02
4.776978720000000180e+02
4.733761139999999727e+02
4.690037540000000149e+02
4.646873919999999885e+02
4.607001639999999725e+02
4.566536820000000034e+02
4.526668020000000183e+02
4.490135859999999752e+02
4.450856440000000021e+02
4.415369900000000030e+02
4.380521219999999971e+02
4.342654779999999732e+02
4.312383140000000026e+02
4.276879880000000185e+02
4.243230520000000183e+02
4.212370099999999979e+02
4.176443639999999959e+02
4.148406820000000153e+02
4.119537199999999757e+02
4.086571539999999914e+02
4.057287119999999732e+02
4.028969819999999800e+02
3.998629460000000222e+02
3.967381399999999871e+02
3.941436959999999772e+02
3.906871520000000260e+02
3.884649360000000229e+02
3.853500300000000038e+02
3.831310240000000249e+02
3.802939119999999775e+02
3.772171920000000114e+02
3.749675940000000196e+02
3.725110080000000039e+02
3.698502460000000269e+02
3.674001440000000116e+02
3.645130639999999858e+02
3.623595359999999914e+02
3.598255139999999983e+02
3.573545859999999834e+02
3.547882179999999721e+02
3.525145580000000223e+02
3.500563880000000268e+02
3.478880619999999908e+02
3.453808260000000132e+02
3.431911039999999957e+02
3.406381359999999745e+02
3.385874119999999721e+02
3.362974580000000060e+02
3.341240980000000036e+02
3.319850260000000048e+02
3.299286280000000033e+02
3.276227200000000153e+02
3.253461179999999899e+02
3.232165219999999977e+02
3.206345339999999737e+02
3.189706739999999741e+02
3.172320720000000165e+02
3.152103379999999788e+02
3.126698059999999941e+02
3.105334619999999859e+02
3.088693240000000060e+02
3.069175900000000183e+02
3.050534880000000157e+02
3.026608100000000263e+02
3.008972580000000221e+02
2.987062619999999811e+02
2.964819560000000251e+02
2.946188419999999724e+02
2.929297920000000204e+02
2.907345819999999890e+02
2.891828140000000076e+02
2.873481939999999781e+02
2.850971819999999752e+02
2.837338980000000106e+02
2.814132520000000000e+02
2.797537340000000086e+02
2.778701360000000022e+02
2.760251000000000090e+02
2.737167800000000284e+02
2.722096040000000130e+02
2.706305459999999812e+02
2.686018500000000131e+02
2.670126839999999788e+02
2.649562940000000140e+02
2.630984100000000012e+02
2.615375199999999722e+02
2.598023239999999987e+02
2.576398720000000253e+02
2.558154800000000080e+02
2.545787180000000092e+02
2.526278140000000008e+02
2.507699959999999919e+02
2.494350000000000023e+02
2.477209139999999934e+02
2.457385260000000073e+02
2.443780559999999866e+02
2.423899979999999914e+02
2.407863260000000025e+02
2.391295440000000099e+02
2.375492380000000026e+02
2.355663099999999872e+02
2.342871680000000083e+02
2.324126080000000059e+02
2.308460279999999898e+02
2.289007799999999975e+02
2.276730320000000063e+02
2.259476860000000045e+02
2.243307320000000118e+02
2.229859480000000076e+02
2.210023459999999886e+02
2.193918280000000038e+02
2.177545279999999934e+02
2.164258240000000058e+02
2.147893980000000056e+02
2.130920260000000042e+02
2.114905840000000126e+02
2.102755119999999920e+02
2.087926559999999938e+02
2.068569160000000124e+02
2.051877479999999991e+02
2.036029359999999997e+02
2.022102280000000007e+02
2.006930120000000102e+02
1.993010999999999910e+02
1.976111280000000079e+02
1.963236819999999909e+02
1.946452840000000037e+02
1.929107640000000004e+02
1.915571480000000122e+02
1.901028379999999913e+02
1.883668580000000077e+02
1.870427300000000059e+02
1.854841580000000079e+02
1.839657479999999907e+02
1.827302359999999908e+02
1.812659940000000063e+02
1.795814819999999941e+02
1.782938519999999869e+02
1.766701559999999915e+02
1.752404679999999928e+02
1.737268439999999998e+02
1.724758040000000108e+02
1.707715139999999963e+02
1.695279979999999966e+02
1.678516500000000065e+02
1.668857519999999965e+02
1.650801179999999988e+02
1.637065839999999923e+02
1.621603020000000015e+02
1.609007760000000076e+02
1.597405660000000012e+02
1.579980740000000026e+02
1.567374199999999860e+02
1.553160939999999925e+02
1.540095200000000091e+02
1.520679499999999962e+02
1.509295920000000137e+02
1.495437839999999881e+02
1.483885579999999891e+02
1.469832260000000019e+02
1.455041720000000112e+02
1.439196440000000052e+02
1.426792100000000119e+02
1.413188440000000128e+02
1.398070380000000057e+02
1.387408079999999870e+02
1.374995179999999948e+02
1.357661420000000021e+02
1.342224579999999889e+02
1.331611240000000009e+02
1.315686239999999998e+02
1.301385139999999865e+02
1.288622440000000040e+02
1.274572919999999954e+02
1.262578100000000063e+02
1.248704979999999978e+02
1.236055779999999942e+02
1.220409580000000034e+02
1.209131040000000041e+02
1.195526679999999971e+02
1.183148819999999972e+02
1.168695040000000063e+02
1.154567420000000055e+02
1.139971740000000011e+02
1.129640579999999943e+02
1.113441920000000067e+02
1.101631480000000067e+02
1.089698879999999974e+02
1.076905919999999952e+02
1.064840439999999973e+02
1.050261320000000040e+02
1.038042200000000008e+02
1.022175880000000063e+02
1.013156180000000006e+02
1.000593719999999962e+02
9.852755399999999497e+01
9.718479000000000667e+01
9.601255600000000356e+01
9.469622800000000495e+01
9.332520399999999938e+01
9.205652200000000107e+01
9.087935199999999725e+01
8.976183199999999829e+01
8.815001599999999371e+01
8.713641200000000708e+01
8.576470000000000482e+01
8.431780600000000447e+01
8.297624399999999412e+01
8.198637200000000291e+01
8.069134400000000085e+01
7.960879199999999400e+01
7.799762800000000595e+01
7.689644400000000246e+01
7.570747799999999472e+01
7.431102599999999825e+01
7.304080199999999934e+01
7.166210200000000441e+01
7.056710400000000050e+01
6.920610999999999535e+01
6.784924800000000289e+01
6.664212600000000464e+01
6.550132800000000088e+01
6.440293200000000695e+01
6.304460399999999964e+01
6.187999200000000144e+01
6.049278799999999734e+01
5.934768400000000099e+01
5.817929399999999873e+01
5.680189599999999928e+01
5.559542199999999923e+01
5.432952800000000337e+01
5.322715000000000174e+01
5.190887200000000234e+01
5.061722000000000321e+01
4.946924599999999828e+01
4.827360800000000296e+01
4.708256200000000291e+01
4.591255000000000308e+01
4.442187200000000047e+01
4.352722800000000092e+01
4.216275399999999962e+01
4.102275800000000316e+01
3.970029999999999859e+01
3.856055200000000127e+01
3.733897799999999734e+01
3.618481799999999993e+01
3.499923600000000334e+01
3.379949799999999982e+01
3.248644000000000176e+01
3.124855600000000067e+01
3.015595000000000070e+01
2.891102400000000117e+01
2.773099200000000053e+01
2.660113000000000127e+01
2.543054400000000115e+01
2.422045800000000071e+01
2.297752600000000101e+01
2.183093399999999917e+01
2.064595800000000025e+01
1.935932999999999993e+01
1.823633999999999844e+01
1.701964800000000011e+01
1.589943599999999968e+01
1.455722800000000028e+01
1.342672800000000066e+01
1.235397799999999968e+01
1.120638199999999962e+01
9.951290000000000191e+00
8.788323999999999359e+00
7.650625999999999927e+00
6.428805999999999798e+00
5.270710000000000228e+00
4.067936000000000440e+00
2.925755999999999801e+00
1.756397999999999904e+00
5.775879999999999903e-01
L=10.0,N=540,T=1.0,r=0.16,eta=0.434293768432253,t=1545.4314560890198s