0.000000000000000000e+00
0.000000000000000000e+00
0.000000000000000000e+00
0.000000000000000000e+00
0.000000000000000000e+00
0.000000000000000000e+00
0.000000000000000000e+00
0.000000000000000000e+00
0.000000000000000000e+00
0.000000000000000000e+00
0.000000000000000000e+00
0.000000000000000000e+00
0.000000000000000000e+00
0.000000000000000000e+00
0.000000000000000000e+00
0.000000000000000000e+00
0.000000000000000000e+00
0.000000000000000000e+00
0.000000000000000000e+00
0.000000000000000000e+00
0.000000000000000000e+00
0.000000000000000000e+00
0.000000000000000000e+00
0.000000000000000000e+00
0.000000000000000000e+00
0.000000000000000000e+00
0.000000000000000000e+00
0.000000000000000000e+00
0.000000000000000000e+00
0.000000000000000000e+00
0.000000000000000000e+00
0.000000000000000000e+00
0.000000000000000000e+00
0.000000000000000000e+00
0.000000000000000000e+00
0.000000000000000000e+00
0.000000000000000000e+00
0.000000000000000000e+00
0.000000000000000000e+00
0.000000000000000000e+00
0.000000000000000000e+00
0.000000000000000000e+00
0.000000000000000000e+00
0.000000000000000000e+00
0.000000000000000000e+00
1.102189520000000016e+02
1.424875340000000108e+02
1.372260139999999922e+02
1.315536820000000091e+02
1.263663119999999935e+02
1.214361459999999937e+02
1.167913240000000030e+02
1.126302500000000038e+02
1.085002839999999935e+02
1.047894600000000054e+02
1.011788700000000034e+02
9.764021999999999935e+01
9.453931199999999535e+01
9.158527399999999830e+01
8.860783999999999594e+01
8.610422800000000620e+01
8.356959999999999411e+01
8.110894799999999805e+01
7.899551999999999907e+01
7.710937199999999336e+01
7.526261399999999924e+01
7.350713399999999353e+01
7.230982799999999600e+01
7.090026799999999696e+01
6.925942000000000576e+01
6.839033799999999985e+01
6.755333799999999655e+01
6.654170399999999574e+01
6.606897399999999720e+01
6.546480999999999995e+01
6.550152199999999425e+01
6.516098800000000324e+01
6.495433599999999785e+01
6.532388799999999662e+01
6.581296600000000296e+01
6.651997000000000071e+01
6.728216600000000369e+01
6.871083799999999542e+01
6.992953799999999376e+01
7.201753399999999772e+01
7.413442600000000482e+01
7.628582199999999602e+01
7.936480199999999741e+01
8.291509600000000546e+01
8.705256799999999373e+01
9.224707800000000191e+01
9.904594199999999660e+01
1.056281319999999937e+02
1.106275920000000070e+02
1.151430139999999938e+02
1.192566039999999958e+02
1.224181260000000009e+02
1.252342739999999992e+02
1.274817299999999989e+02
1.298980699999999899e+02
1.315342819999999904e+02
1.324225820000000056e+02
1.336953440000000057e+02
1.344012559999999894e+02
1.349013980000000004e+02
1.354541499999999985e+02
1.356688420000000121e+02
1.358137839999999983e+02
1.358696040000000096e+02
1.354692159999999888e+02
1.353911359999999888e+02
1.354702000000000055e+02
1.345502920000000131e+02
1.347171899999999880e+02
1.340312279999999987e+02
1.332255419999999901e+02
1.336832899999999995e+02
1.329700579999999945e+02
1.333337659999999971e+02
1.327341020000000071e+02
1.329629979999999989e+02
1.329098920000000135e+02
1.329116620000000069e+02
1.332322120000000041e+02
1.330870439999999917e+02
1.333919019999999875e+02
1.339487540000000081e+02
1.346240540000000010e+02
1.352393360000000087e+02
1.364669379999999990e+02
1.377784320000000093e+02
1.387634899999999902e+02
1.402148420000000044e+02
1.418781840000000045e+02
1.434944500000000005e+02
1.453122280000000046e+02
1.476095400000000097e+02
1.493875559999999894e+02
1.515798660000000098e+02
1.537960480000000132e+02
1.557905920000000037e+02
1.583058739999999887e+02
1.607050519999999949e+02
1.627877320000000054e+02
1.651664260000000013e+02
1.672290120000000115e+02
1.690264699999999891e+02
1.706752199999999959e+02
1.722174339999999972e+02
1.735869680000000130e+02
1.755971700000000055e+02
1.769149240000000134e+02
1.776999160000000018e+02
1.794446079999999881e+02
1.804545300000000054e+02
1.816380959999999902e+02
1.823989160000000140e+02
1.836701720000000080e+02
1.841433240000000069e+02
1.849926179999999931e+02
1.858989080000000058e+02
1.866355580000000032e+02
1.870723619999999983e+02
1.873787839999999960e+02
1.881219839999999976e+02
1.888474480000000142e+02
1.896613839999999982e+02
1.901419300000000021e+02
1.907615700000000061e+02
1.913924800000000062e+02
1.917179500000000019e+02
1.925326239999999984e+02
1.935523819999999944e+02
1.938228499999999883e+02
1.948695820000000083e+02
1.956784040000000005e+02
1.964941200000000094e+02
1.977940879999999879e+02
1.985166659999999865e+02
1.996792499999999961e+02
2.010737619999999879e+02
2.019650900000000036e+02
2.032309940000000097e+02
2.047652940000000115e+02
2.056072819999999979e+02
2.070173320000000103e+02
2.084543740000000014e+02
2.096063880000000097e+02
2.107865740000000017e+02
2.126907600000000116e+02
2.142809000000000026e+02
2.156927120000000002e+02
2.172366419999999891e+02
2.187526100000000042e+02
2.201611379999999940e+02
2.221478720000000067e+02
2.229282680000000028e+02
2.243075340000000040e+02
2.251590579999999875e+02
2.267785220000000095e+02
2.279365139999999883e+02
2.293090440000000001e+02
2.304330679999999916e+02
2.321328619999999887e+02
2.334073640000000012e+02
2.346262340000000108e+02
2.349825219999999888e+02
2.367153120000000115e+02
2.373601920000000121e+02
2.388271359999999959e+02
2.398505920000000060e+02
2.400998879999999929e+02
2.419711519999999894e+02
2.427731899999999996e+02
2.432249840000000063e+02
2.446982959999999991e+02
2.455644299999999873e+02
2.459249959999999930e+02
2.472904980000000137e+02
2.483398359999999911e+02
2.494431659999999908e+02
2.499878199999999993e+02
2.512559559999999976e+02
2.520717860000000030e+02
2.533310099999999920e+02
2.537517960000000130e+02
2.549067699999999945e+02
2.563767179999999826e+02
2.576567079999999805e+02
2.581290460000000166e+02
2.603223080000000209e+02
2.609822839999999928e+02
2.616885439999999790e+02
2.632183640000000082e+02
2.640595819999999776e+02
2.656231260000000134e+02
2.661781379999999899e+02
2.680287040000000047e+02
2.691666240000000130e+02
2.705280119999999897e+02
2.712411900000000173e+02
2.728761719999999968e+02
2.736171259999999847e+02
2.747012060000000133e+02
2.762359260000000063e+02
2.772963859999999841e+02
2.792316779999999881e+02
2.803329019999999900e+02
2.813960139999999797e+02
2.831248380000000111e+02
2.828621239999999943e+02
2.852164680000000203e+02
2.863461340000000064e+02
2.872961220000000253e+02
2.885662019999999757e+02
2.890412259999999947e+02
2.901720839999999839e+02
2.917481319999999982e+02
2.923265880000000152e+02
2.940325960000000123e+02
2.954015519999999810e+02
2.960517560000000117e+02
2.970501800000000117e+02
2.982883919999999875e+02
2.993640659999999798e+02
3.002073480000000245e+02
3.017358459999999809e+02
3.028415200000000027e+02
3.034127720000000181e+02
3.048821080000000165e+02
3.063619400000000041e+02
3.068746459999999843e+02
3.084057960000000094e+02
3.094484019999999873e+02
3.104663679999999886e+02
3.109999399999999810e+02
3.127298359999999775e+02
3.133557640000000220e+02
3.147343420000000265e+02
3.162242919999999913e+02
3.165955260000000067e+02
3.181134959999999978e+02
3.190344059999999899e+02
3.210120019999999954e+02
3.215986459999999738e+02
3.222495920000000069e+02
3.237002780000000257e+02
3.247303860000000100e+02
3.257020079999999780e+02
3.270714580000000069e+02
3.283501219999999989e+02
3.294556680000000028e+02
3.308714860000000044e+02
3.311251899999999750e+02
3.328527980000000071e+02
3.343718499999999949e+02
3.355555439999999976e+02
3.359845579999999927e+02
3.378943600000000060e+02
3.385439559999999801e+02
3.404702720000000227e+02
3.416354400000000169e+02
3.420133280000000013e+02
3.430555959999999800e+02
3.435015799999999899e+02
3.454205620000000181e+02
3.470179019999999923e+02
3.474542240000000106e+02
3.490157859999999914e+02
3.499186540000000036e+02
3.510829919999999902e+02
3.527900139999999851e+02
3.531478839999999764e+02
3.545890200000000050e+02
3.553389440000000263e+02
3.572150120000000015e+02
3.578962040000000115e+02
3.592110359999999787e+02
3.606847660000000246e+02
3.614761139999999955e+02
3.622586019999999962e+02
3.637288159999999948e+02
3.648238719999999944e+02
3.658217999999999961e+02
3.667360739999999737e+02
3.681033840000000055e+02
3.693466619999999807e+02
3.703284320000000207e+02
3.714633039999999937e+02
3.729153880000000072e+02
3.742283980000000270e+02
3.753970419999999990e+02
3.761977360000000203e+02
3.772366499999999974e+02
3.786235219999999799e+02
3.796047520000000191e+02
3.803439880000000244e+02
3.810836459999999875e+02
3.819293720000000008e+02
3.835997619999999984e+02
3.844231040000000235e+02
3.862720879999999966e+02
3.873228379999999902e+02
3.886825279999999907e+02
3.893540120000000115e+02
3.903111460000000079e+02
3.914661659999999870e+02
3.926493280000000254e+02
3.944618800000000078e+02
3.949984440000000063e+02
3.962353620000000092e+02
3.973968100000000163e+02
3.984918460000000096e+02
3.994932860000000119e+02
4.008359040000000277e+02
4.020708759999999984e+02
4.031635679999999979e+02
4.040886120000000119e+02
4.056696880000000078e+02
4.058922099999999773e+02
4.071159480000000030e+02
4.088186999999999784e+02
4.103870580000000245e+02
4.117688880000000040e+02
4.119163139999999999e+02
4.132645959999999832e+02
4.148373599999999897e+02
4.160959260000000199e+02
4.165712480000000255e+02
4.180271460000000161e+02
4.196794580000000110e+02
4.195972540000000208e+02
4.215401360000000182e+02
4.225035500000000184e+02
4.239487280000000169e+02
4.254229320000000030e+02
4.255219680000000153e+02
4.267755980000000022e+02
4.279531160000000227e+02
4.288730120000000170e+02
4.296818400000000224e+02
4.314064759999999978e+02
4.325317019999999957e+02
4.339060820000000263e+02
4.348638799999999947e+02
4.357608399999999733e+02
4.371379919999999970e+02
4.383081480000000170e+02
4.390093340000000239e+02
4.402538279999999986e+02
4.414555659999999762e+02
4.428405759999999987e+02
4.439415339999999901e+02
4.446769019999999841e+02
4.456705580000000282e+02
4.473017419999999902e+02
4.488226440000000252e+02
4.497480679999999893e+02
4.509222679999999741e+02
4.515078859999999850e+02
4.521982800000000111e+02
4.537199919999999906e+02
4.551185280000000262e+02
4.563174980000000005e+02
4.566960159999999860e+02
4.573562459999999987e+02
4.596708360000000084e+02
4.611382839999999987e+02
4.617028839999999832e+02
4.632047600000000216e+02
4.646025080000000003e+02
4.646218400000000202e+02
4.670646659999999883e+02
4.671777739999999994e+02
4.695816720000000259e+02
4.704932939999999917e+02
4.706258199999999761e+02
4.721547400000000039e+02
4.739488660000000095e+02
4.749656079999999747e+02
4.757639720000000239e+02
4.766115800000000036e+02
4.776404880000000048e+02
4.787220800000000054e+02
4.800931979999999726e+02
4.815759479999999826e+02
4.826867799999999988e+02
4.831958079999999995e+02
4.847721680000000219e+02
4.855401959999999804e+02
4.866613199999999892e+02
4.878896879999999783e+02
4.891582280000000083e+02
4.897387679999999932e+02
4.916447099999999750e+02
4.923748699999999872e+02
4.932515579999999886e+02
4.943564559999999801e+02
4.957820399999999950e+02
4.967086760000000254e+02
4.980680239999999799e+02
4.994306000000000267e+02
5.003383799999999724e+02
5.017052620000000047e+02
5.025736519999999814e+02
5.039216059999999970e+02
5.048143640000000119e+02
5.054829040000000191e+02
5.068473040000000083e+02
5.086823479999999904e+02
5.095072420000000193e+02
5.103031399999999849e+02
5.109001779999999826e+02
5.135319060000000491e+02
5.133278460000000223e+02
5.146028619999999592e+02
5.163942739999999958e+02
5.174691440000000284e+02
5.190799980000000460e+02
5.202607440000000452e+02
5.208815600000000359e+02
5.223776339999999436e+02
5.235688320000000431e+02
5.236311459999999443e+02
5.248458180000000084e+02
5.260924260000000459e+02
5.275124039999999468e+02
5.283555979999999863e+02
5.299921839999999520e+02
5.313803159999999934e+02
5.325259600000000546e+02
5.334028779999999870e+02
5.349018700000000308e+02
5.347400400000000218e+02
5.368095520000000533e+02
5.379096279999999979e+02
5.386536620000000539e+02
5.396952159999999594e+02
5.408955580000000509e+02
5.420627640000000156e+02
5.427293180000000348e+02
5.444838680000000295e+02
5.447786979999999630e+02
5.458224500000000035e+02
5.486432999999999538e+02
5.491479020000000446e+02
5.501968339999999671e+02
5.516676539999999704e+02
5.521647759999999607e+02
5.528520919999999705e+02
5.549832539999999881e+02
5.557055520000000115e+02
5.567522900000000163e+02
5.583484560000000556e+02
5.602304860000000417e+02
5.603073640000000069e+02
5.613173020000000406e+02
5.618330999999999449e+02
5.633556720000000269e+02
5.651446620000000394e+02
5.651265359999999873e+02
5.668507140000000391e+02
5.689825399999999718e+02
5.696551940000000513e+02
5.705470579999999927e+02
5.724976759999999558e+02
5.732376900000000433e+02
5.743480459999999539e+02
5.749418739999999843e+02
5.762394880000000512e+02
5.770921939999999495e+02
5.785991159999999809e+02
5.791992940000000090e+02
5.813192320000000564e+02
5.820341640000000325e+02
5.832222679999999855e+02
5.842686499999999796e+02
5.852069279999999480e+02
5.862782320000000027e+02
5.876082040000000006e+02
5.884419339999999465e+02
5.889471539999999550e+02
5.907370939999999564e+02
5.925115799999999808e+02
5.927369740000000320e+02
5.929348400000000083e+02
5.957388320000000022e+02
5.964889140000000225e+02
5.973803120000000035e+02
5.977619899999999689e+02
5.995167639999999665e+02
6.005811179999999467e+02
6.017938239999999723e+02
6.031182340000000295e+02
6.046922359999999799e+02
6.057018980000000283e+02
6.069564120000000003e+02
6.078828240000000278e+02
6.087595059999999876e+02
6.097135479999999461e+02
6.118917699999999513e+02
6.122873600000000351e+02
6.136000380000000405e+02
6.154746679999999515e+02
6.155824020000000019e+02
6.168903060000000096e+02
6.181090480000000298e+02
6.185364200000000210e+02
6.201715500000000247e+02
6.215783460000000105e+02
6.223498479999999518e+02
6.233864059999999654e+02
6.246964120000000094e+02
6.263493979999999510e+02
6.273090740000000096e+02
6.286610980000000382e+02
6.291652840000000424e+02
6.304032200000000330e+02
6.317706259999999929e+02
6.328038320000000567e+02
6.334706840000000057e+02
6.349731739999999718e+02
6.362511200000000144e+02
6.369126999999999725e+02
6.385380639999999630e+02
6.387192900000000009e+02
6.412510899999999765e+02
6.413326140000000350e+02
6.436451399999999694e+02
6.447880219999999554e+02
6.457591019999999844e+02
6.466147280000000137e+02
6.465705699999999752e+02
6.483740780000000541e+02
6.498525359999999864e+02
6.506900960000000396e+02
6.519473080000000209e+02
6.535183799999999792e+02
6.537917720000000372e+02
6.550719500000000153e+02
6.558398620000000392e+02
6.572908820000000105e+02
6.582983560000000125e+02
6.600446680000000015e+02
6.612720060000000331e+02
6.622640159999999696e+02
6.626234439999999495e+02
6.639932559999999739e+02
6.651105479999999943e+02
6.664900740000000496e+02
6.674330179999999473e+02
6.688385080000000471e+02
6.700384579999999914e+02
6.708460139999999683e+02
6.722278119999999717e+02
6.738665979999999536e+02
6.746080920000000560e+02
6.758047639999999774e+02
6.758419460000000072e+02
6.777989860000000135e+02
6.788466200000000299e+02
6.810974820000000136e+02
6.808578840000000127e+02
6.831327639999999519e+02
6.833454319999999598e+02
6.839835580000000164e+02
6.862470620000000281e+02
6.861712880000000041e+02
6.878912299999999505e+02
6.897413880000000290e+02
6.900798720000000230e+02
6.909614299999999503e+02
6.927638439999999491e+02
6.938485060000000431e+02
6.953710899999999810e+02
6.961104880000000321e+02
6.988333659999999554e+02
6.985095720000000483e+02
7.001393880000000536e+02
7.007680420000000368e+02
7.019896760000000313e+02
7.028450960000000123e+02
7.050245240000000422e+02
7.047757739999999558e+02
7.052238340000000107e+02
7.071057939999999462e+02
7.087779020000000401e+02
7.090634659999999485e+02
7.111254800000000387e+02
7.122629879999999503e+02
7.126901900000000296e+02
7.139597800000000234e+02
7.150001160000000482e+02
7.160949460000000499e+02
7.177948720000000549e+02
7.188400500000000193e+02
7.192386079999999993e+02
7.201248500000000377e+02
7.223199160000000347e+02
7.227973799999999756e+02
7.245416179999999713e+02
7.256758119999999508e+02
7.261062359999999671e+02
7.275730340000000069e+02
7.286210800000000063e+02
7.290255419999999731e+02
7.311082340000000386e+02
7.319027099999999564e+02
7.334343539999999848e+02
7.340717879999999695e+02
7.357015199999999595e+02
7.364420059999999921e+02
7.379222359999999981e+02
7.391743020000000115e+02
7.395317599999999629e+02
7.408373980000000074e+02
7.420437980000000380e+02
7.435907059999999547e+02
7.440139799999999468e+02
7.457893119999999954e+02
7.469641060000000152e+02
7.494998060000000351e+02
7.503619840000000067e+02
7.509825839999999744e+02
7.516503900000000158e+02
7.526686280000000124e+02
7.546646339999999782e+02
7.543199519999999438e+02
7.556135980000000245e+02
7.579625680000000330e+02
7.581392019999999548e+02
7.588505940000000010e+02
7.611033860000000004e+02
7.617701299999999947e+02
7.621186740000000555e+02
7.642557319999999663e+02
7.645600319999999783e+02
7.650665840000000344e+02
7.675558859999999868e+02
7.683274020000000064e+02
7.693473139999999830e+02
7.704966940000000477e+02
7.720511079999999993e+02
7.717675799999999526e+02
7.740362639999999601e+02
7.746392240000000129e+02
7.765772080000000415e+02
7.773711739999999963e+02
7.787244459999999435e+02
7.800923780000000534e+02
7.808208359999999857e+02
7.814794419999999491e+02
7.833011619999999766e+02
7.842810660000000098e+02
7.862886180000000422e+02
7.860706920000000082e+02
7.881401019999999562e+02
7.885572180000000344e+02
7.898025559999999814e+02
7.903402820000000020e+02
7.918922460000000001e+02
7.938102199999999584e+02
7.946534080000000131e+02
7.942951060000000325e+02
7.960684820000000173e+02
7.986856780000000526e+02
7.987833500000000413e+02
7.699294240000000400e+02
7.375831879999999501e+02
7.189619460000000117e+02
7.036310200000000350e+02
6.903863700000000563e+02
6.796958879999999681e+02
6.694096520000000510e+02
6.602230859999999666e+02
6.515189619999999877e+02
6.429722199999999930e+02
6.358773479999999836e+02
6.274740819999999530e+02
6.203632820000000265e+02
6.137843319999999494e+02
6.091328640000000405e+02
6.015005740000000287e+02
5.955329940000000306e+02
5.902090279999999893e+02
5.845754460000000563e+02
5.792631780000000390e+02
5.735465420000000449e+02
5.685640379999999823e+02
5.636702759999999444e+02
5.592600800000000163e+02
5.553135439999999790e+02
5.496935899999999720e+02
5.451204599999999800e+02
5.417643640000000005e+02
5.360310600000000250e+02
5.323981800000000248e+02
5.285651639999999816e+02
5.237030780000000050e+02
5.208244160000000420e+02
5.160937679999999546e+02
5.119765080000000239e+02
5.083073400000000106e+02
5.042974399999999946e+02
5.009889259999999922e+02
4.967119319999999902e+02
4.930163059999999859e+02
4.895827939999999785e+02
4.860434319999999957e+02
4.832886020000000258e+02
4.802278319999999781e+02
4.757686919999999873e+02
4.724632219999999734e+02
4.688885040000000117e+02
4.663089439999999968e+02
4.627743039999999723e+02
4.598952879999999936e+02
4.560539860000000090e+02
4.532464180000000056e+02
4.504889259999999922e+02
4.479409039999999891e+02
4.450745200000000068e+02
4.408643159999999739e+02
4.379960340000000087e+02
4.352977819999999838e+02
4.322111719999999764e+02
4.297793280000000209e+02
4.262681759999999827e+02
4.241603420000000142e+02
4.205183759999999893e+02
4.181539819999999850e+02
4.147250339999999937e+02
4.120043239999999969e+02
4.089982759999999757e+02
4.071345860000000130e+02
4.043788739999999962e+02
4.014471839999999929e+02
3.991231680000000210e+02
3.963264480000000276e+02
3.940754360000000247e+02
3.914932279999999878e+02
3.886783760000000143e+02
3.865199519999999893e+02
3.839410120000000006e+02
3.813641499999999951e+02
3.793261699999999905e+02
3.760132839999999987e+02
3.738638399999999820e+02
3.713680899999999951e+02
3.693378599999999778e+02
3.667092260000000010e+02
3.643222660000000133e+02
3.615965620000000058e+02
3.593971300000000042e+02
3.564738919999999780e+02
3.548143059999999878e+02
3.520325780000000009e+02
3.494116480000000138e+02
3.477656840000000216e+02
3.452050160000000005e+02
3.430614479999999844e+02
3.405271880000000237e+02
3.381696360000000254e+02
3.367844420000000127e+02
3.340980159999999728e+02
3.318319779999999923e+02
3.289357079999999769e+02
3.275045600000000263e+02
3.245570819999999799e+02
3.222764559999999960e+02
3.209010519999999929e+02
3.187634899999999902e+02
3.157308259999999791e+02
3.145871399999999767e+02
3.118481699999999819e+02
3.098210780000000000e+02
3.081706060000000207e+02
3.053961380000000077e+02
3.030861639999999966e+02
3.016650559999999928e+02
2.997534880000000044e+02
2.971564599999999814e+02
2.953646979999999758e+02
2.927956540000000132e+02
2.907943159999999807e+02
2.883038579999999911e+02
2.869799840000000017e+02
2.846733199999999897e+02
2.827970720000000142e+02
2.807829399999999964e+02
2.783555059999999912e+02
2.767754659999999944e+02
2.753237899999999740e+02
2.729746640000000184e+02
2.713965039999999931e+02
2.694566679999999792e+02
2.672869000000000028e+02
2.649371120000000133e+02
2.638855179999999905e+02
2.611521159999999782e+02
2.594898259999999937e+02
2.578137459999999805e+02
2.552330540000000099e+02
2.541810299999999927e+02
2.514127540000000067e+02
2.498919099999999958e+02
2.478672939999999869e+02
2.461383079999999950e+02
2.436144940000000076e+02
2.420372879999999896e+02
2.403927860000000010e+02
2.387814700000000130e+02
2.367638159999999914e+02
2.345607740000000092e+02
2.328418719999999951e+02
2.311601100000000031e+02
2.289225319999999897e+02
2.274033039999999914e+02
2.257511759999999867e+02
2.232886699999999962e+02
2.219556279999999902e+02
2.203263540000000091e+02
2.179576120000000117e+02
2.168604840000000138e+02
2.145956239999999866e+02
2.125018440000000055e+02
2.106595240000000047e+02
2.094932520000000125e+02
2.071071980000000110e+02
2.059937040000000081e+02
2.035965899999999920e+02
2.019435420000000079e+02
2.002028559999999970e+02
1.986072619999999915e+02
1.966770960000000059e+02
1.945051280000000133e+02
1.933345759999999984e+02
1.919100239999999928e+02
1.897394740000000013e+02
1.880595999999999890e+02
1.867954880000000060e+02
1.847452719999999999e+02
1.831785879999999906e+02
1.812287780000000055e+02
1.793837320000000091e+02
1.773426839999999913e+02
1.759754179999999906e+02
1.744210919999999874e+02
1.725904079999999965e+02
1.708516979999999990e+02
1.698410719999999969e+02
1.676240259999999864e+02
1.660671460000000081e+02
1.643124200000000030e+02
1.623178179999999884e+02
1.607418519999999944e+02
1.593933539999999880e+02
1.575917619999999886e+02
1.558363319999999987e+02
1.543978219999999908e+02
1.525211999999999932e+02
1.513302879999999959e+02
1.494372879999999952e+02
1.478486440000000073e+02
1.458071640000000002e+02
1.444683560000000000e+02
1.430136540000000025e+02
1.410531839999999875e+02
1.394929119999999898e+02
1.377971200000000067e+02
1.361109059999999999e+02
1.343196120000000064e+02
1.332260880000000043e+02
1.308984519999999918e+02
1.295317560000000014e+02
1.282827479999999980e+02
1.266739000000000033e+02
1.246741719999999987e+02
1.230953640000000036e+02
1.214279180000000053e+02
1.200174119999999931e+02
1.185190719999999942e+02
1.169536120000000068e+02
1.148849320000000063e+02
1.134531560000000070e+02
1.120580219999999940e+02
1.106544520000000063e+02
1.090903040000000033e+02
1.076179219999999930e+02
1.059145579999999995e+02
1.043080219999999940e+02
1.026695739999999972e+02
1.007952420000000018e+02
9.925802199999999686e+01
9.792118399999999667e+01
9.639333600000000501e+01
9.473811200000000099e+01
9.328517999999999688e+01
9.172717199999999593e+01
9.063453400000000215e+01
8.862831599999999810e+01
8.704285000000000139e+01
8.547462199999999655e+01
8.388225799999999310e+01
8.237629200000000651e+01
8.120571400000000040e+01
7.966674399999999423e+01
7.803314799999999707e+01
7.648592399999999714e+01
7.491517000000000337e+01
7.331395399999999540e+01
7.172985199999999395e+01
7.033321999999999719e+01
6.868392400000000464e+01
6.711413600000000201e+01
6.565761799999999937e+01
6.401348600000000033e+01
6.265863800000000339e+01
6.108585000000000065e+01
5.970553199999999805e+01
5.791202799999999939e+01
5.671236999999999995e+01
5.502640999999999849e+01
5.373687600000000231e+01
5.193983200000000267e+01
5.060595800000000111e+01
4.877523200000000259e+01
4.754446200000000289e+01
4.586498799999999676e+01
4.445236200000000082e+01
4.318265000000000242e+01
4.153320599999999985e+01
4.015986800000000301e+01
3.880033600000000149e+01
3.728549600000000197e+01
3.583237199999999945e+01
3.444762399999999758e+01
3.299967199999999679e+01
3.115408199999999894e+01
2.979136799999999852e+01
2.848450400000000116e+01
2.678432400000000158e+01
2.534768400000000099e+01
2.397856799999999922e+01
2.254113200000000106e+01
2.099095600000000061e+01
1.964670399999999972e+01
1.799880200000000130e+01
1.667031800000000175e+01
1.522721199999999975e+01
1.377705399999999969e+01
1.229950400000000066e+01
1.089264799999999944e+01
9.333171999999999358e+00
7.911355999999999611e+00
6.465241999999999933e+00
5.013854000000000255e+00
3.658427999999999791e+00
2.203784000000000187e+00
7.339860000000000273e-01
L=10.0,N=600,T=1.0,r=0.16,eta=0.4825486315913923,t=1842.5712563991547s