0.000000000000000000e+00
0.000000000000000000e+00
0.000000000000000000e+00
0.000000000000000000e+00
0.000000000000000000e+00
0.000000000000000000e+00
0.000000000000000000e+00
0.000000000000000000e+00
0.000000000000000000e+00
0.000000000000000000e+00
0.000000000000000000e+00
0.000000000000000000e+00
0.000000000000000000e+00
0.000000000000000000e+00
0.000000000000000000e+00
0.000000000000000000e+00
0.000000000000000000e+00
0.000000000000000000e+00
0.000000000000000000e+00
0.000000000000000000e+00
0.000000000000000000e+00
0.000000000000000000e+00
7.299999999999999545e-02
1.847999999999999921e-01
1.731000000000000039e-01
1.758000000000000118e-01
1.764000000000000012e-01
1.703999999999999959e-01
1.718999999999999972e-01
1.832999999999999907e-01
1.540999999999999870e-01
1.724999999999999867e-01
1.899000000000000132e-01
1.545999999999999874e-01
1.812000000000000000e-01
1.796999999999999986e-01
1.763000000000000123e-01
1.817999999999999894e-01
1.799999999999999933e-01
1.854000000000000092e-01
1.723999999999999977e-01
1.778000000000000136e-01
1.670999999999999985e-01
1.804000000000000048e-01
1.993999999999999939e-01
2.089999999999999913e-01
2.006999999999999895e-01
2.210999999999999910e-01
2.217999999999999972e-01
2.363999999999999990e-01
2.263999999999999901e-01
2.376000000000000056e-01
2.494999999999999996e-01
2.446000000000000119e-01
2.470999999999999863e-01
2.513000000000000234e-01
2.751000000000000112e-01
2.770000000000000240e-01
2.609000000000000208e-01
2.896000000000000241e-01
2.776000000000000134e-01
3.020999999999999797e-01
2.903000000000000025e-01
3.038000000000000145e-01
2.922000000000000153e-01
3.084999999999999964e-01
3.220000000000000084e-01
3.140000000000000013e-01
3.019000000000000017e-01
3.356000000000000094e-01
3.330000000000000182e-01
2.574000000000000177e-01
2.356999999999999929e-01
2.049999999999999878e-01
1.907999999999999974e-01
1.869999999999999996e-01
1.822000000000000008e-01
1.663000000000000034e-01
1.464000000000000024e-01
1.411999999999999922e-01
1.371999999999999886e-01
1.274000000000000132e-01
1.236000000000000015e-01
1.149000000000000021e-01
1.015000000000000069e-01
9.639999999999999958e-02
8.820000000000000062e-02
8.930000000000000437e-02
7.560000000000000053e-02
5.240000000000000213e-02
5.589999999999999830e-02
5.179999999999999882e-02
4.669999999999999846e-02
4.159999999999999809e-02
2.819999999999999937e-02
2.149999999999999828e-02
1.899999999999999953e-02
1.640000000000000138e-02
8.999999999999999320e-03
1.000000000000000021e-03
