0.000000000000000000e+00
0.000000000000000000e+00
0.000000000000000000e+00
0.000000000000000000e+00
0.000000000000000000e+00
0.000000000000000000e+00
0.000000000000000000e+00
0.000000000000000000e+00
0.000000000000000000e+00
0.000000000000000000e+00
0.000000000000000000e+00
0.000000000000000000e+00
0.000000000000000000e+00
0.000000000000000000e+00
0.000000000000000000e+00
0.000000000000000000e+00
0.000000000000000000e+00
0.000000000000000000e+00
0.000000000000000000e+00
0.000000000000000000e+00
0.000000000000000000e+00
0.000000000000000000e+00
0.000000000000000000e+00
0.000000000000000000e+00
0.000000000000000000e+00
0.000000000000000000e+00
0.000000000000000000e+00
0.000000000000000000e+00
0.000000000000000000e+00
0.000000000000000000e+00
0.000000000000000000e+00
0.000000000000000000e+00
0.000000000000000000e+00
0.000000000000000000e+00
0.000000000000000000e+00
0.000000000000000000e+00
0.000000000000000000e+00
0.000000000000000000e+00
0.000000000000000000e+00
0.000000000000000000e+00
0.000000000000000000e+00
0.000000000000000000e+00
0.000000000000000000e+00
0.000000000000000000e+00
0.000000000000000000e+00
6.030944999999999823e+01
7.962746799999999325e+01
7.802700400000000514e+01
7.651520399999999711e+01
7.491949999999999932e+01
7.363659599999999728e+01
7.208947200000000066e+01
7.075475000000000136e+01
6.926217200000000673e+01
6.801642599999999561e+01
6.680065199999999948e+01
6.574260400000000004e+01
6.444704799999999523e+01
6.341692599999999658e+01
6.231709200000000237e+01
6.123579600000000056e+01
6.025228400000000306e+01
5.931251400000000018e+01
5.858576000000000050e+01
5.756980999999999682e+01
5.686464200000000346e+01
5.613836799999999982e+01
5.544206400000000201e+01
5.491344600000000042e+01
5.435419399999999968e+01
5.374615399999999710e+01
5.343739399999999762e+01
5.298750199999999921e+01
5.268600800000000106e+01
5.251430200000000070e+01
5.221966799999999864e+01
5.216624199999999689e+01
5.215258399999999739e+01
5.223996000000000350e+01
5.231482799999999855e+01
5.265839799999999826e+01
5.277517399999999981e+01
5.326498000000000133e+01
5.388647399999999976e+01
5.444734199999999902e+01
5.542768199999999723e+01
5.646105599999999924e+01
5.757258399999999909e+01
5.898611999999999966e+01
6.073704599999999942e+01
6.300410999999999717e+01
6.571746799999999666e+01
6.852881399999999701e+01
7.086227200000000437e+01
7.319486600000000465e+01
7.537583800000000167e+01
7.726557200000000591e+01
7.913343399999999406e+01
8.059541400000000522e+01
8.223481200000000513e+01
8.353708199999999806e+01
8.475373399999999435e+01
8.585564599999999302e+01
8.699366999999999450e+01
8.776887999999999579e+01
8.875029000000000678e+01
8.951099399999999662e+01
9.020892399999999611e+01
9.075900400000000445e+01
9.149349800000000243e+01
9.188175400000000081e+01
9.237663999999999476e+01
9.285093200000000024e+01
9.333895400000000109e+01
9.371614200000000494e+01
9.402926600000000690e+01
9.426206999999999425e+01
9.477579000000000065e+01
9.514435000000000286e+01
9.542455400000000054e+01
9.556771999999999423e+01
9.589383200000000329e+01
9.652215999999999951e+01
9.685974199999999712e+01
9.721292400000000100e+01
9.747294999999999732e+01
9.784389000000000181e+01
9.820865399999999568e+01
9.882846800000000087e+01
9.950762799999999686e+01
9.983785399999999299e+01
1.005506819999999948e+02
1.011452579999999983e+02
1.019039659999999969e+02
1.026549219999999991e+02
1.034441479999999984e+02
1.043327359999999970e+02
1.052957519999999931e+02
1.062533140000000031e+02
1.072518040000000070e+02
1.081813180000000045e+02
1.091800599999999974e+02
1.102347639999999984e+02
1.114215080000000029e+02
1.124301839999999970e+02
1.134977779999999967e+02
1.144568759999999941e+02
1.154353459999999956e+02
1.164911000000000030e+02
1.173781359999999978e+02
1.185722099999999983e+02
1.194634460000000047e+02
1.205939039999999949e+02
1.214554179999999945e+02
1.222318999999999960e+02
1.230180399999999992e+02
1.240451419999999985e+02
1.248607800000000054e+02
1.258422359999999998e+02
1.265928040000000010e+02
1.273022940000000034e+02
1.279126619999999974e+02
1.289421379999999999e+02
1.294857379999999978e+02
1.304094020000000000e+02
1.310868380000000002e+02
1.315538479999999879e+02
1.323390060000000119e+02
1.330805960000000141e+02
1.337295499999999890e+02
1.344999880000000019e+02
1.350046460000000081e+02
1.358119519999999909e+02
1.365652859999999862e+02
1.370086799999999982e+02
1.378184760000000040e+02
1.384480340000000069e+02
1.393178279999999916e+02
1.399128120000000024e+02
1.404330559999999934e+02
1.413639200000000073e+02
1.421519560000000126e+02
1.428631460000000004e+02
1.434833120000000122e+02
1.443579479999999933e+02
1.450979839999999967e+02
1.460016400000000090e+02
1.466463259999999877e+02
1.473340860000000134e+02
1.482126900000000091e+02
1.489566199999999867e+02
1.498077979999999911e+02
1.507801599999999951e+02
1.514427980000000105e+02
1.522997740000000135e+02
1.530824979999999869e+02
1.539391860000000065e+02
1.548774339999999938e+02
1.557734020000000044e+02
1.564240519999999890e+02
1.573223879999999895e+02
1.581180479999999875e+02
1.591692859999999996e+02
1.598394600000000025e+02
1.606728540000000010e+02
1.613203959999999881e+02
1.622094859999999983e+02
1.631199540000000070e+02
1.640601340000000050e+02
1.647736099999999908e+02
1.656283160000000123e+02
1.662858720000000119e+02
1.670932779999999980e+02
1.679516879999999901e+02
1.686112559999999974e+02
1.693448380000000100e+02
1.702200620000000129e+02
1.710350740000000087e+02
1.717272780000000125e+02
1.725992019999999911e+02
1.732876579999999933e+02
1.741439139999999952e+02
1.747272839999999974e+02
1.756211720000000014e+02
1.763089520000000050e+02
1.771430200000000070e+02
1.778559539999999970e+02
1.785718699999999899e+02
1.796206740000000082e+02
1.802049879999999860e+02
1.808455519999999979e+02
1.817397060000000124e+02
1.826603059999999914e+02
1.834187180000000126e+02
1.840020600000000002e+02
1.847099359999999990e+02
1.855656920000000127e+02
1.864687700000000063e+02
1.870566560000000038e+02
1.880464299999999866e+02
1.885003179999999929e+02
1.895980319999999892e+02
1.903738920000000121e+02
1.911129119999999944e+02
1.917299959999999999e+02
1.926800360000000012e+02
1.935577319999999872e+02
1.942253019999999992e+02
1.949150679999999909e+02
1.959527480000000139e+02
1.965054079999999885e+02
1.973421639999999968e+02
1.982938839999999914e+02
1.990628979999999899e+02
1.999517040000000065e+02
2.005392139999999870e+02
2.014758600000000115e+02
2.019185799999999915e+02
2.030786899999999946e+02
2.036817680000000053e+02
2.043951360000000079e+02
2.054781319999999880e+02
2.063488900000000115e+02
2.068774280000000090e+02
2.074811679999999967e+02
2.083957259999999962e+02
2.092625840000000039e+02
2.101357959999999991e+02
2.105746939999999938e+02
2.118293940000000077e+02
2.125166319999999871e+02
2.131388000000000034e+02
2.141035919999999919e+02
2.147941319999999905e+02
2.157568459999999959e+02
2.164248100000000079e+02
2.171569220000000087e+02
2.179505279999999914e+02
2.187334319999999934e+02
2.195323119999999903e+02
2.204055280000000039e+02
2.209923019999999951e+02
2.218961280000000045e+02
2.226793780000000140e+02
2.233563699999999983e+02
2.241773900000000026e+02
2.247489300000000014e+02
2.257028500000000122e+02
2.265344800000000021e+02
2.272757900000000006e+02
2.280500800000000083e+02
2.289334760000000131e+02
2.296653540000000078e+02
2.303858439999999916e+02
2.311097039999999936e+02
2.320458800000000110e+02
2.327182740000000081e+02
2.335976400000000126e+02
2.342419779999999889e+02
2.351869959999999935e+02
2.359450380000000109e+02
2.365669019999999989e+02
2.374127420000000086e+02
2.380778239999999926e+02
2.389970739999999978e+02
2.399297439999999995e+02
2.406835639999999898e+02
2.415418080000000032e+02
2.421438579999999945e+02
2.428784359999999936e+02
2.437747640000000047e+02
2.445702440000000024e+02
2.453365959999999859e+02
2.460889540000000011e+02
2.470865939999999910e+02
2.475849080000000129e+02
2.487146419999999978e+02
2.491985400000000084e+02
2.499973400000000083e+02
2.510997720000000015e+02
2.515421440000000075e+02
2.526733020000000067e+02
2.533871619999999893e+02
2.540166000000000111e+02
2.546087200000000053e+02
2.554577820000000088e+02
2.564066179999999804e+02
2.572074499999999944e+02
2.581168420000000197e+02
2.588621779999999717e+02
2.594671759999999949e+02
2.604295819999999821e+02
2.609706140000000119e+02
2.619787019999999984e+02
2.624610359999999787e+02
2.636641579999999863e+02
2.641347220000000107e+02
2.648795840000000226e+02
2.656027740000000108e+02
2.664966380000000186e+02
2.673604819999999904e+02
2.682946719999999914e+02
2.688924640000000181e+02
2.694391959999999813e+02
2.702866240000000175e+02
2.711197819999999865e+02
2.717967100000000187e+02
2.728434859999999844e+02
2.737039459999999735e+02
2.744888439999999719e+02
2.753397459999999910e+02
2.761796939999999836e+02
2.769155660000000125e+02
2.773461819999999989e+02
2.782424760000000106e+02
2.791463580000000206e+02
2.798612039999999865e+02
2.808154279999999972e+02
2.815181820000000243e+02
2.824160420000000045e+02
2.832697860000000105e+02
2.838755959999999732e+02
2.844484760000000279e+02
2.855390419999999949e+02
2.864267140000000040e+02
2.869169719999999870e+02
2.875318179999999870e+02
2.884638879999999972e+02
2.895133559999999875e+02
2.899724759999999719e+02
2.910778819999999882e+02
2.916668159999999830e+02
2.926340119999999843e+02
2.932553919999999721e+02
2.939030619999999772e+02
2.947024559999999838e+02
2.955776379999999790e+02
2.965314440000000218e+02
2.972864720000000034e+02
2.980291359999999941e+02
2.987697160000000167e+02
2.993623099999999795e+02
3.000433739999999716e+02
3.010879100000000221e+02
3.016595560000000091e+02
3.025192000000000121e+02
3.035462620000000129e+02
3.044077120000000036e+02
3.049065679999999929e+02
3.057976639999999975e+02
3.064238540000000057e+02
3.074569539999999961e+02
3.082359319999999911e+02
3.088623939999999948e+02
3.097421499999999810e+02
3.105694100000000049e+02
3.114242120000000114e+02
3.122132540000000063e+02
3.127581460000000106e+02
3.138632319999999822e+02
3.143189639999999940e+02
3.154803820000000201e+02
3.160008740000000103e+02
3.168237740000000144e+02
3.177129620000000045e+02
3.184105860000000234e+02
3.191695980000000077e+02
3.201111980000000017e+02
3.208205600000000004e+02
3.216263099999999895e+02
3.224650359999999978e+02
3.229705260000000067e+02
3.241982199999999921e+02
3.244687920000000076e+02
3.255132380000000012e+02
3.264203939999999875e+02
3.270800659999999880e+02
3.277519599999999969e+02
3.285610560000000078e+02
3.293494319999999789e+02
3.299968660000000114e+02
3.310021600000000035e+02
3.316945999999999799e+02
3.323213920000000030e+02
3.332451260000000275e+02
3.339455259999999726e+02
3.347691540000000145e+02
3.357478520000000231e+02
3.362996099999999728e+02
3.371779119999999921e+02
3.380782780000000116e+02
3.387963760000000093e+02
3.394002459999999814e+02
3.404615479999999934e+02
3.406931260000000066e+02
3.418224319999999921e+02
3.426525560000000041e+02
3.434687420000000202e+02
3.445478120000000217e+02
3.452114399999999819e+02
3.457596199999999840e+02
3.466926760000000058e+02
3.471662460000000010e+02
3.483465820000000122e+02
3.489988660000000209e+02
3.501891340000000241e+02
3.504945079999999962e+02
3.514026460000000043e+02
3.521439579999999978e+02
3.529525840000000017e+02
3.536680119999999761e+02
3.543877699999999891e+02
3.552042319999999904e+02
3.561076739999999745e+02
3.568117340000000013e+02
3.577798799999999915e+02
3.585416640000000257e+02
3.594032659999999737e+02
3.601322119999999813e+02
3.606801300000000197e+02
3.617904819999999972e+02
3.625061400000000162e+02
3.630418599999999856e+02
3.640592720000000213e+02
3.646077119999999923e+02
3.655382579999999848e+02
3.663553979999999797e+02
3.669723999999999933e+02
3.678915259999999989e+02
3.686817300000000159e+02
3.694269380000000069e+02
3.701181839999999852e+02
3.712222360000000094e+02
3.714852599999999825e+02
3.724005399999999781e+02
3.732720679999999902e+02
3.744517700000000104e+02
3.751534359999999992e+02
3.758231000000000108e+02
3.764979880000000207e+02
3.773247059999999919e+02
3.777551219999999716e+02
3.786399200000000178e+02
3.797579820000000268e+02
3.803272400000000175e+02
3.809538900000000012e+02
3.818405720000000088e+02
3.826129740000000083e+02
3.836401480000000106e+02
3.844499059999999986e+02
3.850394499999999880e+02
3.860115779999999859e+02
3.865336520000000178e+02
3.874028940000000034e+02
3.882879699999999730e+02
3.891630480000000034e+02
3.894905580000000214e+02
3.905292319999999791e+02
3.913527659999999742e+02
3.923350439999999821e+02
3.930268899999999803e+02
3.938709240000000023e+02
3.944895680000000198e+02
3.952924300000000244e+02
3.961644600000000196e+02
3.969709680000000276e+02
3.977409559999999829e+02
3.984325140000000260e+02
3.991254059999999981e+02
4.001947400000000243e+02
4.009143720000000144e+02
4.019688100000000190e+02
4.025970239999999762e+02
4.032149719999999888e+02
4.039508799999999837e+02
4.046944659999999772e+02
4.055540139999999951e+02
4.063627119999999877e+02
4.070965800000000172e+02
4.075623560000000225e+02
4.087572999999999865e+02
4.092304100000000062e+02
4.103805019999999786e+02
4.111564900000000193e+02
4.117815860000000043e+02
4.129422900000000141e+02
4.133574300000000221e+02
4.140699619999999754e+02
4.149347700000000145e+02
4.158042379999999980e+02
4.165318239999999719e+02
4.175496039999999880e+02
4.178339439999999740e+02
4.187524319999999989e+02
4.196568040000000224e+02
4.202632540000000176e+02
4.211655259999999998e+02
4.219887360000000172e+02
4.225099280000000022e+02
4.235674859999999740e+02
4.246515539999999760e+02
4.250921819999999798e+02
4.260123100000000136e+02
4.265689659999999890e+02
4.274607879999999795e+02
4.282939480000000003e+02
4.294231219999999780e+02
4.298616020000000049e+02
4.306029399999999896e+02
4.317457499999999868e+02
4.319850940000000037e+02
4.328927259999999819e+02
4.340915939999999864e+02
4.345041479999999865e+02
4.354713980000000220e+02
4.363916699999999764e+02
4.372230860000000234e+02
4.377668780000000197e+02
4.383804600000000278e+02
4.392257139999999822e+02
4.400267739999999890e+02
4.409589980000000082e+02
4.416167540000000145e+02
4.426059420000000273e+02
4.432628159999999866e+02
4.438561659999999733e+02
4.447174499999999853e+02
4.454636800000000108e+02
4.461737640000000056e+02
4.469905820000000176e+02
4.480825419999999895e+02
4.486750759999999900e+02
4.495411419999999794e+02
4.500907040000000165e+02
4.510940120000000206e+02
4.518379760000000260e+02
4.524154120000000034e+02
4.534169039999999882e+02
4.542603819999999928e+02
4.551664000000000101e+02
4.558866540000000214e+02
4.565409799999999905e+02
4.573972820000000183e+02
4.580816780000000108e+02
4.588859059999999772e+02
4.595165820000000281e+02
4.604861220000000230e+02
4.614169299999999794e+02
4.622380580000000236e+02
4.627015420000000177e+02
4.639350160000000187e+02
4.643876539999999977e+02
4.652065600000000245e+02
4.660529940000000124e+02
4.667352379999999812e+02
4.676593060000000150e+02
4.686560559999999782e+02
4.689142140000000154e+02
4.700870739999999728e+02
4.708185379999999896e+02
4.713846379999999954e+02
4.722132240000000252e+02
4.729100260000000162e+02
4.736631699999999796e+02
4.744556380000000217e+02
4.751896300000000224e+02
4.762189440000000218e+02
4.770847800000000234e+02
4.779152040000000170e+02
4.786412839999999846e+02
4.794126780000000281e+02
4.801279860000000212e+02
4.812644419999999741e+02
4.815055919999999787e+02
4.825276680000000056e+02
4.834520999999999731e+02
4.841497180000000071e+02
4.850400260000000117e+02
4.858773780000000215e+02
4.865052620000000161e+02
4.870407960000000003e+02
4.877313960000000179e+02
4.886083780000000161e+02
4.897259799999999927e+02
4.902463040000000092e+02
4.910755080000000135e+02
4.920118499999999813e+02
4.927080520000000092e+02
4.933779579999999783e+02
4.943475080000000048e+02
4.949321959999999763e+02
4.956405720000000201e+02
4.965095299999999838e+02
4.975325260000000185e+02
4.982483720000000176e+02
4.990324259999999867e+02
4.998942519999999945e+02
5.003525839999999789e+02
5.012508199999999761e+02
5.018293419999999969e+02
5.030419420000000059e+02
5.033737199999999916e+02
5.045383160000000089e+02
5.051465539999999805e+02
5.060427320000000009e+02
5.066814239999999927e+02
5.077106559999999718e+02
5.084538959999999861e+02
5.090836380000000077e+02
5.099810959999999795e+02
5.102727419999999938e+02
5.116605420000000208e+02
5.125418740000000071e+02
5.133802960000000439e+02
5.139415760000000546e+02
5.146723700000000008e+02
5.155383920000000444e+02
5.164441920000000437e+02
5.170185020000000122e+02
5.178532860000000255e+02
5.185756199999999581e+02
5.196091099999999869e+02
5.202963019999999688e+02
5.211317080000000033e+02
5.217113299999999754e+02
5.223292920000000095e+02
5.231192119999999477e+02
5.242110259999999471e+02
5.254529519999999820e+02
5.256207000000000562e+02
5.261958120000000463e+02
5.271074159999999438e+02
5.279689399999999750e+02
5.287074420000000146e+02
5.295540059999999585e+02
5.303285379999999805e+02
5.311417619999999715e+02
5.318995720000000347e+02
5.325932319999999436e+02
5.338344419999999673e+02
5.345043839999999591e+02
5.349506219999999530e+02
5.360008420000000342e+02
5.368650979999999890e+02
5.374688640000000532e+02
5.382889519999999948e+02
5.389279900000000225e+02
5.397506519999999455e+02
5.401693040000000110e+02
5.411701399999999467e+02
5.419318700000000035e+02
5.425819079999999985e+02
5.438451019999999971e+02
5.444705880000000207e+02
5.450877060000000256e+02
5.463123299999999745e+02
5.470234120000000075e+02
5.477636119999999664e+02
5.485194440000000213e+02
5.492919040000000450e+02
5.502109100000000126e+02
5.506599360000000161e+02
5.518904459999999972e+02
5.521733659999999873e+02
5.531740700000000288e+02
5.541009520000000066e+02
5.549684439999999768e+02
5.342247439999999870e+02
5.119553080000000023e+02
4.989153380000000197e+02
4.885016479999999888e+02
4.797291759999999954e+02
4.716241420000000062e+02
4.645640119999999911e+02
4.582727840000000015e+02
4.520806160000000204e+02
4.460444239999999922e+02
4.410921260000000075e+02
4.363150259999999889e+02
4.313557260000000042e+02
4.264999599999999873e+02
4.223090139999999906e+02
4.179043320000000108e+02
4.138754279999999994e+02
4.099695360000000051e+02
4.058210100000000011e+02
4.021887419999999906e+02
3.987550600000000145e+02
3.953189419999999927e+02
3.913605339999999728e+02
3.882791040000000180e+02
3.849321879999999965e+02
3.816026059999999802e+02
3.787383340000000089e+02
3.755429060000000163e+02
3.723359459999999785e+02
3.694471659999999815e+02
3.667971919999999955e+02
3.636976060000000075e+02
3.609870960000000082e+02
3.584070199999999886e+02
3.555341240000000198e+02
3.527721680000000219e+02
3.503988539999999716e+02
3.475439119999999775e+02
3.451693999999999960e+02
3.426560660000000098e+02
3.401224879999999757e+02
3.376701360000000136e+02
3.353380920000000174e+02
3.330306420000000003e+02
3.302876640000000066e+02
3.284471459999999752e+02
3.260174440000000118e+02
3.235394900000000007e+02
3.213618940000000066e+02
3.194017519999999877e+02
3.171105739999999855e+02
3.150407880000000205e+02
3.125797319999999786e+02
3.104848440000000096e+02
3.085233279999999922e+02
3.065646160000000009e+02
3.042397520000000100e+02
3.022144799999999805e+02
3.001137200000000007e+02
2.977908540000000244e+02
2.960833999999999833e+02
2.943201520000000073e+02
2.920563300000000027e+02
2.900481159999999932e+02
2.883147060000000010e+02
2.867148080000000050e+02
2.846960119999999961e+02
2.826276899999999728e+02
2.807698800000000006e+02
2.790550279999999930e+02
2.772917059999999765e+02
2.754901380000000017e+02
2.734413660000000164e+02
2.717199539999999729e+02
2.699166519999999991e+02
2.680074179999999728e+02
2.663217460000000187e+02
2.648175880000000006e+02
2.629863960000000134e+02
2.612881179999999972e+02
2.593812520000000177e+02
2.578563859999999863e+02
2.559972740000000044e+02
2.543699959999999862e+02
2.526275919999999928e+02
2.510489340000000027e+02
2.491712479999999914e+02
2.477433440000000076e+02
2.462564700000000073e+02
2.444498379999999997e+02
2.432371540000000039e+02
2.413034800000000075e+02
2.398896839999999884e+02
2.380907100000000014e+02
2.366401799999999866e+02
2.348389280000000099e+02
2.334719240000000013e+02
2.316440560000000062e+02
2.302657039999999995e+02
2.287769380000000012e+02
2.273040660000000059e+02
2.258495699999999999e+02
2.242299299999999960e+02
2.224040459999999939e+02
2.210364179999999976e+02
2.196657859999999971e+02
2.182158599999999922e+02
2.166267520000000104e+02
2.149984080000000120e+02
2.135665300000000002e+02
2.121499939999999924e+02
2.106821140000000128e+02
2.093162220000000104e+02
2.077935019999999895e+02
2.066651899999999955e+02
2.049563220000000001e+02
2.036638580000000047e+02
2.023242579999999862e+02
2.007500000000000000e+02
1.991371259999999950e+02
1.978491659999999968e+02
1.963994219999999871e+02
1.951246639999999957e+02
1.937117240000000038e+02
1.924868319999999926e+02
1.907045760000000030e+02
1.897578499999999906e+02
1.883616499999999974e+02
1.867513380000000041e+02
1.854969519999999932e+02
1.840752439999999979e+02
1.824546699999999930e+02
1.814049479999999903e+02
1.799517940000000067e+02
1.786836859999999945e+02
1.774337260000000072e+02
1.759798700000000053e+02
1.747055780000000027e+02
1.733552479999999889e+02
1.721045719999999903e+02
1.708437040000000025e+02
1.694546200000000056e+02
1.681656179999999949e+02
1.670009660000000054e+02
1.655357520000000022e+02
1.642621460000000013e+02
1.629596620000000087e+02
1.616571419999999932e+02
1.603569540000000018e+02
1.590341339999999946e+02
1.578081559999999968e+02
1.565756360000000029e+02
1.551985640000000046e+02
1.539379800000000103e+02
1.527102500000000020e+02
1.515875080000000139e+02
1.501855579999999861e+02
1.490811960000000056e+02
1.478230039999999974e+02
1.463900999999999897e+02
1.453691000000000031e+02
1.442005320000000097e+02
1.428213399999999922e+02
1.415590300000000070e+02
1.404134720000000129e+02
1.390777659999999969e+02
1.379195220000000006e+02
1.367496539999999925e+02
1.353729500000000030e+02
1.341181200000000047e+02
1.331375879999999938e+02
1.319591340000000059e+02
1.307583979999999997e+02
1.293709279999999922e+02
1.282455960000000061e+02
1.271439000000000021e+02
1.258884539999999959e+02
1.246808159999999930e+02
1.233467459999999960e+02
1.223188899999999961e+02
1.210996119999999934e+02
1.197646100000000047e+02
1.186506959999999964e+02
1.174582620000000048e+02
1.163155000000000001e+02
1.152604000000000042e+02
1.140215800000000002e+02
1.128347579999999937e+02
1.116691820000000064e+02
1.104574039999999968e+02
1.094889359999999954e+02
1.082570039999999949e+02
1.072022000000000048e+02
1.059289519999999953e+02
1.047669580000000025e+02
1.035141540000000049e+02
1.024660820000000001e+02
1.013266480000000058e+02
1.002990300000000019e+02
9.915289799999999332e+01
9.806222999999999956e+01
9.682090800000000286e+01
9.572864400000000273e+01
9.464600599999999986e+01
9.332336999999999705e+01
9.216667200000000548e+01
9.121205999999999392e+01
9.014486800000000244e+01
8.892980400000000429e+01
8.785124999999999318e+01
8.665617000000000303e+01
8.558720599999999479e+01
8.464781399999999678e+01
8.350799000000000660e+01
8.217998599999999954e+01
8.113008600000000570e+01
8.000610799999999756e+01
7.893788000000000693e+01
7.780023400000000322e+01
7.665672399999999698e+01
7.562389600000000200e+01
7.455858399999999619e+01
7.353645400000000620e+01
7.240158399999999972e+01
7.131116600000000005e+01
7.009018600000000276e+01
6.902703999999999951e+01
6.802517199999999775e+01
6.682152000000000669e+01
6.579457399999999723e+01
6.479811800000000233e+01
6.372760600000000153e+01
6.273610599999999948e+01
6.161534199999999828e+01
6.055690599999999790e+01
5.933940199999999976e+01
5.836700600000000350e+01
5.716214200000000289e+01
5.620548800000000256e+01
5.520429399999999731e+01
5.401784200000000169e+01
5.299967399999999884e+01
5.200991400000000198e+01
5.078871399999999880e+01
4.979343399999999775e+01
4.872415399999999863e+01
4.777521999999999736e+01
4.661389199999999988e+01
4.563962399999999775e+01
4.449499600000000044e+01
4.353664799999999957e+01
4.237113800000000197e+01
4.134053399999999812e+01
4.034703999999999979e+01
3.936016800000000160e+01
3.825968600000000208e+01
3.723406800000000061e+01
3.616471200000000152e+01
3.521265199999999851e+01
3.415257600000000338e+01
3.307340599999999853e+01
3.206633399999999767e+01
3.094838000000000022e+01
2.990634800000000126e+01
2.885254600000000025e+01
2.782796400000000148e+01
2.680220200000000119e+01
2.584125600000000134e+01
2.476497399999999871e+01
2.372728599999999943e+01
2.275834800000000158e+01
2.167108800000000102e+01
2.073573599999999928e+01
1.968319199999999825e+01
1.872173599999999993e+01
1.773323399999999950e+01
1.659767799999999838e+01
1.566948400000000063e+01
1.461808199999999935e+01
1.360389200000000010e+01
1.255208999999999975e+01
1.162086000000000041e+01
1.052602800000000016e+01
9.534117999999999427e+00
8.565637999999999863e+00
7.539045999999999914e+00
6.523967999999999989e+00
5.520961999999999925e+00
4.494939999999999714e+00
3.521837999999999802e+00
2.504512000000000072e+00
1.509392000000000067e+00
5.028700000000000392e-01
L=10.0,N=500,T=3.0,r=0.16,eta=0.40212385965949354,t=901.96191239357s