0.000000000000000000e+00
0.000000000000000000e+00
0.000000000000000000e+00
0.000000000000000000e+00
0.000000000000000000e+00
0.000000000000000000e+00
0.000000000000000000e+00
0.000000000000000000e+00
0.000000000000000000e+00
0.000000000000000000e+00
0.000000000000000000e+00
0.000000000000000000e+00
0.000000000000000000e+00
0.000000000000000000e+00
0.000000000000000000e+00
0.000000000000000000e+00
0.000000000000000000e+00
0.000000000000000000e+00
0.000000000000000000e+00
0.000000000000000000e+00
0.000000000000000000e+00
0.000000000000000000e+00
0.000000000000000000e+00
0.000000000000000000e+00
0.000000000000000000e+00
0.000000000000000000e+00
0.000000000000000000e+00
0.000000000000000000e+00
0.000000000000000000e+00
0.000000000000000000e+00
0.000000000000000000e+00
0.000000000000000000e+00
0.000000000000000000e+00
0.000000000000000000e+00
0.000000000000000000e+00
0.000000000000000000e+00
0.000000000000000000e+00
0.000000000000000000e+00
0.000000000000000000e+00
0.000000000000000000e+00
0.000000000000000000e+00
0.000000000000000000e+00
0.000000000000000000e+00
0.000000000000000000e+00
0.000000000000000000e+00
8.708024799999999743e+01
1.131864159999999941e+02
1.099120199999999983e+02
1.066677880000000016e+02
1.031425500000000000e+02
1.002309580000000011e+02
9.731811999999999330e+01
9.435827399999999443e+01
9.185622399999999743e+01
8.921219200000000171e+01
8.663548600000000022e+01
8.448850000000000193e+01
8.238854999999999507e+01
7.999897599999999898e+01
7.799950200000000677e+01
7.633373400000000686e+01
7.455449199999999621e+01
7.273233199999999954e+01
7.118527000000000271e+01
6.990484600000000626e+01
6.845160599999999818e+01
6.703121600000000058e+01
6.594712599999999725e+01
6.485736599999999896e+01
6.377849799999999902e+01
6.320862000000000336e+01
6.247850799999999793e+01
6.181723999999999819e+01
6.133719200000000171e+01
6.096561200000000014e+01
6.073376999999999981e+01
6.042002800000000207e+01
6.030901000000000067e+01
6.053660800000000108e+01
6.068370600000000081e+01
6.125866400000000311e+01
6.185204600000000141e+01
6.259437199999999990e+01
6.366145999999999816e+01
6.487815399999999499e+01
6.646337800000000584e+01
6.773832000000000164e+01
7.000731199999999887e+01
7.247173600000000704e+01
7.552008600000000627e+01
7.899426400000000115e+01
8.402397799999999961e+01
8.847515199999999425e+01
9.229453399999999874e+01
9.587442599999999970e+01
9.896909399999999835e+01
1.020679240000000050e+02
1.041386159999999990e+02
1.064134179999999930e+02
1.085107619999999997e+02
1.101128839999999940e+02
1.114811239999999941e+02
1.124808699999999959e+02
1.136697180000000031e+02
1.146372559999999936e+02
1.150143819999999977e+02
1.157349619999999959e+02
1.163649439999999942e+02
1.165987619999999936e+02
1.170063659999999999e+02
1.171899760000000015e+02
1.175488619999999997e+02
1.174777220000000000e+02
1.178685720000000003e+02
1.176975419999999986e+02
1.177741299999999995e+02
1.178548779999999994e+02
1.178031220000000019e+02
1.179147499999999980e+02
1.179909140000000036e+02
1.178173359999999974e+02
1.182838880000000046e+02
1.184779599999999959e+02
1.187189719999999937e+02
1.186991000000000014e+02
1.192827240000000018e+02
1.196863000000000028e+02
1.201734340000000003e+02
1.209823719999999980e+02
1.216476260000000025e+02
1.221787319999999966e+02
1.229181659999999994e+02
1.241861200000000025e+02
1.254778000000000020e+02
1.265244780000000020e+02
1.276832019999999943e+02
1.292683820000000026e+02
1.305207200000000114e+02
1.322708759999999870e+02
1.338868500000000097e+02
1.351793179999999950e+02
1.369310859999999934e+02
1.387919880000000035e+02
1.403965980000000116e+02
1.418301940000000059e+02
1.435872160000000122e+02
1.449150480000000130e+02
1.467778859999999952e+02
1.477923639999999921e+02
1.496582160000000101e+02
1.510701720000000137e+02
1.520865780000000029e+02
1.532818959999999890e+02
1.546000219999999956e+02
1.556645139999999969e+02
1.560662240000000054e+02
1.573317619999999977e+02
1.583211300000000108e+02
1.589778340000000014e+02
1.602833039999999869e+02
1.613663099999999986e+02
1.619355319999999949e+02
1.626310259999999914e+02
1.631971340000000055e+02
1.639563780000000008e+02
1.645478099999999984e+02
1.652894039999999904e+02
1.657309779999999932e+02
1.669274739999999895e+02
1.675010540000000105e+02
1.678896880000000067e+02
1.689259140000000059e+02
1.695424140000000079e+02
1.705218619999999987e+02
1.709113940000000014e+02
1.720963539999999909e+02
1.724771619999999928e+02
1.733569380000000137e+02
1.745816499999999962e+02
1.751721799999999973e+02
1.759332699999999932e+02
1.767515620000000069e+02
1.779421279999999967e+02
1.790824739999999906e+02
1.800008440000000007e+02
1.811718799999999874e+02
1.818917120000000125e+02
1.833307460000000049e+02
1.845890540000000044e+02
1.855019619999999918e+02
1.864649599999999907e+02
1.877291459999999859e+02
1.888937599999999861e+02
1.902138160000000084e+02
1.914666060000000130e+02
1.923409000000000049e+02
1.934722639999999956e+02
1.950386579999999981e+02
1.958445859999999925e+02
1.966207320000000038e+02
1.976384439999999927e+02
1.991947419999999909e+02
1.999340620000000115e+02
2.017603499999999883e+02
2.022408859999999891e+02
2.032472099999999955e+02
2.043884380000000078e+02
2.054251120000000128e+02
2.060522939999999892e+02
2.072624559999999860e+02
2.082535880000000077e+02
2.091213899999999910e+02
2.103040420000000097e+02
2.110918680000000052e+02
2.118149280000000090e+02
2.127559559999999976e+02
2.138383819999999957e+02
2.144138059999999939e+02
2.153356579999999951e+02
2.162770580000000109e+02
2.175906479999999874e+02
2.184222540000000095e+02
2.190097059999999942e+02
2.199737000000000080e+02
2.208380300000000034e+02
2.221738679999999988e+02
2.228708399999999870e+02
2.236507239999999967e+02
2.244528019999999913e+02
2.259267079999999908e+02
2.265463200000000086e+02
2.274431380000000047e+02
2.284531340000000057e+02
2.291965720000000033e+02
2.304067200000000071e+02
2.319150140000000135e+02
2.326047739999999919e+02
2.330665459999999882e+02
2.348135240000000010e+02
2.356980379999999968e+02
2.365762300000000096e+02
2.375840499999999906e+02
2.388139219999999909e+02
2.393129120000000114e+02
2.407650199999999927e+02
2.420244959999999992e+02
2.426782660000000078e+02
2.437742800000000045e+02
2.449184339999999906e+02
2.457111460000000136e+02
2.470044719999999927e+02
2.478400599999999940e+02
2.491736679999999922e+02
2.498481400000000008e+02
2.510290960000000098e+02
2.519048139999999876e+02
2.529334599999999966e+02
2.535960239999999999e+02
2.548843679999999949e+02
2.560179219999999987e+02
2.568765619999999785e+02
2.575044060000000172e+02
2.589886900000000196e+02
2.599577320000000213e+02
2.606169540000000211e+02
2.615792180000000258e+02
2.628261100000000283e+02
2.638319559999999910e+02
2.643323859999999854e+02
2.658381840000000125e+02
2.661729659999999740e+02
2.674925140000000283e+02
2.682395139999999856e+02
2.698101940000000241e+02
2.701834460000000036e+02
2.711000359999999887e+02
2.723701360000000022e+02
2.731365680000000111e+02
2.740727840000000128e+02
2.751891120000000228e+02
2.761044099999999730e+02
2.766632860000000278e+02
2.783287159999999858e+02
2.792178759999999897e+02
2.799056219999999939e+02
2.808618200000000229e+02
2.820602279999999951e+02
2.829212420000000066e+02
2.842885539999999764e+02
2.848272739999999885e+02
2.863377019999999789e+02
2.872577059999999847e+02
2.884687759999999912e+02
2.889016100000000051e+02
2.903746419999999944e+02
2.906113359999999943e+02
2.919558579999999779e+02
2.930363960000000247e+02
2.941574219999999968e+02
2.948847139999999740e+02
2.963636060000000043e+02
2.968570740000000114e+02
2.976196640000000002e+02
2.989355160000000069e+02
3.002309200000000260e+02
3.012175639999999817e+02
3.017104039999999827e+02
3.028348080000000095e+02
3.042916180000000281e+02
3.049007780000000025e+02
3.057137740000000008e+02
3.070788519999999835e+02
3.079391719999999850e+02
3.091154819999999859e+02
3.106282899999999927e+02
3.108072319999999991e+02
3.124252000000000180e+02
3.130212720000000104e+02
3.135561119999999846e+02
3.145954380000000015e+02
3.157704620000000091e+02
3.163829660000000104e+02
3.181272819999999797e+02
3.184027560000000108e+02
3.196389060000000200e+02
3.203387599999999793e+02
3.216207019999999943e+02
3.218381759999999758e+02
3.232634039999999800e+02
3.243498079999999959e+02
3.253970860000000016e+02
3.261376200000000267e+02
3.273658919999999739e+02
3.281729760000000056e+02
3.294991860000000088e+02
3.305481439999999793e+02
3.313265279999999962e+02
3.322751739999999927e+02
3.333781399999999735e+02
3.345096839999999929e+02
3.356593320000000062e+02
3.360265979999999786e+02
3.377287699999999973e+02
3.384626739999999927e+02
3.393139459999999872e+02
3.403257140000000049e+02
3.410339559999999892e+02
3.422640860000000202e+02
3.433242799999999875e+02
3.444376359999999977e+02
3.453579859999999826e+02
3.463304600000000164e+02
3.469386959999999931e+02
3.486227000000000089e+02
3.490422599999999989e+02
3.502816480000000183e+02
3.512764859999999771e+02
3.526468360000000075e+02
3.533326379999999745e+02
3.543391760000000090e+02
3.557830640000000244e+02
3.558851339999999936e+02
3.569703660000000127e+02
3.578054060000000050e+02
3.592612720000000195e+02
3.602991739999999936e+02
3.607142119999999750e+02
3.624053860000000213e+02
3.630736919999999941e+02
3.634987399999999980e+02
3.650486559999999940e+02
3.658762280000000260e+02
3.670733700000000113e+02
3.675264399999999796e+02
3.689981700000000160e+02
3.692817600000000198e+02
3.707782740000000103e+02
3.714728460000000041e+02
3.725830220000000281e+02
3.740094740000000115e+02
3.748412539999999922e+02
3.757825819999999908e+02
3.768466999999999985e+02
3.777938619999999901e+02
3.780335620000000176e+02
3.800527960000000007e+02
3.811897900000000163e+02
3.816550819999999931e+02
3.821026340000000232e+02
3.835147779999999784e+02
3.845665040000000090e+02
3.858095519999999965e+02
3.859731939999999781e+02
3.880277699999999754e+02
3.886176960000000236e+02
3.896689259999999990e+02
3.903976700000000051e+02
3.914927040000000034e+02
3.924911559999999895e+02
3.935600360000000251e+02
3.944537540000000035e+02
3.956471280000000093e+02
3.966896360000000072e+02
3.976046019999999999e+02
3.984474839999999745e+02
3.999281879999999774e+02
4.004441739999999754e+02
4.013943780000000174e+02
4.026592479999999910e+02
4.037920320000000061e+02
4.040615500000000111e+02
4.054311299999999960e+02
4.061853939999999739e+02
4.070474939999999719e+02
4.081335639999999785e+02
4.094902819999999792e+02
4.101689579999999751e+02
4.113608500000000276e+02
4.119757999999999925e+02
4.133305119999999988e+02
4.143152039999999943e+02
4.151311180000000149e+02
4.159597600000000170e+02
4.171122340000000008e+02
4.179857939999999985e+02
4.193915119999999774e+02
4.196668819999999869e+02
4.210102679999999964e+02
4.219930979999999749e+02
4.233912520000000086e+02
4.240461760000000027e+02
4.247980860000000121e+02
4.261341279999999756e+02
4.272661699999999882e+02
4.279348299999999767e+02
4.287240939999999796e+02
4.295711719999999900e+02
4.311338000000000079e+02
4.320640300000000025e+02
4.329136520000000132e+02
4.337344120000000203e+02
4.347428179999999998e+02
4.358473920000000135e+02
4.369794299999999794e+02
4.381652579999999944e+02
4.383820860000000152e+02
4.398357480000000237e+02
4.408915640000000167e+02
4.418918419999999969e+02
4.426902319999999804e+02
4.439788159999999948e+02
4.446490120000000275e+02
4.463093519999999899e+02
4.471900620000000117e+02
4.477170320000000174e+02
4.483545960000000150e+02
4.493131000000000199e+02
4.506361360000000218e+02
4.513451019999999971e+02
4.524883960000000229e+02
4.532897039999999720e+02
4.550569199999999910e+02
4.549610620000000267e+02
4.566968439999999987e+02
4.572817880000000059e+02
4.587283679999999890e+02
4.596283119999999940e+02
4.607113079999999741e+02
4.617328380000000152e+02
4.629009500000000230e+02
4.630948639999999727e+02
4.647219380000000228e+02
4.647261480000000233e+02
4.661583200000000033e+02
4.675149840000000268e+02
4.687382420000000138e+02
4.697136080000000220e+02
4.704588860000000068e+02
4.710297019999999861e+02
4.724232119999999782e+02
4.733939379999999915e+02
4.738447820000000092e+02
4.755703720000000203e+02
4.759869100000000230e+02
4.774156679999999824e+02
4.782625400000000013e+02
4.792007540000000176e+02
4.799017220000000066e+02
4.808408660000000054e+02
4.821145319999999970e+02
4.828502280000000155e+02
4.840953499999999963e+02
4.851825919999999996e+02
4.862881279999999720e+02
4.871302840000000174e+02
4.883900080000000230e+02
4.895355920000000083e+02
4.900042619999999829e+02
4.909848739999999907e+02
4.919224239999999782e+02
4.932788840000000050e+02
4.937275639999999726e+02
4.951060780000000250e+02
4.962609659999999963e+02
4.970007479999999873e+02
4.975476560000000177e+02
4.988522679999999809e+02
4.999424819999999841e+02
5.008000440000000140e+02
5.021133600000000001e+02
5.024587159999999812e+02
5.038235900000000242e+02
5.052901180000000068e+02
5.058340840000000185e+02
5.063494200000000092e+02
5.076469680000000153e+02
5.092697539999999776e+02
5.099007300000000100e+02
5.102230819999999767e+02
5.116884640000000104e+02
5.126124700000000303e+02
5.139967259999999669e+02
5.140965619999999490e+02
5.154049860000000081e+02
5.163844340000000557e+02
5.178274840000000268e+02
5.182099600000000237e+02
5.193588379999999916e+02
5.206184180000000197e+02
5.215190900000000056e+02
5.227453100000000177e+02
5.239891059999999925e+02
5.247764499999999543e+02
5.253125659999999471e+02
5.261763660000000300e+02
5.272813539999999648e+02
5.284747740000000249e+02
5.301525319999999510e+02
5.306389540000000125e+02
5.312610640000000330e+02
5.326816720000000487e+02
5.343257720000000290e+02
5.340799839999999676e+02
5.346674040000000332e+02
5.366102499999999509e+02
5.374628800000000410e+02
5.377660359999999855e+02
5.393184840000000122e+02
5.401742739999999685e+02
5.414956200000000308e+02
5.419484300000000303e+02
5.430495200000000295e+02
5.442179200000000492e+02
5.453162839999999960e+02
5.461982739999999694e+02
5.479593519999999671e+02
5.486140080000000125e+02
5.490048580000000129e+02
5.501162480000000414e+02
5.508134740000000420e+02
5.519737400000000207e+02
5.529768540000000030e+02
5.544253039999999828e+02
5.551042680000000473e+02
5.556564059999999472e+02
5.568826340000000528e+02
5.579281999999999471e+02
5.590222459999999955e+02
5.598892919999999549e+02
5.609592920000000049e+02
5.613829019999999446e+02
5.629563580000000229e+02
5.636637299999999868e+02
5.652463420000000269e+02
5.656983139999999821e+02
5.670862620000000334e+02
5.675891279999999597e+02
5.688135140000000547e+02
5.695355960000000550e+02
5.711698179999999638e+02
5.714017959999999903e+02
5.730942400000000134e+02
5.739413580000000366e+02
5.752027799999999615e+02
5.759587480000000141e+02
5.763664559999999710e+02
5.776041060000000016e+02
5.784680100000000493e+02
5.799234500000000025e+02
5.804976580000000013e+02
5.815901900000000069e+02
5.823454980000000205e+02
5.840829459999999926e+02
5.848066599999999653e+02
5.853240580000000364e+02
5.866977279999999837e+02
5.879101319999999760e+02
5.880662479999999732e+02
5.896873600000000124e+02
5.908464559999999892e+02
5.916615520000000288e+02
5.917980860000000121e+02
5.931488759999999729e+02
5.944263859999999795e+02
5.951469959999999446e+02
5.966450680000000375e+02
5.976485860000000230e+02
5.983596360000000232e+02
6.007139399999999796e+02
6.002878439999999500e+02
6.015161960000000363e+02
6.024470139999999674e+02
6.028202320000000327e+02
6.038472620000000006e+02
6.055797179999999571e+02
6.054557379999999966e+02
6.072874600000000100e+02
6.087414659999999458e+02
6.087648659999999836e+02
6.103915960000000496e+02
6.109432759999999689e+02
6.121661199999999781e+02
6.134299700000000257e+02
6.141243940000000521e+02
6.159631679999999960e+02
6.164522140000000263e+02
6.166520239999999831e+02
6.180424920000000384e+02
6.190742619999999761e+02
6.198069819999999481e+02
6.205214200000000346e+02
6.223902160000000094e+02
6.229426600000000462e+02
6.241736220000000230e+02
6.251319580000000542e+02
6.258092060000000174e+02
6.268065500000000156e+02
6.280229500000000371e+02
6.289442900000000236e+02
6.296417159999999740e+02
6.307975440000000162e+02
6.321642279999999801e+02
6.332202979999999570e+02
6.338659440000000131e+02
6.350856559999999718e+02
6.355139400000000478e+02
6.357944619999999532e+02
6.377277119999999968e+02
6.389975239999999985e+02
6.395929320000000189e+02
6.407399739999999611e+02
6.414822679999999764e+02
6.428578320000000303e+02
6.438407740000000103e+02
6.451283519999999498e+02
6.458199059999999463e+02
6.468949920000000020e+02
6.474291919999999436e+02
6.486744860000000017e+02
6.502099259999999958e+02
6.509205560000000332e+02
6.516483140000000276e+02
6.530613039999999501e+02
6.532629140000000234e+02
6.543078940000000330e+02
6.550024140000000443e+02
6.565385300000000370e+02
6.574704440000000432e+02
6.588867099999999937e+02
6.589793240000000196e+02
6.607002860000000055e+02
6.615564500000000407e+02
6.623484059999999545e+02
6.633504560000000083e+02
6.641254840000000286e+02
6.652041819999999461e+02
6.658300460000000385e+02
6.675423779999999851e+02
6.687673039999999673e+02
6.697206340000000182e+02
6.698257519999999658e+02
6.710928880000000163e+02
6.724585120000000416e+02
6.734521439999999757e+02
6.742766400000000431e+02
6.745195599999999558e+02
6.766214119999999639e+02
6.769683179999999538e+02
6.779167919999999867e+02
6.792486239999999498e+02
6.803188579999999774e+02
6.810908339999999725e+02
6.819775499999999511e+02
6.831064860000000181e+02
6.843959220000000414e+02
6.840205620000000408e+02
6.858508480000000418e+02
6.867110539999999901e+02
6.882668479999999818e+02
6.888446979999999940e+02
6.899693439999999782e+02
6.909090539999999692e+02
6.914907180000000153e+02
6.931395999999999731e+02
6.942065199999999550e+02
6.955534539999999879e+02
6.967067399999999679e+02
6.706930399999999963e+02
6.427636760000000322e+02
6.256867280000000164e+02
6.126493259999999736e+02
6.014084840000000440e+02
5.923907020000000330e+02
5.832023540000000139e+02
5.744293280000000550e+02
5.666770780000000514e+02
5.602158899999999448e+02
5.533356440000000021e+02
5.472487380000000030e+02
5.403779439999999568e+02
5.356904080000000477e+02
5.298956660000000056e+02
5.243336279999999761e+02
5.192851279999999861e+02
5.143445359999999482e+02
5.092022979999999848e+02
5.043875259999999798e+02
4.998192619999999806e+02
4.953672280000000114e+02
4.910100279999999771e+02
4.872847879999999918e+02
4.828439420000000268e+02
4.793581800000000044e+02
4.751579719999999725e+02
4.706441399999999931e+02
4.673433739999999830e+02
4.635842759999999885e+02
4.606386759999999754e+02
4.559600040000000263e+02
4.531297860000000242e+02
4.498480200000000195e+02
4.463190240000000131e+02
4.433310860000000275e+02
4.389444419999999809e+02
4.364178759999999784e+02
4.329717319999999745e+02
4.298917539999999917e+02
4.265930159999999773e+02
4.234551559999999881e+02
4.205953759999999875e+02
4.173171419999999898e+02
4.144814739999999915e+02
4.117819700000000012e+02
4.085758079999999950e+02
4.064484400000000051e+02
4.027070140000000151e+02
4.002562940000000253e+02
3.977344540000000279e+02
3.944764000000000124e+02
3.922880700000000047e+02
3.892809379999999919e+02
3.866904700000000048e+02
3.843583639999999946e+02
3.818512259999999969e+02
3.791411939999999845e+02
3.764954839999999763e+02
3.746027500000000146e+02
3.722565240000000131e+02
3.694108959999999797e+02
3.668118440000000078e+02
3.640624520000000075e+02
3.615354199999999878e+02
3.591157660000000078e+02
3.568192740000000072e+02
3.547040480000000002e+02
3.521245559999999841e+02
3.501438099999999736e+02
3.476790740000000142e+02
3.454128999999999792e+02
3.433230839999999944e+02
3.406929020000000037e+02
3.388547379999999976e+02
3.367757219999999734e+02
3.342704219999999964e+02
3.321991560000000163e+02
3.300597500000000082e+02
3.278809200000000033e+02
3.251951740000000086e+02
3.234484959999999774e+02
3.212232240000000161e+02
3.191901219999999739e+02
3.168053419999999960e+02
3.148035320000000183e+02
3.129660139999999728e+02
3.106822000000000230e+02
3.091969159999999874e+02
3.068371799999999894e+02
3.044801259999999843e+02
3.024786020000000235e+02
3.004218660000000227e+02
2.983846580000000017e+02
2.966937960000000203e+02
2.945122420000000147e+02
2.926287179999999921e+02
2.910191619999999944e+02
2.888589739999999892e+02
2.870115959999999973e+02
2.850826420000000212e+02
2.828398379999999861e+02
2.816355580000000032e+02
2.791583219999999983e+02
2.774602100000000178e+02
2.755154800000000250e+02
2.739228439999999978e+02
2.718532559999999876e+02
2.700280079999999998e+02
2.682552200000000084e+02
2.661543139999999994e+02
2.638853619999999864e+02
2.627053920000000176e+02
2.609721279999999979e+02
2.587903600000000210e+02
2.571260560000000055e+02
2.554055260000000089e+02
2.536870979999999918e+02
2.517090739999999869e+02
2.496538559999999904e+02
2.481725959999999986e+02
2.466828879999999913e+02
2.447443900000000099e+02
2.430698299999999961e+02
2.414527180000000044e+02
2.398223140000000058e+02
2.376290140000000122e+02
2.357953359999999918e+02
2.345154239999999959e+02
2.326560220000000072e+02
2.313445759999999893e+02
2.291871759999999938e+02
2.275412760000000105e+02
2.258227660000000014e+02
2.240626139999999964e+02
2.227699560000000076e+02
2.207684260000000052e+02
2.191354019999999991e+02
2.174284759999999892e+02
2.160402620000000127e+02
2.140297060000000045e+02
2.126093559999999911e+02
2.109350599999999929e+02
2.096639900000000125e+02
2.079229400000000112e+02
2.053617680000000121e+02
2.043893199999999979e+02
2.029261140000000125e+02
2.008388199999999983e+02
1.996437779999999975e+02
1.982289279999999962e+02
1.964040779999999984e+02
1.948665139999999951e+02
1.935271020000000135e+02
1.917271179999999902e+02
1.903829079999999863e+02
1.883118020000000001e+02
1.868477900000000034e+02
1.852839659999999924e+02
1.837278599999999926e+02
1.822649839999999983e+02
1.806211999999999875e+02
1.793592759999999942e+02
1.777174760000000049e+02
1.760273500000000126e+02
1.743656520000000114e+02
1.728032959999999889e+02
1.713894359999999892e+02
1.697173439999999971e+02
1.687291859999999986e+02
1.669509879999999953e+02
1.654439040000000034e+02
1.637410519999999963e+02
1.621422120000000007e+02
1.609733040000000130e+02
1.592273680000000127e+02
1.577708419999999876e+02
1.564712079999999901e+02
1.545896960000000036e+02
1.535717820000000131e+02
1.518424699999999916e+02
1.502970960000000105e+02
1.490139599999999973e+02
1.474564640000000111e+02
1.460609660000000076e+02
1.443563420000000121e+02
1.431897179999999992e+02
1.417449839999999881e+02
1.400758439999999894e+02
1.388816160000000082e+02
1.374938899999999933e+02
1.357107359999999971e+02
1.342559420000000046e+02
1.330333280000000116e+02
1.312350040000000035e+02
1.302042840000000012e+02
1.286012639999999863e+02
1.272998340000000042e+02
1.259263779999999997e+02
1.244213940000000065e+02
1.226527080000000041e+02
1.214935320000000019e+02
1.200503099999999961e+02
1.188229620000000040e+02
1.171406379999999956e+02
1.158701740000000058e+02
1.144227240000000023e+02
1.128996000000000066e+02
1.118600799999999964e+02
1.100275400000000019e+02
1.089146960000000064e+02
1.075926139999999975e+02
1.060829640000000040e+02
1.044139660000000021e+02
1.029270860000000027e+02
1.017735700000000065e+02
1.003123159999999956e+02
9.900957200000000569e+01
9.758454399999999396e+01
9.615617399999999293e+01
9.491096000000000288e+01
9.360855999999999710e+01
9.202973599999999976e+01
9.068153399999999920e+01
8.933781999999999357e+01
8.810238400000000070e+01
8.670549400000000162e+01
8.529563400000000684e+01
8.383633000000000379e+01
8.250962599999999725e+01
8.114157199999999648e+01
7.986921399999999949e+01
7.861927400000000432e+01
7.721811399999999992e+01
7.611485000000000412e+01
7.440665199999999402e+01
7.321881999999999380e+01
7.176288399999999967e+01
7.057068200000000502e+01
6.922920000000000584e+01
6.789520199999999761e+01
6.636539000000000499e+01
6.526426600000000633e+01
6.376283999999999708e+01
6.248384399999999772e+01
6.117994399999999899e+01
5.978956199999999654e+01
5.853012799999999771e+01
5.710628200000000021e+01
5.585027999999999793e+01
5.461008999999999958e+01
5.326714400000000182e+01
5.192548200000000236e+01
5.066770600000000258e+01
4.947291799999999995e+01
4.795833600000000274e+01
4.671213800000000305e+01
4.555666399999999783e+01
4.395028200000000140e+01
4.271542199999999667e+01
4.163835399999999964e+01
4.021976399999999785e+01
3.884521000000000157e+01
3.752723199999999792e+01
3.618703599999999909e+01
3.503991200000000106e+01
3.367106199999999916e+01
3.244686000000000092e+01
3.099743000000000137e+01
2.990850400000000064e+01
2.853761599999999987e+01
2.720920999999999879e+01
2.592697400000000130e+01
2.473833600000000033e+01
2.346334799999999987e+01
2.209746799999999922e+01
2.086777599999999921e+01
1.955146799999999985e+01
1.832919400000000110e+01
1.703105400000000103e+01
1.584195199999999915e+01
1.453214799999999940e+01
1.321752000000000038e+01
1.193560000000000088e+01
1.075887400000000049e+01
9.469732000000000482e+00
8.137905999999999196e+00
6.929858000000000295e+00
5.677050000000000374e+00
4.378079999999999750e+00
3.136356000000000144e+00
1.894192000000000098e+00
6.308399999999999563e-01
L=10.0,N=560,T=1.0,r=0.16,eta=0.4503787228186327,t=1639.8240203857422s