0.000000000000000000e+00
0.000000000000000000e+00
0.000000000000000000e+00
0.000000000000000000e+00
0.000000000000000000e+00
0.000000000000000000e+00
0.000000000000000000e+00
0.000000000000000000e+00
0.000000000000000000e+00
0.000000000000000000e+00
0.000000000000000000e+00
0.000000000000000000e+00
0.000000000000000000e+00
0.000000000000000000e+00
0.000000000000000000e+00
0.000000000000000000e+00
0.000000000000000000e+00
0.000000000000000000e+00
0.000000000000000000e+00
0.000000000000000000e+00
0.000000000000000000e+00
5.038610000000000033e-01
5.868980000000000308e-01
5.215039999999999676e-01
4.665429999999999855e-01
4.234129999999999838e-01
3.816510000000000180e-01
3.492029999999999856e-01
3.214949999999999752e-01
2.936520000000000241e-01
2.777830000000000021e-01
2.573579999999999757e-01
2.444169999999999954e-01
2.346890000000000087e-01
2.300129999999999952e-01
2.291030000000000011e-01
2.274370000000000003e-01
2.339859999999999995e-01
2.458500000000000130e-01
2.634190000000000142e-01
2.948790000000000022e-01
3.282579999999999942e-01
3.802570000000000117e-01
4.496580000000000021e-01
4.965950000000000086e-01
5.252350000000000074e-01
5.405469999999999997e-01
5.475100000000000522e-01
5.496900000000000119e-01
5.473590000000000400e-01
5.386910000000000309e-01
5.318410000000000082e-01
5.215410000000000323e-01
5.087369999999999948e-01
5.006629999999999692e-01
4.975580000000000003e-01
4.967070000000000096e-01
4.863190000000000013e-01
4.935950000000000060e-01
4.926889999999999881e-01
5.060499999999999998e-01
5.206330000000000124e-01
5.351960000000000051e-01
5.619269999999999543e-01
5.858619999999999939e-01
6.105850000000000444e-01
6.378000000000000336e-01
6.595550000000000024e-01
6.786130000000000217e-01
6.974930000000000296e-01
6.922009999999999552e-01
5.814080000000000359e-01
5.134760000000000435e-01
4.637359999999999816e-01
4.270689999999999764e-01
3.895870000000000166e-01
3.618210000000000037e-01
3.329989999999999895e-01
3.112059999999999826e-01
2.924129999999999785e-01
2.695670000000000011e-01
2.528810000000000224e-01
2.349849999999999994e-01
2.199250000000000094e-01
2.038379999999999914e-01
1.885759999999999936e-01
1.774610000000000076e-01
1.603179999999999883e-01
1.485779999999999879e-01
1.347420000000000007e-01
1.197750000000000065e-01
1.084730000000000000e-01
9.464400000000000590e-02
8.253599999999999826e-02
6.821800000000000086e-02
5.622699999999999920e-02
4.322299999999999753e-02
3.151899999999999841e-02
1.845300000000000065e-02
5.826999999999999715e-03
