0.000000000000000000e+00
0.000000000000000000e+00
0.000000000000000000e+00
0.000000000000000000e+00
0.000000000000000000e+00
0.000000000000000000e+00
0.000000000000000000e+00
0.000000000000000000e+00
0.000000000000000000e+00
0.000000000000000000e+00
0.000000000000000000e+00
0.000000000000000000e+00
0.000000000000000000e+00
0.000000000000000000e+00
0.000000000000000000e+00
0.000000000000000000e+00
9.006999999999999382e-03
3.009660000000000113e-01
2.945209999999999773e-01
2.884849999999999914e-01
2.842470000000000274e-01
2.779099999999999904e-01
2.716810000000000058e-01
2.668679999999999941e-01
2.625950000000000228e-01
2.573300000000000032e-01
2.540549999999999753e-01
2.541559999999999930e-01
2.534969999999999724e-01
2.550220000000000264e-01
2.562479999999999758e-01
2.603300000000000058e-01
2.668389999999999929e-01
2.788200000000000123e-01
2.994760000000000200e-01
3.194859999999999922e-01
3.391419999999999990e-01
3.549390000000000045e-01
3.671730000000000271e-01
3.797479999999999745e-01
3.925440000000000040e-01
4.030850000000000266e-01
4.085039999999999782e-01
4.189939999999999776e-01
4.249100000000000099e-01
4.327449999999999908e-01
4.381439999999999779e-01
4.459549999999999903e-01
4.508170000000000233e-01
4.613510000000000111e-01
4.672930000000000139e-01
4.745420000000000194e-01
4.864850000000000008e-01
4.953759999999999830e-01
5.083050000000000068e-01
5.153180000000000538e-01
5.257530000000000259e-01
5.361609999999999987e-01
5.479140000000000121e-01
5.564959999999999907e-01
5.705459999999999976e-01
5.771420000000000439e-01
5.887379999999999836e-01
5.967959999999999932e-01
6.057399999999999451e-01
6.157249999999999668e-01
6.221529999999999561e-01
6.326060000000000016e-01
6.413280000000000092e-01
6.465509999999999868e-01
6.459510000000000529e-01
5.426569999999999450e-01
4.881329999999999836e-01
4.453150000000000164e-01
4.124030000000000196e-01
3.847450000000000037e-01
3.582879999999999954e-01
3.367240000000000233e-01
3.156599999999999961e-01
2.942770000000000108e-01
2.748999999999999777e-01
2.572800000000000087e-01
2.400410000000000044e-01
2.239730000000000054e-01
2.069060000000000066e-01
1.933709999999999873e-01
1.793669999999999987e-01
1.614470000000000072e-01
1.486659999999999926e-01
1.336370000000000058e-01
1.198700000000000043e-01
1.055169999999999997e-01
9.271400000000000474e-02
8.072799999999999421e-02
6.589299999999999324e-02
5.446200000000000346e-02
4.209700000000000247e-02
3.046400000000000149e-02
1.781599999999999850e-02
6.139999999999999625e-03
