0.000000000000000000e+00
0.000000000000000000e+00
0.000000000000000000e+00
0.000000000000000000e+00
0.000000000000000000e+00
0.000000000000000000e+00
0.000000000000000000e+00
0.000000000000000000e+00
0.000000000000000000e+00
0.000000000000000000e+00
0.000000000000000000e+00
9.343400000000000316e-02
1.426510000000000000e-01
1.486850000000000116e-01
1.563140000000000085e-01
1.614119999999999999e-01
1.669640000000000013e-01
1.716799999999999993e-01
1.779119999999999868e-01
1.833849999999999925e-01
1.888460000000000139e-01
1.971080000000000054e-01
2.050140000000000018e-01
2.142570000000000030e-01
2.238950000000000107e-01
2.356090000000000129e-01
2.451329999999999898e-01
2.552980000000000249e-01
2.626720000000000166e-01
2.723169999999999757e-01
2.818300000000000249e-01
2.911349999999999771e-01
3.009439999999999893e-01
3.094299999999999828e-01
3.190239999999999743e-01
3.275310000000000166e-01
3.386600000000000166e-01
3.481409999999999783e-01
3.562730000000000063e-01
3.637029999999999985e-01
3.747480000000000255e-01
3.823829999999999729e-01
3.921830000000000038e-01
4.029940000000000189e-01
4.122259999999999813e-01
4.196320000000000050e-01
4.289740000000000220e-01
4.396979999999999777e-01
4.487559999999999882e-01
4.565040000000000209e-01
4.662479999999999958e-01
4.775630000000000153e-01
4.852079999999999727e-01
4.937779999999999947e-01
5.046880000000000255e-01
5.115459999999999452e-01
5.232170000000000432e-01
5.307490000000000263e-01
5.395480000000000276e-01
5.511110000000000175e-01
5.575360000000000316e-01
5.704820000000000446e-01
5.771230000000000526e-01
5.891779999999999795e-01
5.971220000000000416e-01
6.058689999999999909e-01
6.171100000000000474e-01
6.237439999999999651e-01
6.370190000000000019e-01
6.426760000000000250e-01
6.374809999999999643e-01
5.407159999999999744e-01
4.817440000000000055e-01
4.411849999999999938e-01
4.105170000000000208e-01
3.801860000000000239e-01
3.572589999999999932e-01
3.322120000000000073e-01
3.123119999999999785e-01
2.925440000000000262e-01
2.738519999999999843e-01
2.560450000000000226e-01
2.366540000000000032e-01
2.223529999999999951e-01
2.053540000000000088e-01
1.888859999999999983e-01
1.747569999999999957e-01
1.610890000000000100e-01
1.473409999999999997e-01
1.319240000000000135e-01
1.189680000000000043e-01
1.060139999999999971e-01
9.270899999999999974e-02
7.957400000000000584e-02
6.800599999999999701e-02
5.459599999999999870e-02
4.252000000000000224e-02
3.037400000000000169e-02
1.802000000000000129e-02
5.937999999999999702e-03
