0.000000000000000000e+00
0.000000000000000000e+00
0.000000000000000000e+00
0.000000000000000000e+00
0.000000000000000000e+00
0.000000000000000000e+00
0.000000000000000000e+00
0.000000000000000000e+00
0.000000000000000000e+00
0.000000000000000000e+00
0.000000000000000000e+00
1.537326799999999949e+01
2.216801399999999944e+01
2.184971799999999931e+01
2.151118599999999859e+01
2.121518599999999921e+01
2.097811000000000092e+01
2.082221399999999889e+01
2.080790999999999968e+01
2.093067599999999828e+01
2.129927800000000104e+01
2.199720399999999998e+01
2.331318200000000118e+01
2.537253199999999964e+01
2.725164200000000037e+01
2.891649200000000164e+01
3.035031800000000146e+01
3.158832999999999913e+01
3.272209000000000145e+01
3.373617600000000039e+01
3.470517000000000252e+01
3.564809799999999740e+01
3.659707600000000127e+01
3.756554599999999766e+01
3.864424000000000348e+01
3.974579599999999857e+01
4.091810000000000258e+01
4.213435199999999980e+01
4.331912599999999713e+01
4.449806199999999734e+01
4.562892800000000193e+01
4.680595600000000189e+01
4.793043999999999727e+01
4.905709999999999837e+01
5.013581599999999838e+01
5.125003600000000148e+01
5.232660599999999818e+01
5.345494599999999963e+01
5.457589999999999719e+01
5.568321799999999655e+01
5.682415999999999912e+01
5.801530199999999837e+01
5.912966600000000028e+01
6.028837599999999952e+01
6.138527400000000256e+01
6.252419199999999933e+01
6.362225800000000220e+01
6.479021799999999587e+01
6.586290400000000034e+01
6.699142799999999909e+01
6.812264600000000314e+01
6.924713199999999347e+01
7.038219999999999743e+01
7.149911400000000583e+01
7.261199600000000487e+01
7.378262399999999843e+01
7.490803599999999562e+01
7.598632999999999527e+01
7.715180599999999345e+01
7.831224600000000180e+01
7.762764400000000364e+01
6.555376599999999598e+01
5.860007999999999839e+01
5.370925400000000138e+01
4.970350400000000235e+01
4.628222999999999843e+01
4.320425000000000182e+01
4.041963799999999907e+01
3.785960200000000242e+01
3.541293399999999991e+01
3.312965799999999916e+01
3.097388000000000119e+01
2.888684200000000146e+01
2.688985800000000026e+01
2.497321600000000075e+01
2.311396600000000134e+01
2.131112600000000157e+01
1.951927200000000084e+01
1.781922600000000045e+01
1.612907200000000074e+01
1.446505200000000002e+01
1.282922199999999968e+01
1.124348400000000048e+01
9.683569999999999567e+00
8.137978000000000378e+00
6.614857999999999905e+00
5.123184000000000182e+00
3.626332000000000111e+00
2.171104000000000145e+00
7.202520000000000033e-01
