0.000000000000000000e+00
0.000000000000000000e+00
0.000000000000000000e+00
0.000000000000000000e+00
0.000000000000000000e+00
0.000000000000000000e+00
0.000000000000000000e+00
0.000000000000000000e+00
0.000000000000000000e+00
0.000000000000000000e+00
0.000000000000000000e+00
7.144277800000000411e+01
8.929670600000000036e+01
7.525157799999999497e+01
6.433628600000000120e+01
5.605496399999999824e+01
5.000003199999999737e+01
4.590376599999999740e+01
4.369229800000000097e+01
4.351508199999999960e+01
4.598849400000000287e+01
5.186682600000000321e+01
6.355530799999999658e+01
8.052440199999999493e+01
9.038909800000000416e+01
9.453463600000000611e+01
9.519872200000000362e+01
9.418674599999999941e+01
9.249694999999999823e+01
9.103244200000000319e+01
9.047884399999999516e+01
9.110009200000000362e+01
9.368616600000000005e+01
9.823790400000000034e+01
1.046669260000000037e+02
1.117580939999999998e+02
1.179467920000000021e+02
1.226840239999999937e+02
1.259502559999999960e+02
1.281741539999999873e+02
1.296306319999999914e+02
1.308119660000000124e+02
1.320770400000000109e+02
1.339294160000000034e+02
1.365751480000000129e+02
1.399167520000000025e+02
1.440492720000000020e+02
1.484838059999999871e+02
1.527208039999999869e+02
1.568440339999999935e+02
1.603517899999999941e+02
1.634547819999999945e+02
1.661180699999999888e+02
1.685867979999999875e+02
1.709861160000000098e+02
1.735286759999999902e+02
1.763149359999999888e+02
1.793665740000000142e+02
1.827707320000000095e+02
1.862117959999999925e+02
1.899066840000000127e+02
1.932928880000000049e+02
1.967714440000000025e+02
1.999642580000000009e+02
2.030312000000000126e+02
2.061047599999999989e+02
2.089545919999999910e+02
2.118191600000000108e+02
2.146884200000000078e+02
2.178225280000000055e+02
2.159829159999999888e+02
1.824475140000000124e+02
1.632013019999999983e+02
1.496802360000000078e+02
1.386156279999999867e+02
1.290632899999999950e+02
1.205379920000000027e+02
1.127836779999999948e+02
1.055879919999999998e+02
9.881222800000000461e+01
9.235264200000000301e+01
8.631001399999999535e+01
8.052975999999999601e+01
7.494984599999999375e+01
6.953499800000000164e+01
6.433323199999999531e+01
5.931986400000000259e+01
5.438542199999999838e+01
4.965558000000000050e+01
4.489914999999999878e+01
4.035423600000000022e+01
3.577043799999999862e+01
3.131343999999999994e+01
2.696871000000000151e+01
2.268300999999999945e+01
1.843503799999999870e+01
1.426885799999999982e+01
1.013025200000000048e+01
6.051720000000000432e+00
2.005574000000000190e+00
