0.000000000000000000e+00
0.000000000000000000e+00
0.000000000000000000e+00
0.000000000000000000e+00
0.000000000000000000e+00
0.000000000000000000e+00
0.000000000000000000e+00
0.000000000000000000e+00
0.000000000000000000e+00
0.000000000000000000e+00
0.000000000000000000e+00
0.000000000000000000e+00
0.000000000000000000e+00
0.000000000000000000e+00
0.000000000000000000e+00
0.000000000000000000e+00
0.000000000000000000e+00
0.000000000000000000e+00
0.000000000000000000e+00
0.000000000000000000e+00
0.000000000000000000e+00
0.000000000000000000e+00
0.000000000000000000e+00
0.000000000000000000e+00
0.000000000000000000e+00
0.000000000000000000e+00
0.000000000000000000e+00
0.000000000000000000e+00
0.000000000000000000e+00
0.000000000000000000e+00
0.000000000000000000e+00
0.000000000000000000e+00
0.000000000000000000e+00
0.000000000000000000e+00
0.000000000000000000e+00
0.000000000000000000e+00
0.000000000000000000e+00
0.000000000000000000e+00
0.000000000000000000e+00
0.000000000000000000e+00
0.000000000000000000e+00
0.000000000000000000e+00
0.000000000000000000e+00
0.000000000000000000e+00
0.000000000000000000e+00
0.000000000000000000e+00
0.000000000000000000e+00
0.000000000000000000e+00
0.000000000000000000e+00
0.000000000000000000e+00
0.000000000000000000e+00
0.000000000000000000e+00
0.000000000000000000e+00
0.000000000000000000e+00
0.000000000000000000e+00
0.000000000000000000e+00
0.000000000000000000e+00
0.000000000000000000e+00
0.000000000000000000e+00
0.000000000000000000e+00
0.000000000000000000e+00
0.000000000000000000e+00
0.000000000000000000e+00
0.000000000000000000e+00
0.000000000000000000e+00
0.000000000000000000e+00
0.000000000000000000e+00
0.000000000000000000e+00
0.000000000000000000e+00
0.000000000000000000e+00
0.000000000000000000e+00
0.000000000000000000e+00
0.000000000000000000e+00
0.000000000000000000e+00
0.000000000000000000e+00
0.000000000000000000e+00
0.000000000000000000e+00
0.000000000000000000e+00
0.000000000000000000e+00
0.000000000000000000e+00
0.000000000000000000e+00
0.000000000000000000e+00
0.000000000000000000e+00
0.000000000000000000e+00
0.000000000000000000e+00
0.000000000000000000e+00
0.000000000000000000e+00
0.000000000000000000e+00
0.000000000000000000e+00
0.000000000000000000e+00
0.000000000000000000e+00
0.000000000000000000e+00
0.000000000000000000e+00
0.000000000000000000e+00
0.000000000000000000e+00
0.000000000000000000e+00
0.000000000000000000e+00
0.000000000000000000e+00
0.000000000000000000e+00
0.000000000000000000e+00
0.000000000000000000e+00
0.000000000000000000e+00
0.000000000000000000e+00
0.000000000000000000e+00
0.000000000000000000e+00
0.000000000000000000e+00
0.000000000000000000e+00
0.000000000000000000e+00
0.000000000000000000e+00
0.000000000000000000e+00
0.000000000000000000e+00
0.000000000000000000e+00
0.000000000000000000e+00
1.994935399999999959e+01
2.237598399999999899e+01
2.149776599999999860e+01
2.073785600000000073e+01
2.005457399999999879e+01
1.927410000000000068e+01
1.860451199999999972e+01
1.792210999999999999e+01
1.732582599999999928e+01
1.671721799999999902e+01
1.611564399999999964e+01
1.553276600000000052e+01
1.509310800000000086e+01
1.455640600000000084e+01
1.402715000000000067e+01
1.358331199999999939e+01
1.317298199999999930e+01
1.268227399999999960e+01
1.231339000000000006e+01
1.193127999999999922e+01
1.153765399999999985e+01
1.117900599999999933e+01
1.083389799999999958e+01
1.050177200000000077e+01
1.020299600000000062e+01
9.897372000000000725e+00
9.601955999999999491e+00
9.342800000000000438e+00
9.081022000000000816e+00
8.814761999999999986e+00
8.577310000000000656e+00
8.335677999999999699e+00
8.128617999999999455e+00
7.919063999999999659e+00
7.698953999999999631e+00
7.531691999999999609e+00
7.337422000000000111e+00
7.131509999999999572e+00
6.977027999999999786e+00
6.808136000000000188e+00
6.659761999999999738e+00
6.531101999999999741e+00
6.376584000000000252e+00
6.241183999999999621e+00
6.106652000000000413e+00
5.965413999999999994e+00
5.877270000000000216e+00
5.755645999999999596e+00
5.655751999999999668e+00
5.552205999999999975e+00
5.471347999999999878e+00
5.370487999999999928e+00
5.258312000000000097e+00
5.204267999999999894e+00
5.122022000000000297e+00
5.074247999999999870e+00
4.984511999999999610e+00
4.924587999999999965e+00
4.897742000000000040e+00
4.833300000000000374e+00
4.773206000000000060e+00
4.735091999999999857e+00
4.704142000000000046e+00
4.651013999999999982e+00
4.635139999999999816e+00
4.638741999999999699e+00
4.610669999999999824e+00
4.597521999999999665e+00
4.567832000000000114e+00
4.535914000000000001e+00
4.560395999999999894e+00
4.567864000000000146e+00
4.564015999999999629e+00
4.565360000000000085e+00
4.601096000000000075e+00
4.615788000000000224e+00
4.644224000000000352e+00
4.671170000000000044e+00
4.692675999999999625e+00
4.751468000000000025e+00
4.805162000000000155e+00
4.882051999999999836e+00
4.953520000000000145e+00
5.005437999999999832e+00
5.095926000000000400e+00
5.212360000000000326e+00
5.295492000000000310e+00
5.403086000000000055e+00
5.524189999999999934e+00
5.659925999999999569e+00
5.771971999999999881e+00
5.967967999999999940e+00
6.118003999999999998e+00
6.268849999999999589e+00
6.463966000000000101e+00
6.640215999999999674e+00
6.804338000000000442e+00
6.996156000000000041e+00
7.263247999999999927e+00
7.438711999999999769e+00
7.635749999999999815e+00
7.855208000000000190e+00
8.076639999999999375e+00
8.320339999999999847e+00
8.543761999999999190e+00
8.824742000000000530e+00
9.107456000000000884e+00
9.395341999999999416e+00
9.667412000000000560e+00
9.962956000000000145e+00
1.032476199999999977e+01
1.069450600000000051e+01
1.111591600000000035e+01
1.166568400000000061e+01
1.228818799999999989e+01
1.283521999999999963e+01
1.332501399999999947e+01
1.372316200000000030e+01
1.410408999999999935e+01
1.447187199999999940e+01
1.473422799999999988e+01
1.499904000000000082e+01
1.522317800000000076e+01
1.536496999999999957e+01
1.553332600000000063e+01
1.567512800000000084e+01
1.570888399999999940e+01
1.577908200000000072e+01
1.578824400000000061e+01
1.581416600000000017e+01
1.582996600000000065e+01
1.577265799999999984e+01
1.578316000000000052e+01
1.573080799999999968e+01
1.569454999999999956e+01
1.558987800000000057e+01
1.550334999999999930e+01
1.541831999999999958e+01
1.530662200000000084e+01
1.524516799999999961e+01
1.509967400000000026e+01
1.503464600000000040e+01
1.488254399999999933e+01
1.479129400000000061e+01
1.469228999999999985e+01
1.453026000000000018e+01
1.438884799999999942e+01
1.423879200000000012e+01
1.413136599999999987e+01
1.398698000000000086e+01
1.385391000000000084e+01
1.371210600000000035e+01
1.358216000000000001e+01
1.349643799999999949e+01
1.335814399999999935e+01
1.319535600000000031e+01
1.306952000000000069e+01
1.291193999999999953e+01
1.278902399999999950e+01
1.267366200000000021e+01
1.257730399999999982e+01
1.246838600000000064e+01
1.235637000000000008e+01
1.222934599999999961e+01
1.214884999999999948e+01
1.201915200000000006e+01
1.190772600000000025e+01
1.182626400000000011e+01
1.172902799999999957e+01
1.167171399999999970e+01
1.155069199999999974e+01
1.149019400000000068e+01
1.145979200000000020e+01
1.134256599999999970e+01
1.124994599999999956e+01
1.118313000000000024e+01
1.115348200000000034e+01
1.109018599999999921e+01
1.103420599999999929e+01
1.102440799999999932e+01
1.096003600000000056e+01
1.095011000000000045e+01
1.091672200000000004e+01
1.086651200000000017e+01
1.083789799999999914e+01
1.083673800000000043e+01
1.085349599999999981e+01
1.083138199999999962e+01
1.083503800000000084e+01
1.083654600000000023e+01
1.085699600000000054e+01
1.086647999999999925e+01
1.090451200000000043e+01
1.093862799999999957e+01
1.100280200000000086e+01
1.103941999999999979e+01
1.112579799999999963e+01
1.115461799999999926e+01
1.123628599999999977e+01
1.132651599999999981e+01
1.141158800000000006e+01
1.149061200000000049e+01
1.162692999999999977e+01
1.174397599999999997e+01
1.185827199999999948e+01
1.200508999999999915e+01
1.208815599999999968e+01
1.223995999999999995e+01
1.236763200000000040e+01
1.249846600000000052e+01
1.269693200000000033e+01
1.285903799999999997e+01
1.306461999999999968e+01
1.320548999999999928e+01
1.336913599999999924e+01
1.355962800000000001e+01
1.374501199999999912e+01
1.394870799999999988e+01
1.409983399999999953e+01
1.429191600000000051e+01
1.452959800000000001e+01
1.471372799999999970e+01
1.489854200000000084e+01
1.508763000000000076e+01
1.528710399999999936e+01
1.552315600000000018e+01
1.569418800000000047e+01
1.597208599999999912e+01
1.615712399999999960e+01
1.634322999999999837e+01
1.661945000000000050e+01
1.676395399999999825e+01
1.698529999999999873e+01
1.713770999999999844e+01
1.735554000000000130e+01
1.752852599999999939e+01
1.765765999999999991e+01
1.783655800000000013e+01
1.797353400000000079e+01
1.812444800000000100e+01
1.825294999999999845e+01
1.837105800000000144e+01
1.845571199999999834e+01
1.854018599999999850e+01
1.862445800000000062e+01
1.874417599999999950e+01
1.875140400000000085e+01
1.884601599999999877e+01
1.886664800000000142e+01
1.889808000000000021e+01
1.899312799999999868e+01
1.901152400000000142e+01
1.903218999999999994e+01
1.899980400000000103e+01
1.903489000000000075e+01
1.901119600000000176e+01
1.902184000000000097e+01
1.900181800000000010e+01
1.901173199999999852e+01
1.901030599999999993e+01
1.898254000000000019e+01
1.896097999999999928e+01
1.886116799999999927e+01
1.886114800000000002e+01
1.884135399999999905e+01
1.876783000000000001e+01
1.871846999999999994e+01
1.868862400000000079e+01
1.858090400000000031e+01
1.850451999999999941e+01
1.846024200000000093e+01
1.843062400000000167e+01
1.833584799999999859e+01
1.827355800000000130e+01
1.826364999999999839e+01
1.816081799999999902e+01
1.809617000000000075e+01
1.805092000000000141e+01
1.800546800000000047e+01
1.793527800000000028e+01
1.788619999999999877e+01
1.781822000000000017e+01
1.779459400000000002e+01
1.773468000000000089e+01
1.763583600000000118e+01
1.762395000000000067e+01
1.759699000000000169e+01
1.755354600000000076e+01
1.749746800000000135e+01
1.746051999999999893e+01
1.740709999999999980e+01
1.736289400000000072e+01
1.737666600000000017e+01
1.734170599999999851e+01
1.730296600000000140e+01
1.724725199999999958e+01
1.723153999999999897e+01
1.724898599999999860e+01
1.724474800000000130e+01
1.721687599999999918e+01
1.718177599999999927e+01
1.719340599999999952e+01
1.717154400000000081e+01
1.716538399999999953e+01
1.721219800000000077e+01
1.720023399999999825e+01
1.721585999999999927e+01
1.728958000000000084e+01
1.725842400000000154e+01
1.732991200000000021e+01
1.741180400000000006e+01
1.740727599999999953e+01
1.746449399999999841e+01
1.754549799999999848e+01
1.756547799999999881e+01
1.766076800000000091e+01
1.772530400000000128e+01
1.780921800000000133e+01
1.785226799999999869e+01
1.793069600000000108e+01
1.795798800000000028e+01
1.811466599999999971e+01
1.819178799999999896e+01
1.831704799999999977e+01
1.840602000000000160e+01
1.849219400000000135e+01
1.863723799999999997e+01
1.875163999999999831e+01
1.886194199999999910e+01
1.902776199999999918e+01
1.910848199999999864e+01
1.924807200000000051e+01
1.936778199999999828e+01
1.949223399999999984e+01
1.963068200000000019e+01
1.974743600000000043e+01
1.987766600000000139e+01
2.003053200000000089e+01
2.011448000000000036e+01
2.025176799999999844e+01
2.037581600000000037e+01
2.053103600000000029e+01
2.069667600000000007e+01
2.086519799999999947e+01
2.095164199999999965e+01
2.108534799999999976e+01
2.120622200000000035e+01
2.133942800000000162e+01
2.149670599999999965e+01
2.160957200000000000e+01
2.168844999999999956e+01
2.179436400000000162e+01
2.195938800000000057e+01
2.201644599999999841e+01
2.210306800000000038e+01
2.226393399999999900e+01
2.235225200000000001e+01
2.245111400000000046e+01
2.253008799999999923e+01
2.258824999999999861e+01
2.266715999999999909e+01
2.276010799999999890e+01
2.279569599999999951e+01
2.289079999999999870e+01
2.296605800000000031e+01
2.303922800000000137e+01
2.310255799999999837e+01
2.314249999999999829e+01
2.321656199999999970e+01
2.327363799999999827e+01
2.326876599999999939e+01
2.321854799999999841e+01
2.330982200000000049e+01
2.335050000000000026e+01
2.333114199999999983e+01
2.338940799999999953e+01
2.337831399999999960e+01
2.341472999999999871e+01
2.346429600000000093e+01
2.346908200000000022e+01
2.343370799999999932e+01
2.339254599999999940e+01
2.340129999999999910e+01
2.338520600000000016e+01
2.342396199999999951e+01
2.343766600000000011e+01
2.340599800000000030e+01
2.340859400000000079e+01
2.337177799999999905e+01
2.335583199999999948e+01
2.332968199999999825e+01
2.342049400000000148e+01
2.329677799999999976e+01
2.332292800000000099e+01
2.331063400000000030e+01
2.321913199999999833e+01
2.325555200000000156e+01
2.326093200000000039e+01
2.322418000000000049e+01
2.317715799999999859e+01
2.320096200000000053e+01
2.317354399999999970e+01
2.315710199999999830e+01
2.317898399999999981e+01
2.315439599999999842e+01
2.314495000000000147e+01
2.312602400000000102e+01
2.311618199999999845e+01
2.313315000000000055e+01
2.309826999999999941e+01
2.309742200000000167e+01
2.311621999999999844e+01
2.310885599999999940e+01
2.313970399999999827e+01
2.311100400000000121e+01
2.311674400000000063e+01
2.321393600000000035e+01
2.318384000000000000e+01
2.318635400000000146e+01
2.317803599999999875e+01
2.319752400000000137e+01
2.321995400000000132e+01
2.325221000000000160e+01
2.331730999999999909e+01
2.331153799999999876e+01
2.337547800000000109e+01
2.340258199999999889e+01
2.337609199999999987e+01
2.349087199999999953e+01
2.351191199999999881e+01
2.355030999999999963e+01
2.367572399999999888e+01
2.365398799999999824e+01
2.373719799999999935e+01
2.380245000000000033e+01
2.382873000000000019e+01
2.393370200000000025e+01
2.401497600000000077e+01
2.406692400000000021e+01
2.412929600000000008e+01
2.418939800000000062e+01
2.428667799999999843e+01
2.430585400000000007e+01
2.440641600000000011e+01
2.451682800000000029e+01
2.461677399999999949e+01
2.465372599999999892e+01
2.475913999999999859e+01
2.488445799999999863e+01
2.496550999999999831e+01
2.502776000000000067e+01
2.514960800000000063e+01
2.522034199999999871e+01
2.530596999999999852e+01
2.540426599999999979e+01
2.551185399999999959e+01
2.560996799999999851e+01
2.573360399999999970e+01
2.585982200000000120e+01
2.585272399999999848e+01
2.596633800000000036e+01
2.612866599999999906e+01
2.620678600000000102e+01
2.630266800000000060e+01
2.639405199999999851e+01
2.639628599999999992e+01
2.653842399999999913e+01
2.659132599999999869e+01
2.672466599999999914e+01
2.679398399999999825e+01
2.687509400000000070e+01
2.689720200000000006e+01
2.702665199999999857e+01
2.710558999999999941e+01
2.716077399999999997e+01
2.727830399999999855e+01
2.730914800000000042e+01
2.737592599999999976e+01
2.740043199999999857e+01
2.754623600000000039e+01
2.758265199999999950e+01
2.761458599999999919e+01
2.772264799999999951e+01
2.769838599999999929e+01
2.777405800000000013e+01
2.787556599999999918e+01
2.788651600000000030e+01
2.796415400000000062e+01
2.800001200000000168e+01
2.805672799999999967e+01
2.809427200000000013e+01
2.804542400000000058e+01
2.811244800000000055e+01
2.819212399999999974e+01
2.819013199999999841e+01
2.819104000000000099e+01
2.824831000000000003e+01
2.827296000000000120e+01
2.829771799999999971e+01
2.829584200000000038e+01
2.829080400000000139e+01
2.836084200000000166e+01
2.833200799999999830e+01
2.840738599999999892e+01
2.838863800000000026e+01
2.835509599999999963e+01
2.839206400000000130e+01
2.847663400000000067e+01
2.845157199999999875e+01
2.846709200000000095e+01
2.846729399999999899e+01
2.844254799999999861e+01
2.846277200000000107e+01
2.852880800000000150e+01
2.852478999999999942e+01
2.848220200000000091e+01
2.854411400000000043e+01
2.854129999999999967e+01
2.855330999999999975e+01
2.851704000000000150e+01
2.853715599999999952e+01
2.858211400000000069e+01
2.858869200000000177e+01
2.857696999999999932e+01
2.860963599999999829e+01
2.858697599999999994e+01
2.864569200000000038e+01
2.866077800000000053e+01
2.866871799999999837e+01
2.863401400000000052e+01
2.873470000000000013e+01
2.872629200000000083e+01
2.877718600000000038e+01
2.877072799999999830e+01
2.872317800000000076e+01
2.884591199999999844e+01
2.885973999999999862e+01
2.887916600000000145e+01
2.893081799999999859e+01
2.894249399999999994e+01
2.907644399999999862e+01
2.904620399999999947e+01
2.906717799999999841e+01
2.913094600000000156e+01
2.916659599999999841e+01
2.918700400000000172e+01
2.925566200000000094e+01
2.931131999999999849e+01
2.940060000000000073e+01
2.938521400000000128e+01
2.940984600000000171e+01
2.950541600000000031e+01
2.955286999999999864e+01
2.959592400000000012e+01
2.968990799999999908e+01
2.972986399999999918e+01
2.971756799999999998e+01
2.984035400000000138e+01
2.992294400000000110e+01
2.997754000000000119e+01
3.007831799999999944e+01
3.008244799999999941e+01
3.018308800000000147e+01
3.022157999999999944e+01
3.028375000000000128e+01
3.033059199999999933e+01
3.041208200000000161e+01
3.054659399999999891e+01
3.061622200000000049e+01
3.068487199999999859e+01
3.074101399999999984e+01
3.079880199999999846e+01
3.089188199999999895e+01
3.096999800000000036e+01
3.104616599999999949e+01
3.111207599999999829e+01
3.123007799999999889e+01
3.125562599999999946e+01
3.137890000000000157e+01
3.133234200000000058e+01
3.149571399999999954e+01
3.154590400000000017e+01
3.161085999999999885e+01
3.166272599999999926e+01
3.174059400000000153e+01
3.184892200000000173e+01
3.189650999999999925e+01
3.192681400000000025e+01
3.203683199999999687e+01
3.212562199999999990e+01
3.215704000000000207e+01
3.222727600000000336e+01
3.228259400000000312e+01
3.235775000000000290e+01
3.116136799999999951e+01
2.984248799999999946e+01
2.911010200000000125e+01
2.850110199999999949e+01
2.796507199999999926e+01
2.752613600000000105e+01
2.714689800000000020e+01
2.675781800000000032e+01
2.639879600000000082e+01
2.601779399999999853e+01
2.575188599999999894e+01
2.549139999999999873e+01
2.513962000000000074e+01
2.489210399999999979e+01
2.460233399999999904e+01
2.434960799999999992e+01
2.412356600000000029e+01
2.390986600000000095e+01
2.365180000000000149e+01
2.335873799999999889e+01
2.317462799999999845e+01
2.298337000000000074e+01
2.276219400000000093e+01
2.261676800000000043e+01
2.238143000000000171e+01
2.220167400000000058e+01
2.198645199999999988e+01
2.176704000000000150e+01
2.157759599999999978e+01
2.142623400000000089e+01
2.128774999999999906e+01
2.102994400000000041e+01
2.091104999999999947e+01
2.072923199999999966e+01
2.061566200000000038e+01
2.039156200000000041e+01
2.025941200000000109e+01
2.004621200000000059e+01
1.990306599999999904e+01
1.972597800000000134e+01
1.962403799999999876e+01
1.941882400000000075e+01
1.927305799999999891e+01
1.913513999999999982e+01
1.901163800000000137e+01
1.887333200000000133e+01
1.874146400000000057e+01
1.856234600000000157e+01
1.843020800000000037e+01
1.829418599999999984e+01
1.818921800000000033e+01
1.802753600000000134e+01
1.789152599999999893e+01
1.779508600000000129e+01
1.761312200000000061e+01
1.747794199999999876e+01
1.738958799999999982e+01
1.725877200000000045e+01
1.717774999999999963e+01
1.702497599999999878e+01
1.690469799999999978e+01
1.676634599999999864e+01
1.668023399999999867e+01
1.660337399999999874e+01
1.649153799999999848e+01
1.633872600000000119e+01
1.625096999999999881e+01
1.611830199999999991e+01
1.608334400000000031e+01
1.592179800000000078e+01
1.585322400000000087e+01
1.570549800000000040e+01
1.563517599999999952e+01
1.556093399999999960e+01
1.543355200000000060e+01
1.534317399999999942e+01
1.523013599999999990e+01
1.515052799999999955e+01
1.503924199999999978e+01
1.496468400000000010e+01
1.484711000000000070e+01
1.475737200000000016e+01
1.469564800000000027e+01
1.457993800000000029e+01
1.450415600000000005e+01
1.435735999999999990e+01
1.432260400000000011e+01
1.419502600000000037e+01
1.407153600000000004e+01
1.399296200000000034e+01
1.393267400000000045e+01
1.385769999999999946e+01
1.375608599999999981e+01
1.364572800000000008e+01
1.356812000000000040e+01
1.348232600000000048e+01
1.343959599999999988e+01
1.333399400000000057e+01
1.328062800000000010e+01
1.315584400000000009e+01
1.309883999999999915e+01
1.300660599999999967e+01
1.291928599999999960e+01
1.288397800000000082e+01
1.276972999999999914e+01
1.271009800000000034e+01
1.261486200000000046e+01
1.251748399999999961e+01
1.240389799999999987e+01
1.236385800000000046e+01
1.227081000000000088e+01
1.219311199999999928e+01
1.208268600000000070e+01
1.205425999999999931e+01
1.195775399999999955e+01
1.184845199999999998e+01
1.175439800000000012e+01
1.169807600000000036e+01
1.162326400000000071e+01
1.154134200000000021e+01
1.145209799999999944e+01
1.138550399999999918e+01
1.130417600000000000e+01
1.122436800000000012e+01
1.114772199999999991e+01
1.107618199999999931e+01
1.100246399999999980e+01
1.089933599999999991e+01
1.084433399999999992e+01
1.072689199999999943e+01
1.066148199999999946e+01
1.057198400000000049e+01
1.052604999999999968e+01
1.041685000000000016e+01
1.036981600000000014e+01
1.026706199999999924e+01
1.019403600000000054e+01
1.010165399999999991e+01
1.002208000000000077e+01
9.953932000000000002e+00
9.869737999999999900e+00
9.806609999999999161e+00
9.700922000000000267e+00
9.643295999999999424e+00
9.581312000000000495e+00
9.471365999999999730e+00
9.427220000000000155e+00
9.339740000000000819e+00
9.254025999999999641e+00
9.188017999999999574e+00
9.121114000000000388e+00
9.048821999999999477e+00
8.961370000000000502e+00
8.870226000000000610e+00
8.801486000000000587e+00
8.730781999999999599e+00
8.676399999999999224e+00
8.593832000000000804e+00
8.482103999999999644e+00
8.429584000000000188e+00
8.373205999999999705e+00
8.288444000000000145e+00
8.200661999999999452e+00
8.144515999999999423e+00
8.060703999999999425e+00
7.986017999999999617e+00
7.927255999999999858e+00
7.822212000000000387e+00
7.773813999999999780e+00
7.708085999999999771e+00
7.639788000000000245e+00
7.544614000000000154e+00
7.511738000000000248e+00
7.419660000000000366e+00
7.355590000000000295e+00
7.294503999999999877e+00
7.223656000000000077e+00
7.154040000000000177e+00
7.085694000000000159e+00
7.013676000000000244e+00
6.953108000000000288e+00
6.864790000000000170e+00
6.828088000000000157e+00
6.750549999999999606e+00
6.659279999999999866e+00
6.623522000000000354e+00
6.528681999999999874e+00
6.474196000000000062e+00
6.398568000000000033e+00
6.374614000000000225e+00
6.293289999999999829e+00
6.224662000000000361e+00
6.153139999999999610e+00
6.091934000000000182e+00
6.021817999999999671e+00
5.948356000000000421e+00
5.878802000000000305e+00
5.833236000000000310e+00
5.764289999999999914e+00
5.670200000000000351e+00
5.636105999999999838e+00
5.549223999999999712e+00
5.496124000000000009e+00
5.443261999999999823e+00
5.369968000000000075e+00
5.305670000000000108e+00
5.237654000000000032e+00
5.173963999999999785e+00
5.102102000000000359e+00
5.063349999999999795e+00
5.000239999999999796e+00
4.938308000000000142e+00
4.852388000000000368e+00
4.772979999999999556e+00
4.762349999999999639e+00
4.682673999999999559e+00
4.623488000000000042e+00
4.549801999999999680e+00
4.496463999999999572e+00
4.452703999999999773e+00
4.378898000000000401e+00
4.301773999999999987e+00
4.243166000000000437e+00
4.162355999999999945e+00
4.115077999999999570e+00
4.058661999999999992e+00
3.979680000000000106e+00
3.945364000000000093e+00
3.877737999999999907e+00
3.802719999999999878e+00
3.750980000000000203e+00
3.689731999999999790e+00
3.619892000000000110e+00
3.554434000000000093e+00
3.504541999999999824e+00
3.442601999999999940e+00
3.367431999999999981e+00
3.311674000000000007e+00
3.238922000000000079e+00
3.190218000000000220e+00
3.123463999999999796e+00
3.057425999999999977e+00
2.983407999999999838e+00
2.940853999999999857e+00
2.874858000000000136e+00
2.817972000000000143e+00
2.730652000000000079e+00
2.694728000000000012e+00
2.637485999999999997e+00
2.562715999999999994e+00
2.512647999999999993e+00
2.454899999999999860e+00
2.393035999999999941e+00
2.322601999999999833e+00
2.257639999999999869e+00
2.201340000000000074e+00
2.158328000000000024e+00
2.079168000000000127e+00
2.022644000000000108e+00
1.966183999999999932e+00
1.897210000000000063e+00
1.849058000000000090e+00
1.788898000000000099e+00
1.731710000000000083e+00
1.662863999999999898e+00
1.606379999999999919e+00
1.538921999999999901e+00
1.480005999999999933e+00
1.408555999999999919e+00
1.358625999999999889e+00
1.301301999999999959e+00
1.255484000000000044e+00
1.186353999999999909e+00
1.132762000000000047e+00
1.064734000000000069e+00
1.017053999999999903e+00
9.501319999999999766e-01
8.992560000000000553e-01
8.378079999999999972e-01
7.736539999999999528e-01
7.209400000000000253e-01
6.687720000000000331e-01
6.072079999999999700e-01
5.526339999999999586e-01
4.904080000000000106e-01
4.298540000000000139e-01
3.701320000000000165e-01
3.157679999999999931e-01
2.552300000000000124e-01
1.967559999999999865e-01
1.439660000000000106e-01
8.393599999999999672e-02
2.806799999999999920e-02
L=50.0,N=120,T=1.0,r=2.0,eta=0.6031857894892403,t=77.6741714477539s