0.000000000000000000e+00
0.000000000000000000e+00
0.000000000000000000e+00
0.000000000000000000e+00
0.000000000000000000e+00
0.000000000000000000e+00
0.000000000000000000e+00
0.000000000000000000e+00
0.000000000000000000e+00
0.000000000000000000e+00
0.000000000000000000e+00
0.000000000000000000e+00
0.000000000000000000e+00
0.000000000000000000e+00
0.000000000000000000e+00
0.000000000000000000e+00
1.664500000000000007e-02
5.437929999999999708e-01
4.959350000000000147e-01
4.588780000000000081e-01
4.229339999999999766e-01
3.938450000000000006e-01
3.688839999999999897e-01
3.453120000000000078e-01
3.266279999999999739e-01
3.129179999999999739e-01
3.026249999999999774e-01
2.942130000000000023e-01
2.895249999999999768e-01
2.896560000000000246e-01
2.963310000000000111e-01
3.063400000000000012e-01
3.275129999999999986e-01
3.587670000000000026e-01
4.098990000000000133e-01
4.590040000000000231e-01
4.952690000000000148e-01
5.213740000000000041e-01
5.396069999999999478e-01
5.488800000000000345e-01
5.584080000000000155e-01
5.621559999999999890e-01
5.634149999999999991e-01
5.657440000000000246e-01
5.652150000000000230e-01
5.671469999999999567e-01
5.670370000000000132e-01
5.712300000000000155e-01
5.782779999999999587e-01
5.870020000000000238e-01
6.015420000000000211e-01
6.207049999999999512e-01
6.421740000000000226e-01
6.628220000000000223e-01
6.842399999999999594e-01
7.024249999999999661e-01
7.203580000000000538e-01
7.347949999999999759e-01
7.472769999999999690e-01
7.620400000000000507e-01
7.706560000000000077e-01
7.802519999999999456e-01
7.907410000000000272e-01
7.963390000000000191e-01
8.096010000000000151e-01
8.178250000000000242e-01
8.233899999999999553e-01
8.366759999999999753e-01
8.486059999999999715e-01
8.627430000000000376e-01
8.552380000000000537e-01
7.278700000000000170e-01
6.503039999999999932e-01
5.975740000000000496e-01
5.552110000000000101e-01
5.143849999999999811e-01
4.855519999999999836e-01
4.538440000000000252e-01
4.227779999999999871e-01
3.962069999999999759e-01
3.688440000000000052e-01
3.438450000000000117e-01
3.209440000000000071e-01
2.984180000000000166e-01
2.760000000000000231e-01
2.549290000000000167e-01
2.350009999999999877e-01
2.131639999999999924e-01
1.970010000000000094e-01
1.770329999999999959e-01
1.599889999999999923e-01
1.422589999999999966e-01
1.249239999999999934e-01
1.074009999999999965e-01
9.024999999999999689e-02
7.365700000000000025e-02
5.767400000000000304e-02
4.127399999999999819e-02
2.449300000000000088e-02
8.323000000000000537e-03
