1.731836443496491484e+04
1.732311371242802852e+04
1.733296977813936974e+04
1.734733515069477653e+04
1.736718651170710655e+04
1.739199180079508733e+04
1.742142541855282252e+04
1.745278576802123644e+04
1.749006028761118068e+04
1.752917758085444439e+04
1.757240699037590821e+04
1.761728424591173098e+04
1.766746190093456607e+04
1.771749588515707001e+04
1.776828803416715164e+04
1.782116091327874892e+04
1.787633219704712974e+04
1.793007343812063482e+04
1.798653528039720550e+04
1.804336673111669006e+04
1.809994392990953929e+04
1.815706471146794138e+04
1.821162187566468856e+04
1.827004659321765212e+04
1.832665092274688141e+04
1.838424185441323789e+04
1.844111274765900453e+04
1.849742318403951867e+04
1.855543448594565780e+04
1.860974344997325534e+04
1.866775333674551075e+04
1.872134190722359926e+04
1.877751104487067641e+04
1.883532890790350939e+04
1.888823420028460896e+04
1.894039713424498404e+04
1.899097489999462778e+04
1.904218978982953922e+04
1.909305110420399433e+04
1.914244429407609641e+04
1.919272496744569435e+04
1.923943496574004530e+04
1.928798485343170978e+04
1.933500090433706282e+04
1.938236939544385677e+04
1.942588470993511874e+04
1.947061821321243406e+04
1.951303066368123473e+04
1.955598287423756483e+04
1.959645121794205261e+04
1.963612959779806988e+04
1.967435756698102705e+04
1.971416035386859949e+04
1.975586503608375642e+04
1.979231059805345285e+04
1.982785277265134937e+04
1.986247023921125583e+04
1.989762082524126163e+04
1.993414308676716973e+04
1.996725486604776961e+04
2.000238106566285569e+04
2.003506453570692247e+04
2.006775933669225924e+04
2.010066544761875048e+04
2.013114417469656473e+04
2.016515854806454081e+04
2.019565761317600845e+04
2.022735654760620673e+04
2.025844572035283636e+04
2.029000152331521895e+04
2.031848931450324744e+04
2.034634628873266774e+04
2.037494768917813781e+04
2.040160615104736644e+04
2.042921069785829968e+04
2.045731114830439765e+04
2.048523067981048007e+04
2.051365442745410473e+04
2.054107861910732026e+04
2.056671550269260115e+04
2.059291008887797216e+04
2.061714910036499350e+04
2.064521335373911279e+04
2.067236579105736382e+04
2.069675294162747377e+04
2.071943380117491688e+04
2.074272003539516299e+04
2.076702078501508367e+04
2.079231325087794175e+04
2.081752662184640576e+04
2.083980419409482056e+04
2.086649306820516722e+04
2.088942374849314365e+04
2.091194085273465680e+04
2.093664864712830968e+04
2.095971782038663150e+04
2.098247801270136551e+04
2.100457646171290617e+04
2.102731152801023563e+04
2.104992339055933553e+04
2.109536048561046846e+04
2.113984038673320902e+04
2.118457008380901607e+04
2.122364694776874239e+04
2.126661759082477874e+04
2.130878184984776090e+04
2.135054263530746539e+04
2.139558516627655990e+04
2.143654351704087458e+04
2.147685048845901474e+04
2.151751482890278203e+04
2.155515637202494327e+04
2.159425958858684317e+04
2.163142923370342760e+04
2.166833673383707355e+04
2.170600305080941325e+04
2.174378188279718961e+04
2.178149218835023566e+04
2.181595197457636459e+04
2.185094757881042460e+04
2.188751637203493010e+04
2.192234254325138318e+04
2.195934992858055557e+04
2.199697044527620528e+04
2.202899027826893871e+04
2.206237191421768148e+04
2.209734935904045778e+04
2.212897406679853157e+04
2.216615223065803366e+04
2.219977793298395773e+04
2.223144420949249616e+04
2.226607859276102317e+04
2.229684644106056294e+04
2.232699704783648122e+04
2.235996975011107861e+04
2.239038782189639096e+04
2.242320908699407664e+04
2.245453818499463159e+04
2.248638153694502034e+04
2.252027601714448610e+04
2.254914684702331579e+04
2.258245352366549560e+04
2.261413949602104913e+04
2.264473002055235702e+04
2.267049195556058476e+04
2.270015621468896279e+04
2.273147053434732516e+04
2.275976986222113919e+04
2.278707316910551162e+04
2.281637352618682780e+04
2.286145398172158457e+04
2.290547488930057807e+04
2.294820548333015176e+04
2.298880343374525182e+04
2.303078288328949202e+04
2.307194502799291513e+04
2.311561457185347899e+04
2.315445928567520241e+04
2.319192643307454273e+04
2.323468773043171313e+04
2.327476703632809586e+04
2.331634087139309486e+04
2.335341675928887707e+04
2.339522205427765584e+04
2.343238520864992824e+04
2.346830791993993626e+04
2.350568088888011698e+04
2.354451146680694364e+04
2.358048737014741346e+04
2.361983590013605863e+04
2.365436160185749031e+04
2.369085317480233789e+04
2.372844295638941185e+04
2.376713519544653536e+04
2.379868872442157954e+04
2.383598275752455447e+04
2.387446363401467897e+04
2.391362774802278363e+04
2.394830394759455157e+04
2.398423087380893412e+04
2.401976128590614462e+04
2.405510551086689156e+04
2.409165268531925540e+04
2.412691195099132892e+04
2.417064861186814232e+04
2.421616290503488926e+04
2.425964218268244440e+04
2.430390306271304871e+04
2.434803891894629851e+04
2.439333894175711976e+04
2.443279320470018138e+04
2.447501059762475779e+04
2.451734826243839052e+04
2.455836016905998258e+04
2.460149752420049845e+04
2.464089765089116554e+04
2.468493153798367348e+04
2.472663654520138152e+04
2.476369707602958806e+04
2.480583439043096223e+04
2.484773781299149778e+04
2.488566275333271551e+04
2.492787141647526732e+04
2.496651609636831199e+04
2.500488189127039368e+04
2.504561062517969549e+04
2.507943352362222140e+04
2.511611389567119113e+04
2.515460410624343785e+04
2.520351721336552146e+04
2.524845629685261520e+04
2.529450782035503653e+04
2.533994310095179389e+04
2.538949132657505834e+04
2.543212039038991134e+04
2.547576150715135373e+04
2.552335208528060321e+04
2.556808476172494193e+04
2.561188182658644291e+04
2.565654828123326661e+04
2.569756846616786061e+04
2.573971096630777902e+04
2.578074086323642041e+04
2.582113832063515292e+04
2.585969345235477158e+04
2.589752013674438786e+04
2.593969271079142709e+04
2.597718111754793790e+04
2.601915774036065341e+04
2.606594096308081862e+04
2.611276806060526724e+04
2.615814464216246779e+04
2.619990396564529146e+04
2.624543740533830351e+04
2.628642995414702091e+04
2.632737585213234706e+04
2.637052715083937073e+04
2.641464022885915620e+04
2.645618680451704495e+04
2.649580186300630885e+04
2.653983023546682671e+04
2.657775469461649845e+04
2.661515927158183331e+04
2.665432078559455113e+04
2.669361172913803239e+04
2.672863486285730323e+04
2.677501100173427403e+04
2.681674578493099398e+04
2.686178784014483608e+04
2.690236356443180193e+04
2.694680965519512756e+04
2.698678826089413633e+04
2.702779082045939504e+04
2.706963666467864459e+04
2.710873097492567831e+04
2.714944194329806487e+04
2.718906077962680138e+04
2.722769923792800910e+04
2.726682977925037267e+04
2.730454446775015458e+04
2.734576266892312196e+04
2.738855479608958922e+04
2.742893576389515147e+04
2.747055275207431259e+04
2.750991528950196516e+04
2.754846431225032939e+04
2.758753402940541855e+04
2.762782608277485997e+04
2.766219141413685065e+04
2.769246867306326385e+04
2.773265887688689691e+04
2.777019363930898908e+04
2.780848225531403659e+04
2.784640239682551328e+04
2.788548498500921778e+04
2.792449982050673862e+04
2.796375200783055698e+04
2.799537948948621852e+04
2.803070310963909287e+04
2.806713568983247751e+04
2.810478248063634965e+04
2.814047913234625958e+04
2.817538130812964300e+04
2.821259098862036262e+04
2.824745733040364576e+04
2.828773781908401725e+04
2.832842750574538877e+04
2.836231240747669290e+04
2.840178134524894631e+04
2.843012597156447373e+04
2.846827225739501228e+04
2.850241220562067610e+04
2.853677407844180198e+04
2.856748886528395451e+04
2.860382315327787001e+04
2.863972348233909361e+04
2.867534172893439245e+04
2.870710211869619889e+04
2.874349817523022284e+04
2.877778340466535519e+04
2.880650235903424982e+04
2.884514492016228905e+04
2.887591521369151087e+04
2.891143255995394429e+04
2.894367263747765173e+04
2.897573887272829234e+04
2.901262264600781418e+04
2.904030504016179475e+04
2.907575780583649976e+04
2.910608244238340922e+04
2.913865321567318824e+04
2.917062139644751369e+04
2.920286119891852650e+04
2.923578447411304660e+04
2.926682335589297509e+04
2.930223281447990666e+04
2.932911076892117489e+04
2.936351565784998093e+04
2.939633415411146052e+04
2.942839171215263923e+04
2.945647357299832947e+04
2.948739928212746599e+04
2.952236685605219463e+04
2.955092138752344181e+04
2.958201816767157652e+04
2.960989489196546492e+04
2.964357656407026661e+04
2.967790824820518174e+04
2.970317563242049437e+04
2.973404635071788289e+04
2.976242790158854405e+04
2.979616973377659087e+04
2.982497746152723266e+04
2.984837693657748969e+04
2.988658402110225506e+04
2.991292095471358698e+04
2.994423558116473214e+04
2.996988943362158898e+04
2.999488862539641559e+04
3.002856017530286772e+04
3.005842512200219426e+04
3.008555964933866198e+04
3.011456261519676627e+04
3.014449583327985601e+04
3.017281679843115853e+04
3.019903461749587950e+04
3.022764353574168490e+04
3.026280219533221680e+04
3.029007533874178262e+04
3.031903985867644224e+04
3.034096891259773838e+04
3.036978213918380425e+04
3.039164936163132006e+04
3.042081846686271456e+04
3.045348724666744238e+04
3.048038649878194701e+04
3.050825568716349153e+04
3.053401628008278203e+04
3.056276557905764275e+04
3.058996878737237421e+04
3.061647678295824517e+04
3.064242320968225249e+04
3.066424116403712105e+04
3.069027330928107040e+04
3.071893139744907967e+04
3.074714724136784935e+04
3.076556725243151959e+04
3.079446945545095150e+04
3.082653618323785849e+04
3.084954271098476238e+04
3.087706853302616946e+04
3.090281970388520858e+04
3.092996948529057772e+04
3.095177207155097858e+04
3.097680568900694925e+04
3.099871680961688980e+04
3.102776882613874841e+04
3.105265898263371128e+04
3.107217108034687044e+04
3.110032558116808650e+04
3.112107353647513810e+04
3.115247648767969076e+04
3.117361143389263088e+04
3.120036589177993301e+04
3.122251208570410745e+04
3.124298878235778830e+04
3.126854765663737271e+04
3.129338136880667298e+04
3.132000368296859597e+04
3.133922594510644558e+04
3.136909063672683988e+04
3.139096735542878014e+04
3.141257774669367427e+04
3.143284724512361936e+04
3.145601372398560488e+04
3.148429374748394912e+04
3.150617060322874386e+04
3.153047085806166433e+04
3.155424336031477651e+04
3.157137972652571261e+04
3.159743984396320957e+04
3.162577054859501368e+04
3.164816661492584899e+04
3.167315892644979613e+04
3.169285821203002342e+04
3.171562172773440761e+04
3.174212761429161037e+04
3.176004669415084572e+04
3.178662894724107173e+04
3.180547397276438642e+04
3.182895853078540677e+04
3.184925280559455132e+04
3.186656964721406621e+04
3.188784765333464748e+04
3.190623682097358324e+04
3.193053021578453627e+04
3.195020509933036737e+04
3.196866659237612839e+04
3.199357338909075770e+04
3.201553467273736533e+04
3.203008074764327102e+04
3.204982683307428306e+04
3.207214554348865568e+04
3.209489835695713555e+04
3.211539172181333925e+04
3.214191898596673855e+04
3.216057274982078161e+04
3.217226567178761252e+04
3.219187857470355812e+04
3.221557416117209141e+04
3.223838504561869195e+04
3.225656562539035076e+04
3.228080864685135020e+04
3.229073092420931789e+04
3.230313628439518288e+04
3.233785256935368307e+04
3.235009830544729630e+04
3.236685206769434808e+04
3.237967742942828045e+04
3.240377732898830072e+04
3.241842416223505643e+04
3.244728978962676047e+04
3.245876405240016902e+04
3.247877350782010399e+04
3.249273710540539832e+04
3.251416439501315472e+04
3.253365819413258941e+04
3.254119124550320339e+04
3.255746702163323425e+04
3.257760123032835327e+04
3.259157619220339984e+04
3.260986379534929438e+04
3.262772516760821600e+04
3.264496517999404750e+04
3.265662631566286291e+04
3.267021346479610293e+04
3.268809257088684899e+04
3.270369266902737945e+04
3.271873639861292031e+04
3.273267193922248043e+04
3.274379809305379968e+04
3.276476973612847723e+04
3.277425785090227146e+04
3.278920404249559215e+04
3.280459687912473601e+04
3.281218839926117653e+04
3.282885161964681174e+04
3.283923807572585793e+04
3.285319214123736310e+04
3.286813893228155212e+04
3.287486634349739325e+04
3.289645922143668577e+04
3.290927543695831991e+04
3.291687677927197365e+04
3.292587293573565694e+04
3.293660174098713469e+04
3.294477118753239483e+04
3.295734183215537632e+04
3.296224215830807225e+04
3.297814136839416460e+04
3.298791299776279629e+04
3.299776077053771587e+04
3.300639235032920988e+04
3.301605097743154329e+04
3.303642064400076924e+04
3.304189378591683635e+04
3.305598786515733809e+04
3.306489933667361765e+04
3.306450462262995279e+04
3.307473812541960797e+04
3.308055560689062986e+04
3.309717833649513341e+04
3.311049643932810432e+04
3.311343595587235177e+04
3.311651910425485403e+04
3.312767220467473089e+04
3.313813226764010324e+04
3.314256739387469133e+04
3.314367692745772365e+04
3.314540608681329468e+04
3.315949683400739013e+04
3.316386428824104951e+04
3.316445308678549191e+04
3.317486873659593402e+04
3.317989617773337523e+04
3.318223298179964331e+04
3.319547270213194861e+04
3.319339654500030883e+04
3.319779295003837615e+04
3.320492420976905851e+04
3.320523249081245740e+04
3.321280766470217350e+04
3.322079739688563131e+04
3.322038430786489334e+04
3.323340433278243290e+04
3.323081235270902107e+04
3.323722323060708732e+04
3.324592105632465973e+04
3.324447809412535571e+04
3.324056997076387051e+04
3.325256875655880867e+04
3.326113246387029358e+04
3.325025036826568248e+04
3.325974619851262105e+04
3.326074399425611773e+04
3.325949915918025363e+04
3.326480692873803491e+04
3.326743155826421571e+04
3.326952358025428839e+04
3.327175156310232705e+04
3.327514364181400742e+04
3.327698184416443110e+04
3.328832601352759229e+04
3.328142993186824606e+04
3.328524384330491739e+04
3.328536539324949263e+04
3.329721156634582439e+04
3.329441708130686311e+04
3.329670275428533205e+04
3.330057942194765201e+04
3.330500666090153391e+04
3.330338799129145627e+04
3.329791147582028498e+04
3.329326814231228491e+04
3.329275365777499974e+04
3.328988334293114167e+04
3.329222712989519641e+04
3.329466067337666755e+04
3.330184076332366385e+04
3.330852371572857373e+04
3.330380556295344286e+04
3.330586992493506841e+04
3.330090627325874812e+04
3.329986897177546052e+04
3.330323177540000324e+04
3.330441052215560921e+04
3.329529807618209452e+04
3.331033481916561868e+04
3.330534171067737770e+04
3.330863611264962674e+04
3.330172316318511002e+04
3.330237902594702609e+04
3.329907762172947696e+04
3.330621475499518419e+04
3.330632696709379525e+04
3.330948638639795536e+04
3.330222775838644156e+04
3.331265920928833657e+04
3.330931387762243685e+04
3.331478598457406042e+04
3.331615868552558095e+04
3.331078352868473303e+04
3.330136054884360055e+04
3.331555808314566093e+04
3.330825521676104836e+04
3.332041940378872823e+04
3.331737697383973136e+04
3.330191078885651950e+04
3.330937239085446345e+04
3.330887859299653064e+04
3.331572606037563673e+04
3.331565828791005333e+04
3.331716695189969323e+04
3.331094730698196508e+04
3.330937443002474902e+04
3.331396911880136759e+04
3.330831021839322784e+04
3.330779130813819211e+04
3.331156713983536611e+04
3.330581612395119009e+04
3.331157278035182389e+04
3.330442420282176317e+04
3.330673967364778218e+04
3.331340306773150951e+04
3.331378766873104905e+04
3.330512896900542546e+04
3.330961331590832560e+04
3.331110713226180815e+04
3.329822557275631698e+04
3.330970678702970326e+04
3.330819688764805323e+04
3.330359704982387484e+04
3.330466004033973877e+04
3.329956810891790519e+04
3.329670279740702972e+04
3.330529695520324458e+04
3.330546233638820559e+04
3.330241642288741423e+04
3.330316677225816238e+04
3.330493487449970416e+04
3.330357354625622975e+04
3.330569040735112503e+04
3.330232228996889899e+04
3.330627808047599683e+04
3.330784758725141728e+04
3.331420894050351490e+04
3.330392063852456340e+04
3.331169068151598185e+04
3.330597093153815513e+04
3.330784194189978007e+04
3.330448895070628350e+04
3.330843871406806284e+04
3.330852254341806110e+04
3.331122605227633903e+04
3.329755044941954839e+04
3.330210802800253441e+04
3.331022017617469828e+04
3.331114947037887760e+04
3.330076333216974308e+04
3.330320186680051847e+04
3.330708419405879249e+04
3.330192922890174668e+04
3.330648054414537182e+04
3.331249796065923874e+04
3.331493232585872465e+04
3.330329427086788201e+04
3.330332995743995707e+04
3.330620459817005030e+04
3.331329275510184380e+04
3.331476557529098500e+04
3.330560698813552881e+04
3.331097260479169927e+04
3.330251998128541163e+04
3.330074216425795748e+04
3.330799495841722091e+04
3.331189305806084303e+04
3.331039401120783441e+04
3.330682567154374556e+04
3.330439634266381472e+04
3.330262955742308259e+04
3.331323852080731740e+04
3.330978751299389842e+04
3.331141606879040773e+04
3.331985593112762581e+04
3.331652183288022206e+04
3.332027219460592460e+04
3.332132503597543109e+04
3.331139608413066890e+04
3.330974083656040602e+04
3.331391513513906830e+04
3.330454810418259149e+04
3.330341329914154630e+04
3.331680912248959794e+04
3.332041130551855895e+04
3.330979545777520252e+04
3.331126941008651193e+04
3.330466043407688994e+04
3.330094257533891505e+04
3.331074731502278883e+04
3.330982112258576672e+04
3.330390356458369206e+04
3.331305111237982055e+04
3.331946889380258654e+04
3.332087683568904322e+04
3.331942272157315892e+04
3.331694496904697735e+04
3.332312423154236603e+04
3.331834263006006222e+04
3.331778730356883170e+04
3.330933860645636742e+04
3.332856846866964770e+04
3.332906857500730985e+04
3.332394906096698833e+04
3.332349327334688132e+04
3.331540865212471545e+04
3.331307122681750479e+04
3.331268320161001611e+04
3.331001778430888226e+04
3.331015417558358604e+04
3.332373455248024402e+04
3.331432985100135556e+04
3.330988445747522928e+04
3.332091927927669167e+04
3.331970297787843447e+04
3.331545211431875214e+04
3.331074896531111881e+04
3.331361007801000960e+04
3.330795665381408617e+04
3.331328430199011200e+04
3.331048397694481537e+04
3.331758496219030349e+04
3.331816747718781698e+04
3.330977092259273195e+04
3.332283246138977847e+04
3.332633001257567958e+04
3.331482412644482974e+04
3.331605113567998342e+04
3.331332543908930529e+04
3.331092730581849901e+04
3.331112265281534928e+04
3.331788851488037471e+04
3.332035630454868078e+04
3.331596530273665121e+04
3.332067383849452017e+04
3.331474524774840393e+04
3.332045151261802675e+04
3.331531877373377210e+04
3.331440062278478581e+04
3.330669534916991688e+04
3.332162303084451560e+04
3.331683906360049150e+04
3.331086120657844003e+04
3.331342903231098171e+04
3.331452182547377743e+04
3.331955667378141516e+04
3.331925321550219087e+04
3.331506722320059635e+04
3.333029659366564738e+04
3.330908507062332501e+04
3.331198355621431256e+04
3.330967107579506410e+04
3.332185326886372059e+04
3.330723507981978764e+04
3.331228609015940310e+04
3.330510693998992792e+04
3.330748292074666097e+04
3.330826390924696898e+04
3.330742117050837260e+04
3.330527868451163522e+04
3.329997881723514001e+04
3.329969637212961970e+04
3.331081525667051028e+04
3.330138216350269067e+04
3.330281792281840899e+04
3.332248983798889094e+04
3.331547535448314011e+04
3.331536382854304247e+04
3.331507863400240603e+04
3.331405095890193479e+04
3.331527341440670716e+04
3.331668068568161834e+04
3.329681281782579754e+04
3.331284699892436765e+04
3.331142195993976929e+04
3.331145939327348606e+04
3.331946485639328603e+04
3.331762177191128285e+04
3.331357110881120025e+04
3.330506638759854104e+04
3.331290879836526437e+04
eta=0.2261946710584651;880x10 ens done