5.497824782498053537e+04
5.498949397600698285e+04
5.500176156525503029e+04
5.502705365168478602e+04
5.504901444697318948e+04
5.508090035910077131e+04
5.511524388255734812e+04
5.516319483815129206e+04
5.521448765998587623e+04
5.527155995173163683e+04
5.533923613102357194e+04
5.539557378778387647e+04
5.546219069504047366e+04
5.552807039891891327e+04
5.560217422491447360e+04
5.566365370202755730e+04
5.573231201682686515e+04
5.579947732764783723e+04
5.587414943725343619e+04
5.595551856248315016e+04
5.600857597476993396e+04
5.607876997159265011e+04
5.613963220367918257e+04
5.620643846077257331e+04
5.626341356141008146e+04
5.632695167459717049e+04
5.636299713018498005e+04
5.644310366087768489e+04
5.651259708041420527e+04
5.657960890783239302e+04
5.665045828055012680e+04
5.672957129289882869e+04
5.678590501097454398e+04
5.684890869585576002e+04
5.689994784617796540e+04
5.695565899527978036e+04
5.699913724636634288e+04
5.707696117822961241e+04
5.711135679611360683e+04
5.716894505701824528e+04
5.722729004797452944e+04
5.728559063216394134e+04
5.732753995945608767e+04
5.736575091409073502e+04
5.742194730392553174e+04
5.746680089953483548e+04
5.751686966488647158e+04
5.755216028437662317e+04
5.760221158370500052e+04
5.764316144259387511e+04
5.769430214360851824e+04
5.772439535881729535e+04
5.776892808995942323e+04
5.780251788836341439e+04
5.782604984336567577e+04
5.785730531346940552e+04
5.789856947177462280e+04
5.794036850347417203e+04
5.797505884950332984e+04
5.800608697740524076e+04
5.804832254577615822e+04
5.809826707088015974e+04
5.813569528917163552e+04
5.815473327790496842e+04
5.818908402354855207e+04
5.822362228394349222e+04
5.825017676937922806e+04
5.827215344811982504e+04
5.830845573294159112e+04
5.835436192677370855e+04
5.840630088630993123e+04
5.842731272415565763e+04
5.845496100962322089e+04
5.846861694654843450e+04
5.849686511570180301e+04
5.851719459223988088e+04
5.855895620344397321e+04
5.859213214961673657e+04
5.860610420240099484e+04
5.862311367410646926e+04
5.864366623993843677e+04
5.865823837702036690e+04
5.870083041804227832e+04
5.872753765959944576e+04
5.875392305132052570e+04
5.879810375322707114e+04
5.881003921751563757e+04
5.881418366315050662e+04
5.883508913519113412e+04
5.886631453924468224e+04
5.889693471490948286e+04
5.892551537349020509e+04
5.894216796156389319e+04
5.896211629825546697e+04
5.899487878102234390e+04
5.902730198068368190e+04
5.904609320991494315e+04
5.906195211049574573e+04
5.908655929123897658e+04
5.912780090524319530e+04
5.917677598314933130e+04
5.923543053416872135e+04
5.926404615808320523e+04
5.932814513616744080e+04
5.935399592966413911e+04
5.938786352755611733e+04
5.943709058528661990e+04
5.949237799250730313e+04
5.952214726261650503e+04
5.956002102720222319e+04
5.958841100089754764e+04
5.962288353135236684e+04
5.966656168195293139e+04
5.969248660521720740e+04
5.974453328750665241e+04
5.976759027574255015e+04
5.980343545818343409e+04
5.983514666404938907e+04
5.988777677763334214e+04
5.991185806975661399e+04
5.995248451633874356e+04
5.999466657203791692e+04
6.001572636656297982e+04
6.006806495661029476e+04
6.011613956397436414e+04
6.012869619367495034e+04
6.014998844261142949e+04
6.020615252625630092e+04
6.021963780229066469e+04
6.024687327270566311e+04
6.026839528120459727e+04
6.028166578224315163e+04
6.034494502963974810e+04
6.037790031324648589e+04
6.043262557632107200e+04
6.044431926914669020e+04
6.047166159932649316e+04
6.049353888276059297e+04
6.053341954926144535e+04
6.056490304517522600e+04
6.058262784511192149e+04
6.060481731289241725e+04
6.065138071243806189e+04
6.068009806568468775e+04
6.072482831276750221e+04
6.075146769657840923e+04
6.080042839272817218e+04
6.082757645462004439e+04
6.084192044420703314e+04
6.087231701602673274e+04
6.088887259003706276e+04
6.092818547925901657e+04
6.098585701610762771e+04
6.103091956564073917e+04
6.104738931625243276e+04
6.109983108286133211e+04
6.111358743429982860e+04
6.116427029947906703e+04
6.118135882251612202e+04
6.122449016940565343e+04
6.128159581036076997e+04
6.132645557176716829e+04
6.134080837119850912e+04
6.137700389255749178e+04
6.140561238151428552e+04
6.144001639542492921e+04
6.148175098622867517e+04
6.151966580915821396e+04
6.155170479048440757e+04
6.158978035340712813e+04
6.162761995210975147e+04
6.164517034764968412e+04
6.167506433122351882e+04
6.170010527414984972e+04
6.172951927980189066e+04
6.174214458440163435e+04
6.177098048050291982e+04
6.182515702550798596e+04
6.184661790569927689e+04
6.187003958765325660e+04
6.188013832507444022e+04
6.190927030041618855e+04
6.196125791680964176e+04
6.198443101418748847e+04
6.202249032876903948e+04
6.206698126570706518e+04
6.210205910808740009e+04
6.212254581251458876e+04
6.214397872963124246e+04
6.219850608153866051e+04
6.226595474460924015e+04
6.228473144200567185e+04
6.228521534824429546e+04
6.230930779052180151e+04
6.236681410387052892e+04
6.238708273930160794e+04
6.242828563417262922e+04
6.245314481459181843e+04
6.247869686639308929e+04
6.250620085173327971e+04
6.254325057857734646e+04
6.254378134814455552e+04
6.259887601840953721e+04
6.260674665520658891e+04
6.264189733036739199e+04
6.268052604761345719e+04
6.269164130518529419e+04
6.275061284745172452e+04
6.277019648325777234e+04
6.280946037906584388e+04
6.283599876282471087e+04
6.287734134468130651e+04
6.290379295303470280e+04
6.292443048511851521e+04
6.297406448207284848e+04
6.297757628836838558e+04
6.297876344701720518e+04
6.299614555329269206e+04
6.303197103135198995e+04
6.306817134674139379e+04
6.308392740561666142e+04
6.311433108415568131e+04
6.314398496038236772e+04
6.318040311086068687e+04
6.321178258962304244e+04
6.323149732489295275e+04
6.325299083136483387e+04
6.327033630194091529e+04
6.331609532711156498e+04
6.333077203255923087e+04
6.337030464322682383e+04
6.337398654199793964e+04
6.342428022363612399e+04
6.347505377257170767e+04
6.348673852936195181e+04
6.350636548907931865e+04
6.349896243735251483e+04
6.354012652956615057e+04
6.359305531926227559e+04
6.364594791476105456e+04
6.366257327000099031e+04
6.369622409147319559e+04
6.370619222611602891e+04
6.372181690499844990e+04
6.375472890544798429e+04
6.376778601445092499e+04
6.380803397978931753e+04
6.385944030548031878e+04
6.385201984067088779e+04
6.389651014536633738e+04
6.390060459918669949e+04
6.390563395893658890e+04
6.393018385333406331e+04
6.393174296017701272e+04
6.393319355613814696e+04
6.394496682584405789e+04
6.396461912120102352e+04
6.399493759863190644e+04
6.402092296116878424e+04
6.405881320236410829e+04
6.407073767888600560e+04
6.411184362867128220e+04
6.416045723373175861e+04
6.416206731377614051e+04
6.418554211761096667e+04
6.418663333256992337e+04
6.417479833536082151e+04
6.423614373519561923e+04
6.425610011883240077e+04
6.430335431546381005e+04
6.430880756053641380e+04
6.432646639435106772e+04
6.435451303255112725e+04
6.436522388642833539e+04
6.437565176531487668e+04
6.440615977655814640e+04
6.442892037171015545e+04
6.441843581071446533e+04
6.443967030386898114e+04
6.448332075270204950e+04
6.450158236614614725e+04
6.454668652953979472e+04
6.454035914260998106e+04
6.455497287326291553e+04
6.456908107753493823e+04
6.459319655129371677e+04
6.461697268701309804e+04
6.461630394055663055e+04
6.463224328072305798e+04
6.466919365591085807e+04
6.469651858592491044e+04
6.473123226589953993e+04
6.476033718895053607e+04
6.478481455908136559e+04
6.480190588278896757e+04
6.480189570673122944e+04
6.482731621592082229e+04
6.484232681270245666e+04
6.486905642746249941e+04
6.487628539096458553e+04
6.490474054021509801e+04
6.490853002601868502e+04
6.492851047460171685e+04
6.493878327790558251e+04
6.494715374324283039e+04
6.496298454891062283e+04
6.498516308318187657e+04
6.499687445487183868e+04
6.504149474681290303e+04
6.503922107225373475e+04
6.506362936237444228e+04
6.507512725302149920e+04
6.509819511866084940e+04
6.513259838442748878e+04
6.518426504346900037e+04
6.517538443308394199e+04
6.518222860449370637e+04
6.518653166458976921e+04
6.521103066123877215e+04
6.522077921550373139e+04
6.524092278726059158e+04
6.523283173729723057e+04
6.525299742879476253e+04
6.526146015926276596e+04
6.525794369612671289e+04
6.525316918010098743e+04
6.526143968552647129e+04
6.533601882207625022e+04
6.531870195082903956e+04
6.533482726367571013e+04
6.537742356295724312e+04
6.538926300190969050e+04
6.542523822845477116e+04
6.542333024587223917e+04
6.544089457844322169e+04
6.546160016730974166e+04
6.546609579477432999e+04
6.547906161198953487e+04
6.550077852068543143e+04
6.550095208860554703e+04
6.550068238260526414e+04
6.551385133515486814e+04
6.554693807269450917e+04
6.557774152913141006e+04
6.556696205237465620e+04
6.560435280569143652e+04
6.558841680594088393e+04
6.559872802407100971e+04
6.563064967537738266e+04
6.563051630621163349e+04
6.563635860465484438e+04
6.569273063391387404e+04
6.567930646393375355e+04
6.571112220790544234e+04
6.572757762079509848e+04
6.572513332336558960e+04
6.577773977439940791e+04
6.581097737373138079e+04
6.580071763895553886e+04
6.580570602374599548e+04
6.580120939204149181e+04
6.583438451734554837e+04
6.587027368961471075e+04
6.586066250809542544e+04
6.588523555617198872e+04
6.588779497161223844e+04
6.591151084791851463e+04
6.587608908868121216e+04
6.589680387068008713e+04
6.592347762070287718e+04
6.594593089317795238e+04
6.597834865789474861e+04
6.597082070364673564e+04
6.597793525609784410e+04
6.601033788757027651e+04
6.600482253068726277e+04
6.603817021355229372e+04
6.606517958773821010e+04
6.605577174077619566e+04
6.605993797291339433e+04
6.604279327635644586e+04
6.603924539332029235e+04
6.607199028305704996e+04
6.609552071840081771e+04
6.607839311833248939e+04
6.608015539747320872e+04
6.608643588945877855e+04
6.613285571770848765e+04
6.612956137230333115e+04
6.613621038121185848e+04
6.613315136839453771e+04
6.617875582558206224e+04
6.617344194919595611e+04
6.620446695659634133e+04
6.618826572630264855e+04
6.619206745393192978e+04
6.620248498384217964e+04
6.623133778577498742e+04
6.622709696494421223e+04
6.623195940500381403e+04
6.621158550904600997e+04
6.622019805812898267e+04
6.627032630942475225e+04
6.632020829143532319e+04
6.628745685484941350e+04
6.631081212184489414e+04
6.631640826074824145e+04
6.633801416653736669e+04
6.636177334821691329e+04
6.635574144903502020e+04
6.635796356686315266e+04
6.638147264831389475e+04
6.636064735013731115e+04
6.639115415373601718e+04
6.643972781198965095e+04
6.638967509178179898e+04
6.639582897981884889e+04
6.640179880844545551e+04
6.641350473703653552e+04
6.639867199529672507e+04
6.641266100510412070e+04
6.643697486477726488e+04
6.642349687459868437e+04
6.643309636484022485e+04
6.645262369308613415e+04
6.645736303999186202e+04
6.648317169306153664e+04
6.649379829182688263e+04
6.648644106174678018e+04
6.651634533532719070e+04
6.647281455785533763e+04
6.648562829676737601e+04
6.652063124891086773e+04
6.649431898390277638e+04
6.650607465319863695e+04
6.649163241274136817e+04
6.650545711388411291e+04
6.653258777974864643e+04
6.656421532654872863e+04
6.652444886049299384e+04
6.657570023671473609e+04
6.658069458543341898e+04
6.657662353260838427e+04
6.659412597100196581e+04
6.656556731353361101e+04
6.659058035323397780e+04
6.661715251316619106e+04
6.658121791497243976e+04
6.657508456733744242e+04
6.658607710012233292e+04
6.658114868773763010e+04
6.657638604101240344e+04
6.661927619560154562e+04
6.659400592414967832e+04
6.660077757870576170e+04
6.660998716576170409e+04
6.661623017972824164e+04
6.660312505103318836e+04
6.661446349932967860e+04
6.660536785106883326e+04
6.664609122091800964e+04
6.660480825089506106e+04
6.661135731393807509e+04
6.660420854045791202e+04
6.659908456931631372e+04
6.662344861940738338e+04
6.662768917453083850e+04
6.660009960393488291e+04
6.659300888457056135e+04
6.657202227139119350e+04
6.659403261243566521e+04
6.661230364941516018e+04
6.662847043816476071e+04
6.663858442660803848e+04
6.663358072766129044e+04
6.665558255306356295e+04
6.659568581176958105e+04
6.663017141408655152e+04
6.666514851937080675e+04
6.662832087597172358e+04
6.665517789792329131e+04
6.665553147437333246e+04
6.667088714579536463e+04
6.664437926287535811e+04
6.662516469518227677e+04
6.660578895548156288e+04
6.662976482699943881e+04
6.663828089235723019e+04
6.665911158128612442e+04
6.669109117586283537e+04
6.669217986077301612e+04
6.671789199055952486e+04
6.667550597253254091e+04
6.668758142629034410e+04
6.668860631001074216e+04
6.666236335233613499e+04
6.667716111430707679e+04
6.667510379243594070e+04
6.671232268440352345e+04
6.670688815835074638e+04
6.672757607252817252e+04
6.670195109046371363e+04
6.667511084943453898e+04
6.666997693206554686e+04
6.666103940162410436e+04
6.664323253906925675e+04
6.666785193460651499e+04
6.666416504654382879e+04
6.663465372714670957e+04
6.665432809739692311e+04
6.662773660806044063e+04
6.666310805177474685e+04
6.666326753979407658e+04
6.669158002264481911e+04
6.665706933136658336e+04
6.666433190447105153e+04
6.666710433679983544e+04
6.663440452670792001e+04
6.666261747539418866e+04
6.667742775330814766e+04
6.667900023331606644e+04
6.670568722354368947e+04
6.668784829209979216e+04
6.669959396167864907e+04
6.668730050942159141e+04
6.668429949224724260e+04
6.665323010165976302e+04
6.664579218423008570e+04
6.663422696375624218e+04
6.665388566238546628e+04
6.666017236664280063e+04
6.666658924374653725e+04
6.666285541366619873e+04
6.667384145428423653e+04
6.668032829888341075e+04
6.666419149383394688e+04
6.663476110747578787e+04
6.666650194067596749e+04
6.663217910164171190e+04
6.664177054042255622e+04
6.662301953213715751e+04
6.661675474004143325e+04
6.663743372013645421e+04
6.667178972663769673e+04
6.669117258901061723e+04
6.666129747428892006e+04
6.665809486714901868e+04
6.666831576624486479e+04
6.665541044051577046e+04
6.664900531032912841e+04
6.661818500288150972e+04
6.662791688293773041e+04
6.662565154099518259e+04
6.665669703055541322e+04
6.664416637561489188e+04
6.664769881902974157e+04
6.667912118289397040e+04
6.667024481029291928e+04
6.665206003706189222e+04
6.660295082261055359e+04
6.663877541189207113e+04
6.667510398887677002e+04
6.669779858553175291e+04
6.668187790282302012e+04
6.669933774222589273e+04
6.669912720569904195e+04
6.671146289388120931e+04
6.669120012113208941e+04
6.669126072792866034e+04
6.665997753555183590e+04
6.671597617024873034e+04
6.663148224456660682e+04
6.665618293848508620e+04
6.665988651119510178e+04
6.665042629357201804e+04
6.660855995354123297e+04
6.665578785445251560e+04
6.668853007398663613e+04
6.666577610653912416e+04
6.668423558755104023e+04
6.669661895246886706e+04
6.667646597184696293e+04
6.662323777920674183e+04
6.664312599884577503e+04
6.662614908096911677e+04
6.665333379669026181e+04
6.663122388614666124e+04
6.673248196435204591e+04
6.666654487864617840e+04
6.664733003329161147e+04
6.666293408071566955e+04
6.665380746109767642e+04
6.664926374158277758e+04
6.671725461093363992e+04
6.666058044258925656e+04
6.667537604185521195e+04
6.665541807367585716e+04
6.666757554852406611e+04
6.666361756505028461e+04
6.666806677610319457e+04
6.666138291740421846e+04
6.664674565506534418e+04
6.663514844173210440e+04
6.668724668538096012e+04
6.667058120266861806e+04
6.665062829838147445e+04
6.668851914512585790e+04
6.667386773469472246e+04
6.663774099585560907e+04
6.666434484936212539e+04
6.659330267727430328e+04
6.664679833288534428e+04
6.667072111758841493e+04
6.664954642353238887e+04
6.662632192329745158e+04
6.663546125186304562e+04
6.668979784289264353e+04
6.664918311751102738e+04
6.664445859542067046e+04
6.664285057663827320e+04
6.664333086059761990e+04
6.665965342527543544e+04
6.668962038585769187e+04
6.667371764871641062e+04
6.667244228980292974e+04
6.668000683585074148e+04
6.669203877254565305e+04
6.668447711935517145e+04
6.664952110261326015e+04
6.670202939170339960e+04
6.669991918333673675e+04
6.668680028575760662e+04
6.671807958440620860e+04
6.662596283112182573e+04
6.665446247962233610e+04
6.668053933598929143e+04
6.668505663390910195e+04
6.665305465169831587e+04
6.671067263528004696e+04
6.667047479703782301e+04
6.671723876182208187e+04
6.667566165529954014e+04
6.669780100514611695e+04
6.666032557472621556e+04
6.673114590529950510e+04
6.671299741549637110e+04
6.669314533243338519e+04
6.669977418450769619e+04
6.672705239729984896e+04
6.672635278150724480e+04
6.667992957247965387e+04
6.663464563148681191e+04
6.665926626160947490e+04
6.665241064526342961e+04
6.665364986945835699e+04
6.665626952522617648e+04
6.665232308529716101e+04
6.669008361158343905e+04
6.667780907413149544e+04
6.664135030374470807e+04
6.667353663161948498e+04
6.662168221476791950e+04
6.662920347570996091e+04
6.667723486071893421e+04
6.665791777179375640e+04
6.665743983797394321e+04
6.667637517322966596e+04
6.667359595008450560e+04
6.664969183148989396e+04
6.668146893159627507e+04
6.666524248305478250e+04
6.665459971545008011e+04
6.662705395927335485e+04
6.668315377413587703e+04
6.662919989972356416e+04
6.664215901238773949e+04
6.667963666641298914e+04
6.668033606803040311e+04
6.668792661324674555e+04
6.666144607173366239e+04
6.667106692659828695e+04
6.663456228452730284e+04
6.665699340997074614e+04
6.665865872739009501e+04
6.667259206816417282e+04
6.662371346893699956e+04
6.668003396735225397e+04
6.666679545121360570e+04
6.665947693808126496e+04
6.667477854017316713e+04
6.668015789407947159e+04
6.669174779395581572e+04
6.665125163914258883e+04
6.669210284904680157e+04
6.669769365846068831e+04
6.669934333821303153e+04
6.667633461679826723e+04
6.667908003482247295e+04
6.668056804323509277e+04
6.672258607126232528e+04
6.667455108340384322e+04
6.668661062935039809e+04
6.664863974308742036e+04
6.670220154182729311e+04
6.669826478679120191e+04
6.670519889897112444e+04
6.669721324977035692e+04
6.669092341869759548e+04
6.667750308964561555e+04
6.669669404931734607e+04
6.667148861707145988e+04
6.666379919650152442e+04
6.664723658638850611e+04
6.664082715746317990e+04
6.666946446089564415e+04
6.665497379433248716e+04
6.666344528903595346e+04
6.667821381607887452e+04
6.667513880244320899e+04
6.666416452151910926e+04
6.666509646378210164e+04
6.664882411828303884e+04
6.667147095290975994e+04
6.665229064282939362e+04
6.663985836168096284e+04
6.663071769159013638e+04
6.666502022584875522e+04
6.666372615565691376e+04
6.670329217506916029e+04
6.665502441919586272e+04
6.665744773555969005e+04
6.664990305956176599e+04
6.668253322295396356e+04
6.667289285313627624e+04
6.665748822480038507e+04
6.667530297251894081e+04
6.667933026778961357e+04
6.670324634596498800e+04
6.665758301236035186e+04
6.669201362590417557e+04
6.666492727585970715e+04
6.665701589046329900e+04
6.668216722331196070e+04
6.666479427676818159e+04
6.669615042510155763e+04
6.667193494110660686e+04
6.668367158178937098e+04
6.669032753333791334e+04
6.670274705915237428e+04
6.662571777891718375e+04
6.668072977842783439e+04
6.666958060921053402e+04
6.666342434517988295e+04
6.667952951537734771e+04
6.668345047840948973e+04
6.667631666722829686e+04
6.666901613285455096e+04
6.668672041869032546e+04
6.669122262038520421e+04
6.666762176680305856e+04
15x10 ens done