2.732111375280046923e+04
2.732312062956515365e+04
2.732706962166362428e+04
2.733323527196993018e+04
2.734116445461113108e+04
2.735128743490934721e+04
2.736273901686507816e+04
2.737664846903688158e+04
2.739278384895413183e+04
2.741026726818866155e+04
2.743009280982322889e+04
2.745109310078478666e+04
2.747340736540656144e+04
2.749644726473052651e+04
2.752126202955078406e+04
2.754960803167600898e+04
2.757749270709623670e+04
2.760452094939031667e+04
2.763328192781477264e+04
2.766224399467459807e+04
2.769174122542488476e+04
2.772162964287487921e+04
2.775215867778916072e+04
2.778329480932938532e+04
2.781562266197550343e+04
2.784567325455441096e+04
2.787632572425428589e+04
2.790694728491580827e+04
2.793855936573000872e+04
2.797033531734410644e+04
2.800143545890555106e+04
2.803399878540602003e+04
2.806506539002446880e+04
2.809687632077123635e+04
2.812570960888116315e+04
2.815741877008698793e+04
2.818752689068369364e+04
2.821933542701540136e+04
2.824896476352537866e+04
2.827715687567145142e+04
2.830541409367227971e+04
2.833284512509390333e+04
2.836135231280116568e+04
2.838742033366057149e+04
2.841678423608656885e+04
2.844700038312417746e+04
2.847192251833387490e+04
2.849768670767155345e+04
2.852416071441741224e+04
2.854972351985701607e+04
2.857636307055290308e+04
2.859893444493263451e+04
2.862286471762643851e+04
2.864749997465438719e+04
2.867130536414894959e+04
2.869273965362730814e+04
2.871473619043513463e+04
2.873503466642639614e+04
2.875744185666932754e+04
2.878017079708247911e+04
2.880016955835951376e+04
2.882119144671886170e+04
2.884237078683669097e+04
2.886286958528494506e+04
2.888338345913970988e+04
2.890555213233946779e+04
2.892540480033978747e+04
2.894720551797515873e+04
2.896479802843306607e+04
2.898283655428145357e+04
2.900171126473415643e+04
2.901992879329923380e+04
2.903952245009735998e+04
2.905804215873036810e+04
2.907438657574386161e+04
2.909152084360832305e+04
2.911036995961437060e+04
2.912633567087484334e+04
2.914041046116226062e+04
2.915893989436482298e+04
2.917586470627527888e+04
2.919419874184897708e+04
2.921182717393630446e+04
2.922942875019903295e+04
2.924639433305127386e+04
2.926281962752588515e+04
2.927930790488009006e+04
2.929509878483209832e+04
2.931060039749705902e+04
2.932852522183362089e+04
2.934261043943286859e+04
2.935647619082448000e+04
2.937168935891877845e+04
2.938629805972679969e+04
2.939885311526286387e+04
2.941375701656762249e+04
2.942974331074646034e+04
2.944541781649970653e+04
2.946199729115445371e+04
2.947520811678179962e+04
2.950581891043847645e+04
2.953266121793234561e+04
2.956207261538736566e+04
2.959040373358122451e+04
2.962009554036155532e+04
2.964733404642764071e+04
2.967211826731187466e+04
2.970026618857803260e+04
2.972327972640944063e+04
2.975098324456586488e+04
2.977601507553725969e+04
2.980323471457738924e+04
2.982684626464640678e+04
2.984905459777259239e+04
2.987409007215024030e+04
2.989875182780164323e+04
2.992372374366690201e+04
2.994774762316533452e+04
2.997169259591638911e+04
2.999469533841206066e+04
3.001848728572531400e+04
3.004130970253860141e+04
3.006498826248316254e+04
3.008395078612817815e+04
3.010616238605068429e+04
3.012654590689062024e+04
3.014869682139078213e+04
3.017049979849794181e+04
3.019180470269000216e+04
3.021129370105263297e+04
3.023234741083514382e+04
3.025354778663577235e+04
3.027433653647594838e+04
3.029530997996482620e+04
3.031445504495521527e+04
3.033484713083659517e+04
3.035148086521339428e+04
3.037379420514895537e+04
3.039182984824210871e+04
3.041060815490338064e+04
3.042885096627214807e+04
3.044710057300572225e+04
3.046744895384666233e+04
3.048468864489326734e+04
3.050112667665988192e+04
3.051951493986154310e+04
3.053968962599606311e+04
3.055646150888342163e+04
3.057179838283536446e+04
3.058526481113232512e+04
3.061303247718017155e+04
3.064037199828592566e+04
3.066558612662139058e+04
3.068874634231142409e+04
3.071344820049134069e+04
3.073321438915202452e+04
3.076004050567004379e+04
3.078046322758102542e+04
3.080300180521544462e+04
3.082727488121695569e+04
3.084844222221148812e+04
3.086831731748195671e+04
3.088933205660332533e+04
3.091037659805171279e+04
3.093303919784593018e+04
3.095302361007398576e+04
3.097527640960279678e+04
3.099503705067992269e+04
3.101523512400581967e+04
3.103229419289624639e+04
3.105049583422773867e+04
3.107153123035885437e+04
3.109189057527948171e+04
3.111174234666265329e+04
3.112886779305659729e+04
3.114821672704884259e+04
3.116374727621267812e+04
3.118063056698373111e+04
3.119909601161018873e+04
3.121869911262079040e+04
3.123434498018286831e+04
3.125132567767478031e+04
3.126878795397682188e+04
3.128192591288640324e+04
3.130302919321037189e+04
3.132334366235632478e+04
3.134584715599636547e+04
3.136738702283862585e+04
3.138752290899407308e+04
3.140244245362473157e+04
3.142295217717256310e+04
3.144360942983053246e+04
3.146199100692340653e+04
3.148290692551321990e+04
3.150034091631743286e+04
3.151635464980449251e+04
3.153632082329850164e+04
3.155376667005208947e+04
3.157034799074009061e+04
3.158914290795873239e+04
3.160287243211493478e+04
3.161819245577026231e+04
3.163978546226918115e+04
3.165529864882407128e+04
3.167008146815461077e+04
3.168325608285736598e+04
3.170407431133146383e+04
3.171504422068307395e+04
3.173148945710787302e+04
3.174725646359940583e+04
3.176590189996432309e+04
3.178344080887036034e+04
3.179900936022198948e+04
3.181497883553906286e+04
3.183334387713934484e+04
3.185002043727860655e+04
3.186766937873294228e+04
3.188525901966405218e+04
3.190263375590757641e+04
3.191719048755347467e+04
3.193637057541804097e+04
3.194950543403454867e+04
3.196111365766403105e+04
3.197728529014860760e+04
3.198901281151903822e+04
3.200181907905043408e+04
3.201674843560484078e+04
3.203159245253544941e+04
3.204538679892754953e+04
3.206070895644350458e+04
3.207704695575179721e+04
3.209183109784052431e+04
3.210643767738367023e+04
3.212073597479167438e+04
3.213480770105198098e+04
3.215148873329658090e+04
3.216485060163692106e+04
3.218256122394540580e+04
3.219478001270080131e+04
3.220779069603595781e+04
3.222031529083327041e+04
3.223412847821987816e+04
3.224453669588749835e+04
3.226092654870551269e+04
3.227307006674152581e+04
3.228423866369768439e+04
3.229371173953696052e+04
3.231274553133679365e+04
3.232730424465980832e+04
3.234084739236679889e+04
3.235584734249265966e+04
3.236892102130233252e+04
3.238151168204163332e+04
3.239502042138373145e+04
3.240406454428083816e+04
3.241883432488857579e+04
3.243120003598940457e+04
3.244128969846893233e+04
3.245592916165900897e+04
3.246726903793984820e+04
3.247694694086767777e+04
3.248822751711975434e+04
3.249943846361065880e+04
3.250660642665113846e+04
3.252102714462912627e+04
3.253060584977367034e+04
3.254540384729339348e+04
3.255549178665006548e+04
3.256675635201549812e+04
3.257981663200854018e+04
3.259008801771841172e+04
3.260467073080543560e+04
3.261475618828222287e+04
3.262457467199698294e+04
3.263698831287681605e+04
3.264947268940134381e+04
3.265723212415148373e+04
3.266990170912138638e+04
3.268241907294373232e+04
3.269088480613758657e+04
3.270314621858134342e+04
3.271200286211088678e+04
3.271948219630280437e+04
3.273060392118584423e+04
3.274094692995380319e+04
3.274904337707462037e+04
3.275856757410655337e+04
3.276830493804217986e+04
3.277782070755924360e+04
3.278463170468400494e+04
3.279381582775823335e+04
3.280334954648599523e+04
3.281385438016660191e+04
3.282126585404762591e+04
3.282997333488522418e+04
3.284139523541025119e+04
3.285142903184112220e+04
3.286129888151625346e+04
3.286736613033813774e+04
3.287661520575250324e+04
3.288858856239281158e+04
3.289978620076037623e+04
3.290857839113934460e+04
3.291215752021368098e+04
3.291988927309021528e+04
3.292950056821868930e+04
3.293774940335440624e+04
3.294588585071596754e+04
3.295601301490391052e+04
3.296173760789246444e+04
3.296620955066703027e+04
3.298237217551378853e+04
3.298608432160735538e+04
3.299322396033948462e+04
3.300258667358407547e+04
3.300751148389914306e+04
3.301513383972978045e+04
3.302130194161005784e+04
3.302703371691569191e+04
3.304011958320780832e+04
3.304605692430663476e+04
3.305077729731138243e+04
3.305572324274523271e+04
3.306361312447897944e+04
3.306901245796284638e+04
3.307544445656834432e+04
3.308352597535768291e+04
3.309326650138224795e+04
3.309987356951592665e+04
3.310349035347798053e+04
3.310876298740704078e+04
3.311603445832838042e+04
3.312153952119074529e+04
3.312902264931367972e+04
3.313259168665287143e+04
3.313805127250566875e+04
3.313998631757847761e+04
3.313897930947599525e+04
3.314962409168565500e+04
3.315592602149450249e+04
3.316059220656982507e+04
3.316854494851857453e+04
3.317229377938323159e+04
3.317992880109149701e+04
3.318341131120835053e+04
3.319129306807519606e+04
3.319746148056451057e+04
3.320113619067457330e+04
3.321253017890951014e+04
3.321668444648147124e+04
3.321248031362979964e+04
3.321427522050277912e+04
3.322358537376706954e+04
3.322490196832965012e+04
3.323140537347264763e+04
3.323268837869362324e+04
3.323843243546361191e+04
3.324067897710864054e+04
3.324512108638398058e+04
3.324812373461206153e+04
3.325369314635098272e+04
3.325473645571074303e+04
3.325604756023678055e+04
3.326079350662844081e+04
3.326473944284840400e+04
3.326736016042381380e+04
3.326677667307658703e+04
3.327160067026416073e+04
3.327200485573086917e+04
3.327613573076847388e+04
3.327685546169464942e+04
3.328072670287359506e+04
3.328068805795590015e+04
3.328462088159692212e+04
3.328831754670511145e+04
3.329018862614765385e+04
3.329547139907529345e+04
3.329535631481208111e+04
3.329729733227539691e+04
3.329637249337972753e+04
3.329338966677201097e+04
3.329649232369629317e+04
3.329690534597224178e+04
3.329922278703295888e+04
3.329986233463513054e+04
3.330022009066260216e+04
3.330000817510890192e+04
3.330451938341967616e+04
3.330843685827051377e+04
3.330595832949961914e+04
3.331011896881159191e+04
3.331124105673592567e+04
3.331088332816906041e+04
3.331301889917437802e+04
3.331470895165147522e+04
3.331588929622260912e+04
3.331483753184443049e+04
3.331877098972551175e+04
3.332131335484456940e+04
3.332003154212579102e+04
3.332288267078994977e+04
3.331719800767990091e+04
3.331929359483404551e+04
3.331979857722489396e+04
3.332248689093599387e+04
3.331972684053954436e+04
3.331751880710147088e+04
3.331435473113554326e+04
3.331563877116325602e+04
3.332212640312682925e+04
3.332206642420867138e+04
3.332491612020735192e+04
3.332696964823653252e+04
3.332857047070088447e+04
3.332475746853425517e+04
3.332958029655653809e+04
3.333010302045099525e+04
3.332905254278837674e+04
3.332613243006457196e+04
3.332380238108245976e+04
3.332781742427731660e+04
3.332673274786159891e+04
3.332882899212565098e+04
3.332651778036150790e+04
3.333117299295855628e+04
3.332878565272342530e+04
3.332733873459386814e+04
3.332837259978026123e+04
3.332516402376894257e+04
3.332662795664033183e+04
3.333327457628463890e+04
3.333300845990247763e+04
3.333230250803923991e+04
3.333357820074499614e+04
3.333243693293988326e+04
3.333042489079269581e+04
3.333667153769567813e+04
3.332780563476373936e+04
3.332864655193749786e+04
3.332804036653503135e+04
3.332874235041784414e+04
3.332704955757616699e+04
3.333020442914066371e+04
3.332125912970458739e+04
3.333008769686814048e+04
3.332848623118780233e+04
3.332958680759726121e+04
3.333321299892080424e+04
3.332986816964438185e+04
3.333401607804119703e+04
3.333288836476251163e+04
3.332472017121000681e+04
3.332848486743402464e+04
3.332887593680041027e+04
3.332911183850015368e+04
3.332720763413042732e+04
3.332776835513065453e+04
3.332577460332278861e+04
3.333096349392469710e+04
3.333300608428980922e+04
3.333189061067760485e+04
3.332815253152274818e+04
3.333414960121837794e+04
3.332899264841825061e+04
3.333007622042347066e+04
3.333282652350794524e+04
3.332992536213980929e+04
3.333097824546347692e+04
3.333671162298539275e+04
3.332716548977656930e+04
3.333023300742489664e+04
3.333077005252605886e+04
3.332985978861800686e+04
3.332927354070453293e+04
3.332910124842072400e+04
3.332907631469573971e+04
3.332829408920666901e+04
3.333233133174912655e+04
3.333251435254482931e+04
3.332880152025974530e+04
3.333013093858918000e+04
3.332813192951256497e+04
3.333085338819651224e+04
3.333412892445000762e+04
3.332964872537979682e+04
3.332811996434489993e+04
3.332877014331222745e+04
3.333283065773078852e+04
3.333465619798682746e+04
3.333176306542181555e+04
3.332810550279966992e+04
3.332956012708548951e+04
3.332644909859286417e+04
3.333125314676886774e+04
3.332992179726930772e+04
3.332854884558873891e+04
3.333199189047255641e+04
3.333864781287666847e+04
3.333981280558546860e+04
3.333587728723078908e+04
3.333055655208008102e+04
3.333385216823600786e+04
3.333428051971852256e+04
3.333128773852548329e+04
3.333198461886961741e+04
3.333626548906235985e+04
3.333442095233597502e+04
3.333328290924066823e+04
3.332780966088557034e+04
3.334284835880716855e+04
3.333527948186353024e+04
3.333873394526096672e+04
3.333505746794854349e+04
3.333165889709659677e+04
3.333204292547369550e+04
3.333581183026958024e+04
3.333544482300588425e+04
3.333568435474143917e+04
3.333361602043128369e+04
3.333383019630341005e+04
3.333557215159603948e+04
3.333226403737442888e+04
3.332910098642743833e+04
3.333500427727044735e+04
3.332918441548306873e+04
3.332936065114307712e+04
3.333130949751428125e+04
3.332612668563590705e+04
3.333118171544914367e+04
3.333039355756873556e+04
3.333603704852057126e+04
3.333419960134595749e+04
3.333231347838802321e+04
3.333438857156510494e+04
3.333133186507350911e+04
3.333219174073027534e+04
3.333236817670211167e+04
3.333098152495918475e+04
3.333697890787217329e+04
3.333300497076581814e+04
3.333188111389257392e+04
3.333172436203542020e+04
3.333373276136446657e+04
3.332980746040117083e+04
3.333610072391214635e+04
3.333089952668656042e+04
3.333542637582863244e+04
3.333363539356338151e+04
3.332916903888899105e+04
3.333438860642055079e+04
3.333212172278213984e+04
3.333577110996875854e+04
3.333834850299647223e+04
3.333042262695244426e+04
3.333233797037822660e+04
3.333516597487912077e+04
3.333761286072187067e+04
3.333381416769639327e+04
3.333211990083833371e+04
3.333851014884134202e+04
3.333292352831089374e+04
3.333178428660909412e+04
3.333662228630219033e+04
3.333832258335012011e+04
3.333435090037776536e+04
3.333310023737180745e+04
3.333481612244528515e+04
3.333103605914182845e+04
3.332848459962369816e+04
3.333154615723065217e+04
3.333121712944097817e+04
3.333027619019201666e+04
3.332928707710885647e+04
3.333676772157659434e+04
3.332845399188747979e+04
3.333596242427430843e+04
3.333020764623758441e+04
3.333382645461466018e+04
3.333228440885744203e+04
3.333565856820147746e+04
3.333414700516392622e+04
3.332983827486528025e+04
3.332797450560444122e+04
3.332576462953143346e+04
3.332740409398348129e+04
3.333080162611838023e+04
3.332731091481960902e+04
3.332906797855025070e+04
3.332374309798041213e+04
3.333377262848624378e+04
3.333186989691870986e+04
3.333192129677935736e+04
3.333086794078326056e+04
3.333095094938966940e+04
3.334038434045619942e+04
3.333865990433162369e+04
3.333395904402484302e+04
3.332937705130740505e+04
3.333331337059678481e+04
3.332686133137692377e+04
3.332875821222899685e+04
3.333239830127876485e+04
3.333417243756757671e+04
3.333752981521595211e+04
3.333803799041063758e+04
3.333770035987510346e+04
3.333220548625742958e+04
3.333354152225717553e+04
3.332721888459406910e+04
3.332703102011451847e+04
3.332735367243172368e+04
3.333105652949454816e+04
3.333210067431033531e+04
3.333546365682918986e+04
3.333028867215949867e+04
3.332826442479038815e+04
3.332920724154564959e+04
3.333051765802814771e+04
3.333277234344134195e+04
3.332929518255949370e+04
3.333064548758156161e+04
3.333302167649560579e+04
3.332679911177403119e+04
3.333624101885751588e+04
3.333254279654259881e+04
3.333888791404745280e+04
3.333433830139064958e+04
3.333370184515797155e+04
3.333834806602531171e+04
3.333271118938080326e+04
3.333169838981066277e+04
3.333144750253656093e+04
3.332862240939524054e+04
3.332888682261322538e+04
3.333048916483460926e+04
3.332763038812859304e+04
3.332254064349682449e+04
3.332829832155552867e+04
3.332161335739564674e+04
3.333373359314829577e+04
3.333092113535579847e+04
3.333002729664092476e+04
3.332915668994754378e+04
3.333455684571425809e+04
3.333670353691544733e+04
3.332918681833208393e+04
3.332100783928768215e+04
3.332892036843859387e+04
3.333733437258347112e+04
3.333995108413978596e+04
3.334049112721747224e+04
3.333855661214917200e+04
3.332780726776877418e+04
3.333340308172745426e+04
3.333198600398001145e+04
3.333057419684164051e+04
3.333202265672237263e+04
3.333353021827176417e+04
3.333044873853379977e+04
3.332651371316282166e+04
3.332543051259205095e+04
3.333258701474709233e+04
3.333123111316385621e+04
3.333326507175427832e+04
3.333985238205789210e+04
3.333321257287781191e+04
3.332852122851216700e+04
3.333542091094845091e+04
3.333335535731472191e+04
3.333427379679440492e+04
3.332826957903796574e+04
3.333657210911916627e+04
3.333197326988258283e+04
3.333413344522115221e+04
3.334023914173166850e+04
3.333768542756512034e+04
3.333896295541378640e+04
3.333427403178482928e+04
3.333619880066538462e+04
3.333580422104526224e+04
3.333557997784382314e+04
3.332952508642857720e+04
3.333041831964978337e+04
3.333515953069929674e+04
3.332609381435909745e+04
3.332897501852367714e+04
3.333194810167069227e+04
3.332777606550431665e+04
3.333329426784292446e+04
3.333463416364770092e+04
3.333481359617145790e+04
3.333521081420908013e+04
3.333530512484557403e+04
3.333277314226936869e+04
3.333455881345182570e+04
3.333514431602966943e+04
3.332882186643818568e+04
3.332875669823658245e+04
3.332843178357145371e+04
3.333499744171203929e+04
3.332945395695846673e+04
3.332657061344284739e+04
3.333266286606536596e+04
3.333245451617189974e+04
3.332805665339097322e+04
3.333635550907732249e+04
3.333621452744969429e+04
3.333265753732035228e+04
3.333309448629063991e+04
3.332459877563332702e+04
3.333019551591016352e+04
3.333249343391983712e+04
3.332603748116667703e+04
3.333093679398001404e+04
3.332838263229466975e+04
3.332786913304227346e+04
3.333036890746639256e+04
3.333419436626446259e+04
3.333304251926709549e+04
3.333128438210519380e+04
3.333045198016968061e+04
3.333007888115454989e+04
3.333050630889758759e+04
3.333267933359013114e+04
3.333142715863484773e+04
3.333015459969601943e+04
3.333004850830518262e+04
3.333043121928020992e+04
3.333233626345682569e+04
3.333754687327769352e+04
3.333368907858117745e+04
3.332972886482754257e+04
3.333087349956850812e+04
3.333110518528903049e+04
3.333461350012505136e+04
3.333370595902104105e+04
3.332949040591800440e+04
3.332991656442049862e+04
3.333031867805236107e+04
3.333146137038247252e+04
3.333513477335144853e+04
3.333275577346242790e+04
3.333182242810388561e+04
3.333422558034500980e+04
3.332826652837140136e+04
3.333268070067818189e+04
3.333077206535422010e+04
3.333059550601064984e+04
3.333083860305146663e+04
3.333510870441311272e+04
3.332822912118908425e+04
3.333279375012395030e+04
3.333709753151393670e+04
3.332946356293181452e+04
3.333073171006734628e+04
3.333586905479639245e+04
3.333426507692868472e+04
3.333485622311623592e+04
3.333254016711189615e+04
3.333108318334663636e+04
eta=0.6283185307179586;555x10 ens done