8.274891453855362488e+04
8.276015867404587334e+04
8.277711325281002792e+04
8.279429683299300086e+04
8.280822116628737422e+04
8.284891059958872211e+04
8.288214200360245013e+04
8.292246204685316479e+04
8.297653913575863407e+04
8.303865408676567313e+04
8.310585120703931898e+04
8.317840774908204912e+04
8.327909976822797034e+04
8.335044940966895956e+04
8.340929508782950870e+04
8.348099157704284880e+04
8.353504720843423274e+04
8.362231441984401317e+04
8.370222299477134948e+04
8.378251398250099737e+04
8.384118961422292341e+04
8.391681520240110694e+04
8.397699909270412172e+04
8.406581686806163634e+04
8.415907405844698951e+04
8.420568902271812840e+04
8.425898759316984797e+04
8.433335276102286298e+04
8.439752381708918256e+04
8.447849802949027799e+04
8.453975446458173974e+04
8.461225811328434793e+04
8.470079425237093528e+04
8.476616001633543056e+04
8.482658507693560387e+04
8.490690363146286109e+04
8.495858735158972559e+04
8.503421721550985239e+04
8.514192970043540117e+04
8.520292838784345076e+04
8.525634071183357446e+04
8.532947531123817316e+04
8.538022806821027189e+04
8.543653429816370772e+04
8.546854842746131180e+04
8.552519566302905150e+04
8.556694088055558677e+04
8.563106648306152783e+04
8.568367788389322232e+04
8.572060195962100988e+04
8.578047717398290115e+04
8.583731355972135498e+04
8.588374063548374397e+04
8.592107327594015806e+04
8.597694092312542489e+04
8.604394319810661545e+04
8.606628255635855021e+04
8.610539614747141604e+04
8.615774247554873000e+04
8.618897329082307988e+04
8.622062253046111437e+04
8.626421172309205576e+04
8.632713693963052356e+04
8.637914482513318944e+04
8.640060500742486329e+04
8.643101651064759062e+04
8.648015908474188473e+04
8.651099100231076591e+04
8.652828709132006043e+04
8.658440005072049098e+04
8.663381849065948336e+04
8.666712352612831455e+04
8.670184589851640339e+04
8.673845911044464447e+04
8.676952659282469540e+04
8.681050118236664275e+04
8.683178042090802046e+04
8.685231620508515334e+04
8.686437081917485921e+04
8.690809970370621886e+04
8.693335163659023237e+04
8.697066035768091388e+04
8.698733240150673373e+04
8.703878874854026071e+04
8.708320651389815612e+04
8.709727161743998295e+04
8.714119147298454482e+04
8.717858802700755768e+04
8.722875528563257831e+04
8.723126384770451114e+04
8.725021919740799058e+04
8.727946882875250594e+04
8.730392640679456235e+04
8.732168767000909429e+04
8.737776530981212272e+04
8.739048696112359175e+04
8.744340382903136197e+04
8.749575532121845754e+04
8.750153674482455244e+04
8.752998475333144597e+04
8.762153230700136919e+04
8.766841252485959558e+04
8.772917652853038453e+04
8.773768680308226612e+04
8.780210412662605813e+04
8.786157925043672731e+04
8.789868434306757990e+04
8.795206456201373658e+04
8.798796060498716542e+04
8.805288466592083569e+04
8.811148607845151855e+04
8.818198742487184063e+04
8.819463947459060000e+04
8.822588071555149509e+04
8.827962154136032041e+04
8.834316654242022196e+04
8.839733033099405293e+04
8.843945844488442526e+04
8.848326122958588530e+04
8.852302831731882179e+04
8.855935295359039446e+04
8.861870958306563261e+04
8.865691048551494896e+04
8.869211047675146256e+04
8.873216909906391811e+04
8.875781874088794575e+04
8.879872710083317361e+04
8.885163789557020937e+04
8.888770543031630223e+04
8.891836071378493216e+04
8.895254092698215391e+04
8.897801270925885183e+04
8.902045263477401750e+04
8.905687664222644526e+04
8.909078762858813570e+04
8.912308619325284963e+04
8.917044957004500611e+04
8.918044602097042662e+04
8.923960322860258748e+04
8.926597592006371997e+04
8.931285606752969034e+04
8.934113879822155286e+04
8.939081910230233916e+04
8.942682723026179883e+04
8.947545134420972317e+04
8.952146548360896122e+04
8.954654093043520697e+04
8.960931244567882095e+04
8.966114808003677172e+04
8.969826286220393376e+04
8.974126219525196939e+04
8.980241241149678535e+04
8.984203026190972014e+04
8.994697092204393994e+04
8.998893333142687334e+04
9.003220166892153793e+04
9.003872205197678704e+04
9.013232891989560449e+04
9.018297957768307242e+04
9.022815623141007381e+04
9.025476265664497623e+04
9.029226363103596668e+04
9.034976318932282447e+04
9.037529840446902381e+04
9.043370733733323868e+04
9.046889260699805163e+04
9.049170949849364115e+04
9.056237267832005455e+04
9.060616459958668565e+04
9.067321944777104363e+04
9.071678291424909548e+04
9.074457949853282480e+04
9.079580091540006106e+04
9.082814506871014601e+04
9.092357231568481075e+04
9.098163860791124171e+04
9.102786216744569538e+04
9.105506651121602044e+04
9.107473554797063116e+04
9.109594700357579859e+04
9.115673334445402725e+04
9.121127849794580834e+04
9.126439507452645921e+04
9.128902106886483671e+04
9.135502212828067422e+04
9.142911088956559252e+04
9.149307281941403926e+04
9.152578811754546768e+04
9.157016966954010422e+04
9.161226893159511383e+04
9.165413919227423321e+04
9.169788612371384806e+04
9.176573314204635972e+04
9.181130936574010411e+04
9.187095170857045741e+04
9.193010274418239715e+04
9.192746042576388572e+04
9.196565913288517913e+04
9.203583630273764720e+04
9.206625499779876554e+04
9.213685065731313080e+04
9.218051601463512634e+04
9.223912853376005660e+04
9.230846550444581953e+04
9.228548897912992106e+04
9.235034034184306802e+04
9.239573542170762084e+04
9.240451682367309695e+04
9.246613366712727293e+04
9.249980201902649424e+04
9.255593838723839144e+04
9.261087928898436076e+04
9.266423293674361776e+04
9.267125804159074323e+04
9.271520940835174406e+04
9.276581650710885879e+04
9.282561558266499196e+04
9.290062380180257605e+04
9.292449877916168771e+04
9.294094197701256780e+04
9.297527277330262586e+04
9.302572500665012922e+04
9.309464920234731107e+04
9.317064253220318642e+04
9.322243973641308548e+04
9.323224855375928746e+04
9.326574821265257197e+04
9.324864152274935623e+04
9.328853595713218965e+04
9.333555822150364111e+04
9.339617148383667518e+04
9.343690011698189483e+04
9.349575834075147577e+04
9.355816176954490948e+04
9.361187274682807038e+04
9.362557619200259796e+04
9.365500985984789440e+04
9.367498589762859046e+04
9.373802196244049992e+04
9.384156874718463223e+04
9.388657482980309578e+04
9.387801474690849136e+04
9.388736973302328261e+04
9.393830672114783374e+04
9.403231887988693779e+04
9.403906167764047859e+04
9.410159632553762640e+04
9.420430323621287243e+04
9.425918381848458375e+04
9.430053188304656942e+04
9.433729672996248701e+04
9.437375397482332482e+04
9.438525898288101598e+04
9.442429157717147609e+04
9.447994515384099213e+04
9.451930755620416312e+04
9.454473207224454382e+04
9.461162961172366340e+04
9.465124706728494493e+04
9.467287839450103638e+04
9.469072737759161100e+04
9.474770178358005069e+04
9.474510804613096116e+04
9.477073359697191336e+04
9.482676194847219449e+04
9.487874648812918167e+04
9.492993478611062164e+04
9.495848345485226309e+04
9.498042962677190371e+04
9.506810561925490038e+04
9.507172200680823880e+04
9.513217818942839222e+04
9.517491038523649331e+04
9.519113194991712226e+04
9.520427714730132720e+04
9.526946153091020824e+04
9.531355993626004783e+04
9.532569332441453298e+04
9.540392685453196464e+04
9.545878603838759591e+04
9.549867989544080046e+04
9.547487705064534384e+04
9.553874142348929308e+04
9.557163935316464631e+04
9.560995720729535969e+04
9.564914387833004002e+04
9.568768390219089633e+04
9.572889394833979895e+04
9.578220159788665478e+04
9.581647531709962641e+04
9.587548567029426340e+04
9.589028027537530579e+04
9.590019155405461788e+04
9.597826366112270625e+04
9.598456384292599978e+04
9.601907801433987333e+04
9.605576861003544764e+04
9.603939446656493237e+04
9.607555660758832528e+04
9.611897326381514722e+04
9.618308388526595081e+04
9.621025507746539370e+04
9.623851806172404031e+04
9.622443248715045047e+04
9.630412324436164636e+04
9.634331095887109404e+04
9.637138086742690939e+04
9.639031439104193123e+04
9.645667845401178056e+04
9.648530808858101955e+04
9.648185242454028048e+04
9.651623311283522344e+04
9.654436226595133485e+04
9.662586520440866298e+04
9.662829534973607224e+04
9.666611941867483256e+04
9.669413535381642578e+04
9.669278785921646340e+04
9.672719986366579542e+04
9.670291873808285163e+04
9.678149611612230365e+04
9.679618380730236822e+04
9.681492117289025919e+04
9.686320524359380943e+04
9.686283411418284231e+04
9.688605856309045339e+04
9.693937401343131205e+04
9.698571416168032738e+04
9.700214704314674600e+04
9.704453536971278663e+04
9.706606925948880962e+04
9.711281688118549937e+04
9.714239531054219697e+04
9.713776034378673648e+04
9.719598155620810576e+04
9.720784737043362111e+04
9.726410144600586500e+04
9.729172903697547736e+04
9.730299116364697693e+04
9.730907319849898340e+04
9.734650133203965379e+04
9.736634223953222681e+04
9.736375719356580521e+04
9.739514362173182599e+04
9.742544606403145008e+04
9.746437938318926899e+04
9.752471143741214473e+04
9.755175806481471227e+04
9.754922543858257995e+04
9.758681083514934289e+04
9.762790907509395038e+04
9.761093578414636431e+04
9.765389255262794904e+04
9.770467252617940539e+04
9.770424279173594550e+04
9.769246987792567234e+04
9.772319284711082582e+04
9.773088068792973354e+04
9.779081397784290311e+04
9.781727885702262574e+04
9.783624082343529153e+04
9.784675240319731529e+04
9.784163138573689503e+04
9.788260203336479026e+04
9.794257853245893784e+04
9.797166620081031579e+04
9.800713990003439540e+04
9.806799551274121040e+04
9.806098572460914147e+04
9.807585000660111837e+04
9.810036725343897706e+04
9.810686115204067028e+04
9.809271513609422254e+04
9.815025006755285722e+04
9.812390679972815269e+04
9.819180233261271496e+04
9.818445095038959698e+04
9.822138317806087434e+04
9.827431346510657750e+04
9.827809491173940478e+04
9.834030405342235463e+04
9.834392980249863467e+04
9.836050148997810902e+04
9.835612038247312012e+04
9.840068316215560480e+04
9.840273714376379212e+04
9.846145749093910854e+04
9.846351096528275230e+04
9.847087156743362721e+04
9.852895215627242578e+04
9.851450771017254738e+04
9.851939323055099521e+04
9.860274033964780392e+04
9.864098900857061381e+04
9.860585564527247334e+04
9.866476276726923243e+04
9.868288075637524889e+04
9.870999387716340425e+04
9.874724579126999015e+04
9.876379961203088169e+04
9.882468938039905333e+04
9.880700775521587639e+04
9.882159948288237501e+04
9.884058971828458016e+04
9.888243954594974639e+04
9.887808541984915792e+04
9.885989728495354939e+04
9.891394471487199189e+04
9.891656216488627251e+04
9.893469430864175956e+04
9.897519087188683625e+04
9.893420632176179788e+04
9.894411932729353430e+04
9.895030761256703408e+04
9.895223635826236568e+04
9.893344574474953697e+04
9.904677985701334546e+04
9.906411403404017619e+04
9.902663535599138413e+04
9.903426619864164968e+04
9.907832315892216866e+04
9.912052193942831946e+04
9.914600962986655941e+04
9.917056545538317005e+04
9.915273596509073104e+04
9.923661647868357250e+04
9.922718239762993471e+04
9.927865463382854068e+04
9.925860947234208288e+04
9.924465087337623117e+04
9.924296621628101275e+04
9.927277680476421665e+04
9.931209166006078885e+04
9.931156904876255430e+04
9.930934474534088804e+04
9.938626858646125766e+04
9.935649074594397098e+04
9.940640978918544715e+04
9.943025781701637607e+04
9.944274998711417720e+04
9.947686719566906686e+04
9.943389827165077440e+04
9.941097869794005237e+04
9.948118005405871372e+04
9.948683124453519122e+04
9.944090036552917445e+04
9.943923700673767598e+04
9.948248300861881580e+04
9.946126439884654246e+04
9.952220153685247351e+04
9.951117032682460558e+04
9.954494983756556758e+04
9.958812785165291280e+04
9.959299933025804057e+04
9.963106272773031378e+04
9.957559316683522775e+04
9.957425947562928195e+04
9.958120200182456756e+04
9.963062142098508775e+04
9.961403828898421489e+04
9.964021040624665329e+04
9.962674900032056030e+04
9.963224945161853975e+04
9.968264025014100480e+04
9.969005677869872306e+04
9.966731843917719380e+04
9.972862661436358758e+04
9.972499581917905016e+04
9.971955291443916212e+04
9.976039726547776081e+04
9.976896649039181648e+04
9.975693467771301221e+04
9.979729593928951363e+04
9.978054689967838931e+04
9.977391251806291984e+04
9.980102580483992642e+04
9.981468866526214697e+04
9.984685571604224970e+04
9.989857856196985813e+04
9.984688767867046408e+04
9.984670381249547063e+04
9.987234722032437276e+04
9.990336987447860884e+04
9.988712255664252734e+04
9.991614888632114162e+04
9.990987046397090307e+04
9.994728279960100190e+04
9.991341954221727792e+04
9.994972122693096753e+04
9.995487287995632505e+04
9.988664528978215822e+04
9.988619807733880589e+04
9.998113496014323027e+04
9.997779356499444111e+04
9.999234212267039402e+04
9.997513421488515451e+04
1.000130696554328024e+05
1.000323992571794515e+05
9.998430361805128632e+04
1.000466836337437562e+05
1.000191264009133592e+05
1.000368280484181014e+05
1.000149788837692322e+05
9.999296027980254439e+04
1.000011539901271171e+05
9.995104149308051274e+04
9.999786926724872319e+04
1.000330679172450327e+05
1.000359830719604361e+05
1.000167155681077274e+05
1.000323304293852707e+05
9.999815564240790263e+04
1.000248832967065100e+05
1.000464408079030836e+05
1.000226278020757454e+05
9.998242579819996899e+04
1.000492561558367743e+05
1.000237172413171793e+05
9.998963961148026283e+04
1.000473803765110206e+05
1.000110178232715261e+05
1.000239424765544682e+05
1.000277609665889759e+05
1.000246819831829052e+05
1.000329573886760190e+05
1.000623937792615325e+05
1.000179137968334253e+05
1.000808797497345513e+05
1.000652064404089906e+05
1.001006576505026460e+05
1.000540764571491018e+05
1.000625983102631435e+05
1.000265737524923170e+05
1.000009154327422439e+05
1.000284186300718429e+05
1.000205035004848905e+05
1.000255265245123883e+05
1.000485031801954319e+05
1.000567588866955048e+05
1.000370763345734740e+05
1.001025119720009679e+05
1.000368743026098527e+05
1.000280597947664210e+05
1.000689764744715649e+05
1.000150928287588904e+05
9.998809645017790899e+04
1.000407639091789606e+05
1.000113174252448662e+05
1.000205030560165178e+05
1.000116238910197135e+05
1.000089270698590844e+05
9.996754828957217978e+04
9.999901361799181905e+04
1.000069303247918288e+05
9.995972999529243680e+04
9.998386894715827657e+04
1.000050020527728193e+05
9.998079276265046792e+04
9.997199385074287420e+04
9.996326763282989850e+04
9.996975235649097885e+04
9.999175370544743782e+04
1.000011075703926763e+05
1.000126636825643945e+05
1.000076631330008531e+05
1.000425508497161063e+05
1.000318853347375261e+05
9.997823216230173421e+04
9.998530470019203494e+04
1.000181032561466272e+05
1.000374611222442036e+05
1.000326509773546713e+05
1.000268804910023900e+05
9.997936489710437309e+04
1.000162582233096327e+05
9.996729272141511319e+04
1.000392899322235317e+05
1.000189904326341639e+05
9.998693967797196819e+04
1.000403689873384428e+05
1.000638217819423444e+05
1.000200985261915048e+05
1.000406125813713734e+05
1.000387078910846903e+05
1.000793603523153433e+05
9.999906822084316809e+04
9.997863068112096516e+04
1.000450563134531112e+05
9.995030195928830653e+04
9.999316457925012219e+04
9.997308303287690796e+04
9.995136544129828690e+04
9.998478776393174485e+04
9.994772743597334193e+04
1.000344258913264930e+05
1.000003527774756658e+05
9.997526371831416327e+04
9.995749896274103958e+04
9.998430621252409765e+04
1.000482413276239677e+05
1.000275240056083276e+05
9.995495271113066701e+04
9.996597347962073400e+04
9.994235414438773296e+04
9.995010583980708907e+04
9.998063655688938161e+04
9.999049619386176346e+04
9.997101329985754273e+04
1.000357391705645132e+05
1.000031651863299194e+05
9.993949249581895128e+04
9.993603305382361577e+04
9.994771027875595610e+04
9.991864845035184408e+04
9.993189510058100859e+04
9.995945627516743843e+04
9.997503153061000921e+04
1.000095723993506399e+05
1.000146544243915123e+05
1.000061012757167773e+05
1.000021139145396592e+05
9.998676641631612438e+04
9.999142076711497793e+04
9.999859577662011725e+04
9.999164294416253688e+04
9.992325911403930513e+04
9.994876386944732803e+04
9.988789527623316098e+04
9.991380236790105118e+04
9.992498826714794268e+04
9.992330485154011694e+04
9.994744907296751626e+04
9.997685645410860889e+04
9.994091078780249518e+04
9.996649598907613836e+04
9.999808418415144843e+04
9.998407002111324982e+04
9.999328312936567818e+04
1.000749816160997434e+05
9.996857588007574668e+04
9.992434616683806235e+04
1.000023996920164209e+05
1.000137664667144418e+05
1.000278022170551703e+05
1.000095387902914663e+05
1.000266008119746257e+05
9.999377599626386655e+04
9.998607937061759003e+04
1.000470256484302809e+05
1.000103481587699061e+05
1.000243683096164023e+05
1.000086770747501287e+05
9.993948273600245011e+04
9.996824026926640363e+04
1.000226973309078749e+05
1.000371348498323350e+05
1.000465511433060601e+05
1.000140586469927221e+05
1.000012587315097044e+05
9.999300251052256499e+04
1.000027984780031402e+05
1.000730180982325110e+05
1.000371564552618074e+05
1.001215749813393049e+05
1.000826514402666508e+05
1.000860496193461586e+05
1.000210100060622062e+05
1.000517816026416986e+05
1.000833720299139968e+05
1.000452325096370769e+05
1.000304864615120605e+05
1.000594515559007996e+05
1.001121152254274930e+05
1.000507979233280639e+05
9.997415920779685257e+04
1.000500579169289558e+05
1.000503628969009005e+05
1.000858939656028961e+05
1.000804564125682955e+05
1.000320718157768715e+05
1.000000932030757540e+05
1.000364982099594927e+05
1.000537289416520944e+05
1.000555187114319851e+05
1.000594429330542334e+05
1.000569122983911220e+05
1.000238858426382212e+05
9.990499534020152350e+04
1.000052399921442702e+05
1.000112969666867866e+05
1.000157402720569662e+05
9.995711939690758300e+04
1.000160875948528119e+05
1.000369110657241545e+05
1.000401926814948965e+05
9.999396309279584966e+04
9.999907851306692464e+04
1.000212489073516917e+05
1.000376723992400221e+05
9.997824117318511708e+04
1.000343104647818836e+05
1.000523569096187712e+05
1.000256394451231608e+05
1.000054608889487863e+05
1.000037283704417059e+05
1.000347443755901913e+05
1.000140378980442038e+05
1.000025635241773562e+05
9.996389464061211038e+04
1.000307737135484349e+05
1.000092852253772871e+05
9.999078887244948419e+04
1.000427093043122441e+05
1.000268391684994567e+05
1.000008962493580621e+05
1.000445768305305683e+05
1.000404737497071183e+05
1.000417481263204681e+05
1.000216714947387227e+05
1.000295143697998865e+05
1.000208489558919682e+05
9.996564712125259393e+04
9.996358123619300022e+04
1.000033950967082346e+05
9.998046140493683924e+04
9.996305302473368647e+04
9.992329970855075226e+04
1.000347573573195259e+05
9.997795152792679437e+04
1.000665000495719869e+05
9.995245250298047904e+04
9.996855723229316936e+04
9.997313167505760794e+04
1.000183382930862572e+05
9.999780990234488854e+04
1.000168719238012127e+05
1.000676487449627748e+05
9.998058728517136478e+04
9.998104299296312092e+04
1.000491917226873775e+05
9.998755229159034207e+04
9.997966156978457002e+04
1.000588151710751990e+05
9.997668424094629881e+04
9.990766404696048994e+04
9.998530178505177901e+04
9.994505191857546743e+04
1.000017944445576286e+05
1.000304974830508436e+05
1.000641572086533124e+05
1.000576271268810960e+05
1.000879378499174927e+05
9.999585642850998556e+04
1.000919761694106128e+05
1.000603012003934418e+05
9.998110379192706023e+04
1.000129645419856242e+05
9.997736222039122367e+04
1.000102936757298303e+05
9.996894894710021617e+04
9x10 ens done