2.921252905660287070e+04
2.921952004336439495e+04
2.923103875116203926e+04
2.924802485229106969e+04
2.926911062939874319e+04
2.929557202952334410e+04
2.932560856857753606e+04
2.935890951074350960e+04
2.939628499168668714e+04
2.943519582338349937e+04
2.947612867549822477e+04
2.951815909932533759e+04
2.956421642975033319e+04
2.960897693168601108e+04
2.965500480530331697e+04
2.970281737525997232e+04
2.974974176128780164e+04
2.979745469099618276e+04
2.984484617068525040e+04
2.989173322141750396e+04
2.993905609448120958e+04
2.998628126623415665e+04
3.003218434861195419e+04
3.007789394116069525e+04
3.012348124814217590e+04
3.016765244466177683e+04
3.021198774347839571e+04
3.025488533063344948e+04
3.029646719578944612e+04
3.033860745186340864e+04
3.037918693109450760e+04
3.041769469365177065e+04
3.045681499504851308e+04
3.049362741951120915e+04
3.052914370817533199e+04
3.056308932884519527e+04
3.059705289171583354e+04
3.063076393658326560e+04
3.066456735050763746e+04
3.069673041096188172e+04
3.072856315337761771e+04
3.075913681206412366e+04
3.078826712343910185e+04
3.081655312865940141e+04
3.084356652527389087e+04
3.086996999788837638e+04
3.089685914565718849e+04
3.092116612480853291e+04
3.094539574272217578e+04
3.097078440315944681e+04
3.099480329766033901e+04
3.101685054387596392e+04
3.103786381809356317e+04
3.105845160787587156e+04
3.108085075084385244e+04
3.110263924773233884e+04
3.112074993944109883e+04
3.113955809969080656e+04
3.115826919930355143e+04
3.117570323606686725e+04
3.119440709844967205e+04
3.121239157191736740e+04
3.122973812828186783e+04
3.124628644007103139e+04
3.126285666327194849e+04
3.127766758177996235e+04
3.129350131709892594e+04
3.130925409587817921e+04
3.132191001507715919e+04
3.133593333938666910e+04
3.135041629386861678e+04
3.136409990171939353e+04
3.137684425848073442e+04
3.139031447665499218e+04
3.140369094676776149e+04
3.141508726561095318e+04
3.142762855400907574e+04
3.144066177024899662e+04
3.145306770939141643e+04
3.146438886847225513e+04
3.147481912109252517e+04
3.148718717836436554e+04
3.149832138878374462e+04
3.151007385054905171e+04
3.152154931605554157e+04
3.153127614696728415e+04
3.154283630960209848e+04
3.155208248596845806e+04
3.156184260213618836e+04
3.157104904164965046e+04
3.158090470788407038e+04
3.159114423787322448e+04
3.159952415438388562e+04
3.160859067021916053e+04
3.161824151517747305e+04
3.162905545576394434e+04
3.163935004962726816e+04
3.164863204900125493e+04
3.165847013829128264e+04
3.166638024739449975e+04
3.168156235561433277e+04
3.169799060644069687e+04
3.171593221059956340e+04
3.173035817954110826e+04
3.174422012958948108e+04
3.175843222126468754e+04
3.177164394816002823e+04
3.178714777910288831e+04
3.180051064537224011e+04
3.181284456173638682e+04
3.182744723057389638e+04
3.184014843210668550e+04
3.185331049100905875e+04
3.186515166107620098e+04
3.187748826375812860e+04
3.188938958366743100e+04
3.190226024902236168e+04
3.191394474410539260e+04
3.192479663802736104e+04
3.193430426755285589e+04
3.194527539731203069e+04
3.195346529524481230e+04
3.196459663721490506e+04
3.197569989984509812e+04
3.198714341700915975e+04
3.199761639831625871e+04
3.200642450328874475e+04
3.201739596756105675e+04
3.202616226177598946e+04
3.203317759602318984e+04
3.204182666455743311e+04
3.205041198435907791e+04
3.205972398706593958e+04
3.206844361820677659e+04
3.207565272657582318e+04
3.208429158088012264e+04
3.209073814102350661e+04
3.209918178349624213e+04
3.210802719499674276e+04
3.211643676263109592e+04
3.212308584486566906e+04
3.213115105786567074e+04
3.213745503152064339e+04
3.214590424360449470e+04
3.215323291051607521e+04
3.216118540527044024e+04
3.216675578788731218e+04
3.217501022764487061e+04
3.218236432837629036e+04
3.218937907339522280e+04
3.219925471474347796e+04
3.220840545875700991e+04
3.221787659706470731e+04
3.222633742366499428e+04
3.223713504282389113e+04
3.224690089467001235e+04
3.225636591722871162e+04
3.226521577358647482e+04
3.227474723310861009e+04
3.228287629400507649e+04
3.229177405952089975e+04
3.229873237950331895e+04
3.230810571181567138e+04
3.231535971397274989e+04
3.232333747917191795e+04
3.233103173784984392e+04
3.233763745415012090e+04
3.234451916793378041e+04
3.235014861557466429e+04
3.235751225601671467e+04
3.236523611679112582e+04
3.237115062045224477e+04
3.237898254201197778e+04
3.238605520181424436e+04
3.239311974744945110e+04
3.239821811232564869e+04
3.240402115159362074e+04
3.240986386102353936e+04
3.241544631424827094e+04
3.242172713072324041e+04
3.242805865712036029e+04
3.243575776274043528e+04
3.244159215683776347e+04
3.244789751082742077e+04
3.245453810735983279e+04
3.246207864766220155e+04
3.247002003373581101e+04
3.247675621893577409e+04
3.248478812568667854e+04
3.249093163188225662e+04
3.249972288361793471e+04
3.250681734310514366e+04
3.251203583679378426e+04
3.251977632092110434e+04
3.252576280782810136e+04
3.253339521777716436e+04
3.253843676103564212e+04
3.254404795373674278e+04
3.254975263852195349e+04
3.255558599367757415e+04
3.256142103802671772e+04
3.256697252125870727e+04
3.257284762567748840e+04
3.257863841901186970e+04
3.258287789196011363e+04
3.258813876661323957e+04
3.259307848552053838e+04
3.259687244610731796e+04
3.260188287240598947e+04
3.260764915347231363e+04
3.261351108018107334e+04
3.261968169262889569e+04
3.262617912378711480e+04
3.263332342721497116e+04
3.263861041376890716e+04
3.264621020025968028e+04
3.265194714525396921e+04
3.265717615314836075e+04
3.266134564735721506e+04
3.266709882170467972e+04
3.267201614455550953e+04
3.267759797802466710e+04
3.268083111698404900e+04
3.268823710262406166e+04
3.269245287629721861e+04
3.269668739182474746e+04
3.270225039756926708e+04
3.270864798152112417e+04
3.271292057967466098e+04
3.271701195007818751e+04
3.272312545330807916e+04
3.272913871973051573e+04
3.273429680032735996e+04
3.273972725202463698e+04
3.274429415670009985e+04
3.274966882076623006e+04
3.275418615357204544e+04
3.275807196483890948e+04
3.276349784517605804e+04
3.276935314566979650e+04
3.277295264514348673e+04
3.277910523713810835e+04
3.278314633718087134e+04
3.278829316059223493e+04
3.279095216599365085e+04
3.279405144101817859e+04
3.280009510970953124e+04
3.280467592321299162e+04
3.280851088248489395e+04
3.281374406962606008e+04
3.281932806996484578e+04
3.282334730797610973e+04
3.282917495705936017e+04
3.283085598900086916e+04
3.283481243245275982e+04
3.283921726642345311e+04
3.284367191202827962e+04
3.284547392028256581e+04
3.285140951679014688e+04
3.285633006219509116e+04
3.285995034429211228e+04
3.286296314061695739e+04
3.286759402032521757e+04
3.287112416078741080e+04
3.287750949177878647e+04
3.288074914123769122e+04
3.288534486453865247e+04
3.288774657297271915e+04
3.289279005234205397e+04
3.289707560123928124e+04
3.290117461357142747e+04
3.290661908966185729e+04
3.290965914477868500e+04
3.291247160857104609e+04
3.291585886481544730e+04
3.291985770521813538e+04
3.292413642745258403e+04
3.292724720748933760e+04
3.292972200722473644e+04
3.293546180467608065e+04
3.293951768664692645e+04
3.294136665281257592e+04
3.294571080204950704e+04
3.294884979870463576e+04
3.295410583419290197e+04
3.295751597876264714e+04
3.296215572418532975e+04
3.296499365648703679e+04
3.296777680175917340e+04
3.297117561127700174e+04
3.297586077854432369e+04
3.297828591081782361e+04
3.297993182375113247e+04
3.298284186339283042e+04
3.298746448895048525e+04
3.299279226285572804e+04
3.299614891888337297e+04
3.299941320501305017e+04
3.300334436459504650e+04
3.300574382404237258e+04
3.301079187974363595e+04
3.301251927261950914e+04
3.301523286305586953e+04
3.301868940387479233e+04
3.302211536517577042e+04
3.302550796851112682e+04
3.302881574472867214e+04
3.303218789134737017e+04
3.303555910518920427e+04
3.303947050169653085e+04
3.304252715479525068e+04
3.304723731388101442e+04
3.305084488231808791e+04
3.305404398055886122e+04
3.305682844590259629e+04
3.305933188797345792e+04
3.306146676549936819e+04
3.306499358300631138e+04
3.306724128439302876e+04
3.307016755630352418e+04
3.307200488019499608e+04
3.307617425176165125e+04
3.307881607247352076e+04
3.308124597107257432e+04
3.308390630919105024e+04
3.308405131594979321e+04
3.308770197652195930e+04
3.308929241951595759e+04
3.309226973925122002e+04
3.309610416394729691e+04
3.309733259597938741e+04
3.310165845511462976e+04
3.310622819587146660e+04
3.310881912475269201e+04
3.311283223203559464e+04
3.311436443459324073e+04
3.311624387622028007e+04
3.311935575821573730e+04
3.312239596586306288e+04
3.312230089707294246e+04
3.312534479894871765e+04
3.312760177203878266e+04
3.313255439969131112e+04
3.313373737719076598e+04
3.313588666251486575e+04
3.313796772230577335e+04
3.314101524931502354e+04
3.314340793593403214e+04
3.314695114727706823e+04
3.314955306952635874e+04
3.315045860363715474e+04
3.315736033077212778e+04
3.316037510595998901e+04
3.316285807851197751e+04
3.316626199573624035e+04
3.316758949552445119e+04
3.317218791809299728e+04
3.317387935644704703e+04
3.317598309614360187e+04
3.317727353479053272e+04
3.317946628838535980e+04
3.318310966042991640e+04
3.318476572817361739e+04
3.318763257585593237e+04
3.319012415528175188e+04
3.319104435438109795e+04
3.319463718540784612e+04
3.319540237707695633e+04
3.319729994681986864e+04
3.319925141797201650e+04
3.320257590833095310e+04
3.320620215794820251e+04
3.320851567584094300e+04
3.321010410495098768e+04
3.321254351212737674e+04
3.321429923804498685e+04
3.321594783436383295e+04
3.321738207213175338e+04
3.322114322746925609e+04
3.322213060701597715e+04
3.322361669269220874e+04
3.322740277486657578e+04
3.323009179518967721e+04
3.323213276613436028e+04
3.323414677138381376e+04
3.323695345986471511e+04
3.323859801481237810e+04
3.323888312380302523e+04
3.324139225700225506e+04
3.324304138000975945e+04
3.324591827231097704e+04
3.324711644119371340e+04
3.324984585049271845e+04
3.325292571268563188e+04
3.325419979372013040e+04
3.325687224148178939e+04
3.325721550889647915e+04
3.325813664740361855e+04
3.325891535923005722e+04
3.326318080994029879e+04
3.326500618572987150e+04
3.326714459915803309e+04
3.326687836367330601e+04
3.327098221252577787e+04
3.327096665459698852e+04
3.327078129118867946e+04
3.327107307206973928e+04
3.327231620069993369e+04
3.327512160232481256e+04
3.327532561971183168e+04
3.327867963411668461e+04
3.327966541023328318e+04
3.328045595799363218e+04
3.328247173639351968e+04
3.328394131206321617e+04
3.328569837391006149e+04
3.328685089686194260e+04
3.328968380830102251e+04
3.329006723883088853e+04
3.329362876205998327e+04
3.329612997482193896e+04
3.329465442115852784e+04
3.329535998007352464e+04
3.329779772044661513e+04
3.329877890639686666e+04
3.330261330412419193e+04
3.330130758340223838e+04
3.330315317254715046e+04
3.330482792574459017e+04
3.330458685441306443e+04
3.330589044984789507e+04
3.330594585286809888e+04
3.330777248863696877e+04
3.330733988553602103e+04
3.330739919903406553e+04
3.330817251221137849e+04
3.331095002369018039e+04
3.330971841936999408e+04
3.331122428548488824e+04
3.331215037019689771e+04
3.331474349571705534e+04
3.331346930975716532e+04
3.331555514406364819e+04
3.331603668631368055e+04
3.331773011351091554e+04
3.331796654940694134e+04
3.332128494574769138e+04
3.332216012261303695e+04
3.332261434302548150e+04
3.332314424200898793e+04
3.332484460174476408e+04
3.332419898855002248e+04
3.332447822119591729e+04
3.332696891614124615e+04
3.332818013165829325e+04
3.332492205188189837e+04
3.332571321893827553e+04
3.332705021230439161e+04
3.332607869000182836e+04
3.332853738736485684e+04
3.332676200030143809e+04
3.332871287884432240e+04
3.333086167653089797e+04
3.333194829151839076e+04
3.333214023815240216e+04
3.333096636806969036e+04
3.333118407044842752e+04
3.333358460993455083e+04
3.333341626611954416e+04
3.333358747150708950e+04
3.333182253620759002e+04
3.333162461120675289e+04
3.333373911894125922e+04
3.333400984728700860e+04
3.333359957232763554e+04
3.333040939398425689e+04
3.333487298175669275e+04
3.333404974730248796e+04
3.333419480090756406e+04
3.333451919502435339e+04
3.333603660770155693e+04
3.333716274371905456e+04
3.333569668558771082e+04
3.333589579506843438e+04
3.333757030033844785e+04
3.333832796922029956e+04
3.333737224805042933e+04
3.333732257125316391e+04
3.333714956466794683e+04
3.333644751598298171e+04
3.333883584687974508e+04
3.333896609478677419e+04
3.333754542672864045e+04
3.333973533130172291e+04
3.334117671058054111e+04
3.334420401695103646e+04
3.334194519245012634e+04
3.333831874139211141e+04
3.333904440671620250e+04
3.333944175947729673e+04
3.333917912433735182e+04
3.334037245073130180e+04
3.334022423464532039e+04
3.333951613361319323e+04
3.334096501059026923e+04
3.334268406398274965e+04
3.334250849088099494e+04
3.334203964243557130e+04
3.334007049901255232e+04
3.334117228145126865e+04
3.333804953928096802e+04
3.334252233812465420e+04
3.333831028879823862e+04
3.334165033595949353e+04
3.334004006551236671e+04
3.334092608235840453e+04
3.334169984945072065e+04
3.334088714713574882e+04
3.333939275266279583e+04
3.334458472827511287e+04
3.334221166374532913e+04
3.334143508248392754e+04
3.334053827315020317e+04
3.334062598722199618e+04
3.334082908311028586e+04
3.334234492772560770e+04
3.334226624258956872e+04
3.334289787391042046e+04
3.334288182795252214e+04
3.334326009126513964e+04
3.334293628025993530e+04
3.334448411458225019e+04
3.334341154478386306e+04
3.334619418517447775e+04
3.334633229927047796e+04
3.334659821578699484e+04
3.334478705662156426e+04
3.334663286093086936e+04
3.334803931303045829e+04
3.334657811682811734e+04
3.334530805221357878e+04
3.334572564223872178e+04
3.334556781008349935e+04
3.334678879929194954e+04
3.334408547841946711e+04
3.334536709858194081e+04
3.334368710299663508e+04
3.334451147526402201e+04
3.334511878066302597e+04
3.334583210845111898e+04
3.334633779193340160e+04
3.334615270311461063e+04
3.334534004831963830e+04
3.334495897975057596e+04
3.334602073014120106e+04
3.334679316363153339e+04
3.334802442670904566e+04
3.334661039757033723e+04
3.334759195737279515e+04
3.334772813658773521e+04
3.334898834947243449e+04
3.334709103408957162e+04
3.334678843646754103e+04
3.334655006767941813e+04
3.334482266706924565e+04
3.334699588963361748e+04
3.334817465851228917e+04
3.334875680720397213e+04
3.334824760935859376e+04
3.334652012619732704e+04
3.334758906095766724e+04
3.334749027012279112e+04
3.334639421425309411e+04
3.334789048706225003e+04
3.334896742979417468e+04
3.334655909440309188e+04
3.334828134081193275e+04
3.335047669106754620e+04
3.334644024373710999e+04
3.334762502940487320e+04
3.334417705512408429e+04
3.334487703447645617e+04
3.334581435805732326e+04
3.334892093566343101e+04
3.334826467928727652e+04
3.334840209287466860e+04
3.334543249757245940e+04
3.334739473442842427e+04
3.334606016723722132e+04
3.334552118827228696e+04
3.334502901333999762e+04
3.334659297382546356e+04
3.334667777092978940e+04
3.334880952612121473e+04
3.334390786764222867e+04
3.334892836018433445e+04
3.334701230567763560e+04
3.334609137012327119e+04
3.334862775316101761e+04
3.334820700871526060e+04
3.334694372747392481e+04
3.334804252599122265e+04
3.334907341176644695e+04
3.335116718885189766e+04
3.334901514235929790e+04
3.334754111329106672e+04
3.335029856060844759e+04
3.334857464634736243e+04
3.334840076192436391e+04
3.334837399995895248e+04
3.334880900931352517e+04
3.334923442970806354e+04
3.334873238274784671e+04
3.335052336518665834e+04
3.334872749706317700e+04
3.334626802264771686e+04
3.334566406864700548e+04
3.334589141110162018e+04
3.334773467522098508e+04
3.334819247543687379e+04
3.334853995704274712e+04
3.334708135460221820e+04
3.334433639824221609e+04
3.334895220115302072e+04
3.334847895451575459e+04
3.334526024008146487e+04
3.334690752970163157e+04
3.334964841404086474e+04
3.334676441697765404e+04
3.334961620119200961e+04
3.334644654312771308e+04
3.334811540937830432e+04
3.334672107107708871e+04
3.334605930328025715e+04
3.334505568095850322e+04
3.334746472946125868e+04
3.334856848361117591e+04
3.334786335852280899e+04
3.334690758499131334e+04
3.334990043918191077e+04
3.334833016996176593e+04
3.334641432012945006e+04
3.334577353505171050e+04
3.334539467054729175e+04
3.334464445175900619e+04
3.334265688015855267e+04
3.334454917760012904e+04
3.334155389467690839e+04
3.334888878135877894e+04
3.334535503546766267e+04
3.334621698578424548e+04
3.334266094338768744e+04
3.334449368017198140e+04
3.334380967250180402e+04
3.334621979363561695e+04
3.334855477227495430e+04
3.334726502900907508e+04
3.334516828001084650e+04
3.334687055365447304e+04
3.334375274374484434e+04
3.334548491901688249e+04
3.334147055216638546e+04
3.334347758405834611e+04
3.334153963496430515e+04
3.334367513161778334e+04
3.334337214947018947e+04
3.334661058091143059e+04
3.334421614621329354e+04
3.334602403846253583e+04
3.334699901771781151e+04
3.335013174136184534e+04
3.334848721758752072e+04
3.334575631454919494e+04
3.334614247219583194e+04
3.334761904773351853e+04
3.334681948555340205e+04
3.334673509225525049e+04
3.335016472088007140e+04
3.334831445400780649e+04
3.334912302576212096e+04
3.334636131081803615e+04
3.334546152346855524e+04
3.334399034698320611e+04
3.334552250222729344e+04
3.334581539065408288e+04
3.334395851049336488e+04
3.334527551954484807e+04
3.334660986448325275e+04
3.334354498361976584e+04
3.334457417160091427e+04
3.334539368177828874e+04
3.334369586799239187e+04
3.334350861383455049e+04
3.334167678527078533e+04
3.334581951211247360e+04
3.334516556396299711e+04
3.334585191355834104e+04
3.334581422078068863e+04
3.334769297640014702e+04
3.334661634201928973e+04
3.334597097819566261e+04
3.334973359997124498e+04
3.334776188350596203e+04
3.334592988342698663e+04
3.334331896345200221e+04
3.334487802260677563e+04
3.334279157214608858e+04
3.334227209621613292e+04
3.334370511629930843e+04
3.334455560964412143e+04
3.334186744164082484e+04
3.334388952432481892e+04
3.334376380038318894e+04
3.334619596052145062e+04
3.334545147148129763e+04
3.334673138057340839e+04
3.334609808265135507e+04
3.334858924595409189e+04
3.334712956240115454e+04
3.334702603993199591e+04
3.334795829587903427e+04
3.334440425065853924e+04
3.334374496633080707e+04
3.334638809887690149e+04
3.334700122763453692e+04
3.334885736651215120e+04
3.334593033657963679e+04
3.334784772550884372e+04
3.334556057242625684e+04
3.334775789131260535e+04
3.334642642329198134e+04
3.335015321391780162e+04
3.334690787849442131e+04
3.334830605750752147e+04
3.334806146612971497e+04
3.334780673583913449e+04
3.334690956567920512e+04
3.334563184549321886e+04
3.334642782356152748e+04
3.334513860394787480e+04
3.334365283499263751e+04
3.334943060959199647e+04
3.334499301684241800e+04
3.334604517515824409e+04
3.334565007059949858e+04
3.334020203398674494e+04
3.334393849248914194e+04
3.334569565082759800e+04
3.335023920796773746e+04
3.334840985087911395e+04
3.334744454510731885e+04
3.334662194080618065e+04
3.334365070967171778e+04
3.334499946666219330e+04
3.334700348068862513e+04
3.334739036924625543e+04
3.334795334830919455e+04
3.334648369209176599e+04
3.334512218675173790e+04
3.334486967905709025e+04
eta=0.6927211801165494;1332x10 ens done