1.838289225890508169e+04
1.838801606619894301e+04
1.839790175514206931e+04
1.841252543091673579e+04
1.843313991630604505e+04
1.845802002802687275e+04
1.848677410148227136e+04
1.851932461303404125e+04
1.855559638502258531e+04
1.859529849093306984e+04
1.863711606522421425e+04
1.868146824948784706e+04
1.872727569389381460e+04
1.877434903768319055e+04
1.882325946697207837e+04
1.887366880171187950e+04
1.892303706806015907e+04
1.897484494005718443e+04
1.902873664657967311e+04
1.908202327913492263e+04
1.913523741716123550e+04
1.918779917147861124e+04
1.924153196877314986e+04
1.929509330686595058e+04
1.934748505241503153e+04
1.939910395935166889e+04
1.944869895609426385e+04
1.950298520663850286e+04
1.955399020682681294e+04
1.960301173940218359e+04
1.965226222992112162e+04
1.970346899244091765e+04
1.975215500329024871e+04
1.980022101391943579e+04
1.984761242715698245e+04
1.989553699905523172e+04
1.994190903768422140e+04
1.998674681362508636e+04
2.003216724128872374e+04
2.007701590405217576e+04
2.012119533433541801e+04
2.016294346081952972e+04
2.020573210237949024e+04
2.024630742040392579e+04
2.028499450677545610e+04
2.032405563484838785e+04
2.036290895468027520e+04
2.040057410297573733e+04
2.043519626773890195e+04
2.047134948225882181e+04
2.050823351840114992e+04
2.054546208453240979e+04
2.058186801591379117e+04
2.061707014534957489e+04
2.065053256092792435e+04
2.068402259087516723e+04
2.071597592960343536e+04
2.074635236195544712e+04
2.077588775927948154e+04
2.080882333309634487e+04
2.083982217965771270e+04
2.086946722175766627e+04
2.089718871942830810e+04
2.092655211135221907e+04
2.095758759955231653e+04
2.098719283496370554e+04
2.101417884182107082e+04
2.104124393099730514e+04
2.106568594358672999e+04
2.109125583497716798e+04
2.111607660943819792e+04
2.114190523496880996e+04
2.116495878616995105e+04
2.119155356654920979e+04
2.121372120519537202e+04
2.124138754034561862e+04
2.126721061744932013e+04
2.128856484855222516e+04
2.131338877175503512e+04
2.133584381922508328e+04
2.135901395481409054e+04
2.138157980525578023e+04
2.140659479012807060e+04
2.142750557487079277e+04
2.145144453599021290e+04
2.147240616705638604e+04
2.149356576082759420e+04
2.151383452910897540e+04
2.153619144395607145e+04
2.155813824282388305e+04
2.157985099567582438e+04
2.159924599617944841e+04
2.162102689466162701e+04
2.164165224514948568e+04
2.166263422929434455e+04
2.168527641183468950e+04
2.170559253124196766e+04
2.172587068885257031e+04
2.174503975844345041e+04
2.176670364488467021e+04
2.180578395157199702e+04
2.184248059118169476e+04
2.188110475834071258e+04
2.192246357169768089e+04
2.196022158724172186e+04
2.199665681002730707e+04
2.203394808451225254e+04
2.207145863495481535e+04
2.210731859333447574e+04
2.213975812180140565e+04
2.217424301976706192e+04
2.220849815634200422e+04
2.224458627549579614e+04
2.227714919243474651e+04
2.230972354856481979e+04
2.234207308422992719e+04
2.237655110166245504e+04
2.240646552302318378e+04
2.244069360047219016e+04
2.247249521600001390e+04
2.250610189557357080e+04
2.253889559800930147e+04
2.256880273749921253e+04
2.260199709786081803e+04
2.263280323096626307e+04
2.266346111717760141e+04
2.269302560032626207e+04
2.272287975464223200e+04
2.275365504917293219e+04
2.278215647487431488e+04
2.281200904395556790e+04
2.284057764030298495e+04
2.286940496145165889e+04
2.289772051931062015e+04
2.292528653796475555e+04
2.295493889952586323e+04
2.298250774712595012e+04
2.300958547408465893e+04
2.303739739061643922e+04
2.306539797868996902e+04
2.309265321775501798e+04
2.312110692204749284e+04
2.314650330045001829e+04
2.317347955393185111e+04
2.320196429167831229e+04
2.322785952847342924e+04
2.325375043669769366e+04
2.327981621366339095e+04
2.330786067690808341e+04
2.333289245351269346e+04
2.337150423136333848e+04
2.341059239317952233e+04
2.344804106028806200e+04
2.348577736490124880e+04
2.352546015031974821e+04
2.356345938175230913e+04
2.359831405571247160e+04
2.363665239850969738e+04
2.367119602029739690e+04
2.370565728338537156e+04
2.373923438229150270e+04
2.377577557159079879e+04
2.381216000816996166e+04
2.384705450064163233e+04
2.388157282407099774e+04
2.391567258525975558e+04
2.394809471572290568e+04
2.398268416534489370e+04
2.401630354429472209e+04
2.405204654636073246e+04
2.408564925006651538e+04
2.411818816498473825e+04
2.415206525219073228e+04
2.418249745789275403e+04
2.421386625087589709e+04
2.424716858578868414e+04
2.427938073761129272e+04
2.431063612129133617e+04
2.434154438287659650e+04
2.437614729961249759e+04
2.440629982872765322e+04
2.443540087183919604e+04
2.446828020154044498e+04
2.449659451319156506e+04
2.453507079969700862e+04
2.457560414777556434e+04
2.461396563644067282e+04
2.465684877949365182e+04
2.469826291752781253e+04
2.473679294221135933e+04
2.477494705288492332e+04
2.481497834626916665e+04
2.485375041773843986e+04
2.489015015730429513e+04
2.492782616182313359e+04
2.496589942032437830e+04
2.500474557114734489e+04
2.504041035072713203e+04
2.507634710399185133e+04
2.511410587503036004e+04
2.515345779121702435e+04
2.518684862211278232e+04
2.522529179831661895e+04
2.525834923766814973e+04
2.529462953510266743e+04
2.532661190521307799e+04
2.536227677927355398e+04
2.539675114468870015e+04
2.543057894391018272e+04
2.547728964388027816e+04
2.551953539554262534e+04
2.556186999856337934e+04
2.560436348696452114e+04
2.564720809491462569e+04
2.568796542166393920e+04
2.573321593647889313e+04
2.577377274796847269e+04
2.581209494277913836e+04
2.585042764515450108e+04
2.589220526114484892e+04
2.593136300167872469e+04
2.597049065674272060e+04
2.601169764935996500e+04
2.605005278608746812e+04
2.609221702941918920e+04
2.612978297492009369e+04
2.617083147212491167e+04
2.620975701269102501e+04
2.624735148498179115e+04
2.629051602297213685e+04
2.633321309822265903e+04
2.637707403740068912e+04
2.642194781980789048e+04
2.646380792597321124e+04
2.650699367771458492e+04
2.655179072999151686e+04
2.659135471048000181e+04
2.663227917953595170e+04
2.667472264593593354e+04
2.671831702213308381e+04
2.675987228114036770e+04
2.680152022619242780e+04
2.683969123535165636e+04
2.688194860602177869e+04
2.692029433721469104e+04
2.696050158131669741e+04
2.700374418000796504e+04
2.704952475093978137e+04
2.709467109239540150e+04
2.713703277163306848e+04
2.718173640514933140e+04
2.722368241605393268e+04
2.726881608652020441e+04
2.730701587507809381e+04
2.735346664145172326e+04
2.739510446477756705e+04
2.743983535481056242e+04
2.747889969987601944e+04
2.751789983850463977e+04
2.755825228893901658e+04
2.760419396684522508e+04
2.765278768291704910e+04
2.769460947394702816e+04
2.773855385731685237e+04
2.778407954414450796e+04
2.782446104496052430e+04
2.786881869752956118e+04
2.790351895947051526e+04
2.794443984438779808e+04
2.798680625171796783e+04
2.802789015679246950e+04
2.806681650809243001e+04
2.810922186286231226e+04
2.814849450475302001e+04
2.819302285137001309e+04
2.823811460289029856e+04
2.827764083740459319e+04
2.831628781366457042e+04
2.835505418399348855e+04
2.839721741397328515e+04
2.843884770020321957e+04
2.847714055272585028e+04
2.851411120137842590e+04
2.855708537794472795e+04
2.859882025585561496e+04
2.864346233189634222e+04
2.868301629638794839e+04
2.872222273293725448e+04
2.876364797280884522e+04
2.879887517909562303e+04
2.884265860623995104e+04
2.887829749346285098e+04
2.891819106033118078e+04
2.896070802084918978e+04
2.900038908238837394e+04
2.904020363272136092e+04
2.908280733420491379e+04
2.912312284568815085e+04
2.916134196078040259e+04
2.920138834250539003e+04
2.924306656528691383e+04
2.927885902262656236e+04
2.931671032134891357e+04
2.935597562694309818e+04
2.939383674200390305e+04
2.943590684585032068e+04
2.947716997426442322e+04
2.951175483245749274e+04
2.954674540978506047e+04
2.958398711016380184e+04
2.962158489898520565e+04
2.965741943534301026e+04
2.970067515613601427e+04
2.973418474974961282e+04
2.977499037790112925e+04
2.981251279590347258e+04
2.984975535525968007e+04
2.988702537620934891e+04
2.992086328502677497e+04
2.995474712320730760e+04
2.999500110780791874e+04
3.003016503705076684e+04
3.006852012039004694e+04
3.010695398221860160e+04
3.014318679954307299e+04
3.017698397594063863e+04
3.020931491806250415e+04
3.025312022372599677e+04
3.028999906825998914e+04
3.032402955125330845e+04
3.036060697255924242e+04
3.039188604458691043e+04
3.042812727148872000e+04
3.046143441674907444e+04
3.049689416578593955e+04
3.052968842366368699e+04
3.056267283103401496e+04
3.059823784871217867e+04
3.063321276850992217e+04
3.067342203730145411e+04
3.070956727921441416e+04
3.074411648933718607e+04
3.077458045542726177e+04
3.081130375028925846e+04
3.084231942096839703e+04
3.088069058752329147e+04
3.091012918622994403e+04
3.094267641125695809e+04
3.097409699359870865e+04
3.100648516749625924e+04
3.103912442359791385e+04
3.107662947993867783e+04
3.111392871531346464e+04
3.114023786828254015e+04
3.117890243460114289e+04
3.120279611004193430e+04
3.123957992647221545e+04
3.126323467325022648e+04
3.129847947052905511e+04
3.132951231419362739e+04
3.135891343195750233e+04
3.139789619444511118e+04
3.142744889404526475e+04
3.145724015047496141e+04
3.149458704956503425e+04
3.152108667803276330e+04
3.155062055873622012e+04
3.158574114596849176e+04
3.161527679942847317e+04
3.164304070059626974e+04
3.167260984970251229e+04
3.170116920500184278e+04
3.172923822964829014e+04
3.175708210074422823e+04
3.178328710022139057e+04
3.181566817745707885e+04
3.184662681604583486e+04
3.187194747772274786e+04
3.189827360173770285e+04
3.192149234706181596e+04
3.195543159883901535e+04
3.197694130953005879e+04
3.200411583294184311e+04
3.203048723772736412e+04
3.206058514094319617e+04
3.208732778154154585e+04
3.210546014567631937e+04
3.213064239473858834e+04
3.216400631202055956e+04
3.219062049277962433e+04
3.221119012783534708e+04
3.223363900966636720e+04
3.225816933548576708e+04
3.227874300397212937e+04
3.230378086397084553e+04
3.232816064186170115e+04
3.235497743154730779e+04
3.237618146268589771e+04
3.239762257472755300e+04
3.241628097714820251e+04
3.243700034470812534e+04
3.246323061152839728e+04
3.248838614743232756e+04
3.251012003263422957e+04
3.252954876559297918e+04
3.255449235871639758e+04
3.256628380971482329e+04
3.259348139958047977e+04
3.260996836711415745e+04
3.263682725127906815e+04
3.265292628967512428e+04
3.267123875169406165e+04
3.268833146553153347e+04
3.270649391945903699e+04
3.272676863983849034e+04
3.274190387898113113e+04
3.276045583626257576e+04
3.277608787394332467e+04
3.279913158286074759e+04
3.281270800684311689e+04
3.281784388950795255e+04
3.283736123158916598e+04
3.285235189133071981e+04
3.287151611623897770e+04
3.288850103135202517e+04
3.289650446531739726e+04
3.291185652179685712e+04
3.292738811790628824e+04
3.293512130694192456e+04
3.294865865904012753e+04
3.295972947578173626e+04
3.297252362550131511e+04
3.297884906806996150e+04
3.299119183381512994e+04
3.300096617264406814e+04
3.301151109954129060e+04
3.302240115345255617e+04
3.303502772001566336e+04
3.304942455222833087e+04
3.305650819550501910e+04
3.306922277704689623e+04
3.307855933371446736e+04
3.308676958642651880e+04
3.309143215670451173e+04
3.309539749477331497e+04
3.310373614668333903e+04
3.311351760848640697e+04
3.312249151869319758e+04
3.313409566933596943e+04
3.314260414972261060e+04
3.314954960069054505e+04
3.315524167562880757e+04
3.316539302985669201e+04
3.316767212924639898e+04
3.318145067742656101e+04
3.317941177222396800e+04
3.318727661862791138e+04
3.319406831684208009e+04
3.320074626398031251e+04
3.320393928009174851e+04
3.320691360848538898e+04
3.321419295964194316e+04
3.322041333535916783e+04
3.322714206432456558e+04
3.323356573853575537e+04
3.323734396154463320e+04
3.324640451982000377e+04
3.324940525572725164e+04
3.325542956347903237e+04
3.325708350599913683e+04
3.325665164328080573e+04
3.325935022618745279e+04
3.325894930618548096e+04
3.326721400338785315e+04
3.326399978756717610e+04
3.327440220178488380e+04
3.328136418358917581e+04
3.328368589696250274e+04
3.328282906024878321e+04
3.328353857353311469e+04
3.329059828668839327e+04
3.328600303975184943e+04
3.329199190380546497e+04
3.329329373888215196e+04
3.329204380421095266e+04
3.329430906051038619e+04
3.329621108791435836e+04
3.329948771191374544e+04
3.329957698318021721e+04
3.329864915266291791e+04
3.330312686572471284e+04
3.330151167326344148e+04
3.330292912454574980e+04
3.330753173355955369e+04
3.330681400103549095e+04
3.330469535299957352e+04
3.330581361917845061e+04
3.330888552608074679e+04
3.330446035567886429e+04
3.330718499834957765e+04
3.330594682387903595e+04
3.330653611978599656e+04
3.330717974227323430e+04
3.331161874931240891e+04
3.331232255786455789e+04
3.330935617589290632e+04
3.331520019222899282e+04
3.331544128880371863e+04
3.332394394845888019e+04
3.331906660099472356e+04
3.331880332449210982e+04
3.331640228666771145e+04
3.331459468033407029e+04
3.332003649122297793e+04
3.331871958609312424e+04
3.332423136954776419e+04
3.332262274055952730e+04
3.332396448885029531e+04
3.332269794529063802e+04
3.332573083774710540e+04
3.332627101462336577e+04
3.332998538913951052e+04
3.332496278650569730e+04
3.332366741499232739e+04
3.333091640167679725e+04
3.333501949653893826e+04
3.333008244045497122e+04
3.332585874247309403e+04
3.331861412506043416e+04
3.332282282975257840e+04
3.332843623956660304e+04
3.332540199042203312e+04
3.332709535628234153e+04
3.332143710634306626e+04
3.332529415810327191e+04
3.332656789900732838e+04
3.332287426806378789e+04
3.331687974168737128e+04
3.332172823669274658e+04
3.332481837289917166e+04
3.332032160987094539e+04
3.332249848504997499e+04
3.331894788836823864e+04
3.332422748728567240e+04
3.332478344696951535e+04
3.332160347232125059e+04
3.332273485715858988e+04
3.332259208031921298e+04
3.331921117573325319e+04
3.331711083441349183e+04
3.331102097609952034e+04
3.331589646217774134e+04
3.331683882688877202e+04
3.331731621965744125e+04
3.331464469036410446e+04
3.331974792800507566e+04
3.332143282929935958e+04
3.331958179036250658e+04
3.332085505916014517e+04
3.332944356923843588e+04
3.333265212469146354e+04
3.332657918065427657e+04
3.332052792120051890e+04
3.331982375761005096e+04
3.332599245600165887e+04
3.332338254204059194e+04
3.332472914475960715e+04
3.332191990244288172e+04
3.332126048983490182e+04
3.331604350321861421e+04
3.332084317193016614e+04
3.332476789087888756e+04
3.332154545933907502e+04
3.332298755969719059e+04
3.331848035408814758e+04
3.331514547057171148e+04
3.331457567266526166e+04
3.331821261599355785e+04
3.331830096726654301e+04
3.331945737668104994e+04
3.332406532883895125e+04
3.332168386189212470e+04
3.332267422276032448e+04
3.332202569268298248e+04
3.332099729949322500e+04
3.333364562798313273e+04
3.332433709638412256e+04
3.332186158450734365e+04
3.332523751521271333e+04
3.332393519185045443e+04
3.331761507092514512e+04
3.332269606526946882e+04
3.332621006475140894e+04
3.331704699367964349e+04
3.333311199358731392e+04
3.333381313820831565e+04
3.332593009268417518e+04
3.332664048809470114e+04
3.332826333928015083e+04
3.332421113604389393e+04
3.332387382750774850e+04
3.331987847329086799e+04
3.332418968687589222e+04
3.332386989716529934e+04
3.332370052304868295e+04
3.332709932423255668e+04
3.332582540314566722e+04
3.332166412351140025e+04
3.331959026998439367e+04
3.331866414731140685e+04
3.331434376784456254e+04
3.332470514639004250e+04
3.331661458975471032e+04
3.331740434857958462e+04
3.332380216732035478e+04
3.332071475347776868e+04
3.331696506084712018e+04
3.331773721576074604e+04
3.331130643213898293e+04
3.331844760001730901e+04
3.331591245247959887e+04
3.332240587427357241e+04
3.332112367497067316e+04
3.331963354621001781e+04
3.331363903407695761e+04
3.331407174600382859e+04
3.331661092962762632e+04
3.331409396651930001e+04
3.332013596357247297e+04
3.332420599162566941e+04
3.332484168102415424e+04
3.332988551338312391e+04
3.332529870335780288e+04
3.332229871404360165e+04
3.333093836893217667e+04
3.331669080249765830e+04
3.332304590022600314e+04
3.332179477274423698e+04
3.331750492356656468e+04
3.332371322702022007e+04
3.332655775897639251e+04
3.332831985174777947e+04
3.331868469877303869e+04
3.332408144470124535e+04
3.332078325969501020e+04
3.332890092277921940e+04
3.332437863111599290e+04
3.331815111211455223e+04
3.330659462305576017e+04
3.331024366562196519e+04
3.331408761748502729e+04
3.331041628885724640e+04
3.332549792266314762e+04
3.332370883034107101e+04
3.331723816125674784e+04
3.331982661397428456e+04
3.332182311878894689e+04
3.332409207926070667e+04
3.331230084632812941e+04
3.332102346003686398e+04
3.331983145569654152e+04
3.331402154352884827e+04
3.332497468019337975e+04
3.332185900081803265e+04
3.332542693232071906e+04
3.333101979852574732e+04
3.332347037492808886e+04
3.332490343020808359e+04
3.332409780982951634e+04
3.331949434534303145e+04
3.332746794823016535e+04
3.332534634796301543e+04
3.332795146980170830e+04
3.332573003228208108e+04
3.333406284153812157e+04
3.333290677562919882e+04
3.333221097614339669e+04
3.332897613270966394e+04
3.332436929477495141e+04
3.332309797641286423e+04
3.332739102053877286e+04
3.332589680284358474e+04
3.332229979910005932e+04
3.331768514482599858e+04
3.332476183095650049e+04
3.332639025852874329e+04
3.331868285075914173e+04
3.333285139958923537e+04
3.332452893809648231e+04
3.331713179375081381e+04
3.331537229926058353e+04
3.332528290800563263e+04
3.332282061355382757e+04
3.332084257532970514e+04
3.332786117348646803e+04
3.333105326001569483e+04
3.332332598223243258e+04
3.331465767289920041e+04
3.332264375660965743e+04
3.331485280304200569e+04
3.332173419094479323e+04
3.332232119419534865e+04
3.332069693175677094e+04
3.331574014692835044e+04
3.332405634602026839e+04
3.331683132494755409e+04
3.332790897842364939e+04
3.332279418531022384e+04
3.331868581135482236e+04
3.331348455939556152e+04
3.332622983253088751e+04
3.332356528375509515e+04
3.331734069613668544e+04
3.332199016102112364e+04
3.331625798418597697e+04
3.332366134937357856e+04
3.332005251932396641e+04
3.331981923828491563e+04
3.331985734848886932e+04
3.332112143556055526e+04
3.331495056303800811e+04
3.332516656861778756e+04
3.333629189842642518e+04
3.332980043293952622e+04
3.332633074708141066e+04
3.332694247799262666e+04
3.332667059428618086e+04
3.332481505388942605e+04
3.332240489284568321e+04
3.332404563595424406e+04
3.332730090710592049e+04
3.332781322860706860e+04
3.332880265588218026e+04
3.331514106748838094e+04
3.331723451419245248e+04
3.330465941498127358e+04
3.332159581884269573e+04
3.332238496754841617e+04
3.332454799217751133e+04
3.332627767098943877e+04
3.332825447516998247e+04
3.333299689321309415e+04
3.332419510565707606e+04
3.332914305252484337e+04
3.332705764812059351e+04
3.333734322494339722e+04
3.333843969010249566e+04
3.333326438024664822e+04
3.333314816946030624e+04
3.333001234553927497e+04
3.333477502917791571e+04
3.332437643506371387e+04
3.332953523657719052e+04
3.331637718723437865e+04
3.332176075224975648e+04
3.332566012060266075e+04
3.331872609578903212e+04
3.330866719288378226e+04
3.331401491223303310e+04
3.332227044093170844e+04
eta=0.3078760800517997;879x10 ens done