2.172033184993623945e+04
2.172493913610213349e+04
2.173170073179400788e+04
2.174289206792122059e+04
2.175732218647499758e+04
2.177533455075823440e+04
2.179703175401906628e+04
2.181986385741452614e+04
2.184625760824183453e+04
2.187557774934484769e+04
2.190628020687049138e+04
2.193593266917442816e+04
2.196926318655100113e+04
2.200353592451243821e+04
2.203793204834745848e+04
2.207511956518054285e+04
2.211285422402460972e+04
2.215086931082408046e+04
2.218909961183973064e+04
2.222582497729556053e+04
2.226310297064513725e+04
2.230327858219149130e+04
2.234384149725089082e+04
2.238326383817582609e+04
2.242118065785311774e+04
2.246107391078056025e+04
2.250065841336742596e+04
2.253934030352446644e+04
2.257994357899377428e+04
2.262237811390782372e+04
2.265984263436851325e+04
2.269662670259264269e+04
2.273629116689589864e+04
2.277344262995171448e+04
2.281021570464852630e+04
2.284623690578186870e+04
2.288137149550912363e+04
2.291552101410997784e+04
2.294928585938302058e+04
2.298235449416589108e+04
2.301530968319763997e+04
2.304867533700194326e+04
2.308128304555963041e+04
2.311421435400355040e+04
2.314745996677917719e+04
2.317911445220765745e+04
2.320665540507359037e+04
2.323440472098052487e+04
2.326516899228825059e+04
2.329259465781928157e+04
2.332152524065477701e+04
2.335138242604656261e+04
2.337991767198839807e+04
2.340722224136142177e+04
2.343211040696955388e+04
2.346220973071790650e+04
2.348773833158778871e+04
2.351190589240088229e+04
2.353681493193003917e+04
2.356369689664631005e+04
2.358788759310140449e+04
2.361205793269886999e+04
2.363521083615799944e+04
2.365889164492118653e+04
2.368296544758074015e+04
2.370538875522801027e+04
2.372955497879838003e+04
2.375248626540251280e+04
2.377600622150844356e+04
2.379556352847835660e+04
2.381778670122598487e+04
2.384093050215494077e+04
2.386184825829546753e+04
2.388109616900975379e+04
2.390276710726147576e+04
2.392201488918485484e+04
2.394227606515444495e+04
2.395961377338854072e+04
2.398031349684478482e+04
2.400041888142440075e+04
2.401840353680648695e+04
2.403481618595346663e+04
2.405380647335791946e+04
2.407198474298864676e+04
2.409348690608017569e+04
2.411529089996381663e+04
2.413389676982119636e+04
2.415044246843127257e+04
2.416791017268466749e+04
2.418728335451782914e+04
2.420592828768974505e+04
2.422278651589376750e+04
2.424122567604306460e+04
2.425889728864531935e+04
2.427532160472447140e+04
2.429379794136553392e+04
2.431046426290483942e+04
2.432760208436927496e+04
2.434273679069316131e+04
2.436022285274268506e+04
2.439472251705264352e+04
2.442809266507948632e+04
2.445921648696481134e+04
2.449311288270346267e+04
2.452568322141600947e+04
2.455602623924721775e+04
2.458690315484566599e+04
2.462032706707932812e+04
2.464984908355620428e+04
2.467978391303904937e+04
2.471042420340117678e+04
2.473767654562725875e+04
2.476595930926251094e+04
2.479664067526003782e+04
2.482686504130290632e+04
2.485838274906936567e+04
2.488779196074137144e+04
2.491662021065008958e+04
2.494350095981301638e+04
2.497248280406130652e+04
2.499924779677718107e+04
2.502887356255946725e+04
2.505757275389754795e+04
2.508164381453901296e+04
2.510775050433452998e+04
2.513343391063384115e+04
2.516189223420302005e+04
2.518813118559768918e+04
2.521460386810519412e+04
2.523964446210034657e+04
2.526895223794940466e+04
2.529360813505288752e+04
2.531852100953601257e+04
2.534458667450190114e+04
2.537110474827123471e+04
2.539478854522141773e+04
2.542216429241976584e+04
2.544834239030446042e+04
2.547188784158957424e+04
2.549497284186105026e+04
2.551682160134446895e+04
2.554324932404275751e+04
2.556927908950042547e+04
2.559659094680320777e+04
2.561967496782662784e+04
2.564096976655376056e+04
2.566455453276608750e+04
2.568817499659493478e+04
2.571174488874780218e+04
2.573703484874149217e+04
2.577353105869928186e+04
2.580582279584899152e+04
2.584013097353270496e+04
2.587312476725895976e+04
2.590733957876088971e+04
2.594203679710235519e+04
2.597529112153892856e+04
2.600597938599819099e+04
2.604448705576376233e+04
2.607595153511891840e+04
2.610526010114148812e+04
2.613925845084439425e+04
2.617153586388666736e+04
2.620430824539461901e+04
2.623354169256574096e+04
2.626714725870609618e+04
2.629631226881497059e+04
2.632841054968903700e+04
2.635740989385452849e+04
2.638580670170347730e+04
2.641547396022981411e+04
2.644772968799243608e+04
2.647550830949484225e+04
2.650768539185752161e+04
2.653851453313634556e+04
2.656712189223850510e+04
2.659576207868619167e+04
2.662486847672007934e+04
2.665126628091329258e+04
2.668054963139024403e+04
2.670537649706536831e+04
2.673850346892431844e+04
2.676830004007155731e+04
2.680066570256031264e+04
2.683773235238280176e+04
2.687734614397727637e+04
2.691108955130138565e+04
2.694584756496763657e+04
2.698622500450200096e+04
2.701578822858148487e+04
2.705459439017521800e+04
2.709276209660892710e+04
2.712822370889739250e+04
2.716170637925641859e+04
2.720266466857247724e+04
2.723870386495858111e+04
2.727580178635192351e+04
2.731192892490473969e+04
2.734629083273170545e+04
2.737888814449321580e+04
2.741370879986364162e+04
2.744829348865227439e+04
2.748022230515617412e+04
2.751444502021534208e+04
2.754980057359609418e+04
2.758470189340204888e+04
2.761986716025722490e+04
2.764930377260679234e+04
2.768182583522859568e+04
2.772443737835178035e+04
2.776435001057234331e+04
2.780400777546744939e+04
2.784120711774813390e+04
2.788413928817713531e+04
2.792170117808902432e+04
2.796209573855545023e+04
2.799646805891019903e+04
2.803761004545141986e+04
2.807614474846773737e+04
2.811333928559450214e+04
2.816079392998522599e+04
2.819300203454416260e+04
2.823273944288197163e+04
2.826921834637019128e+04
2.831073457391927877e+04
2.834471219633777946e+04
2.837851274077487687e+04
2.841492548475904550e+04
2.844905376804389016e+04
2.849186212122481811e+04
2.853477765917338911e+04
2.857913223458737048e+04
2.862127347620798173e+04
2.866211715708934571e+04
2.870543565868942824e+04
2.874762767948726832e+04
2.879259886657506649e+04
2.883471929360540889e+04
2.887649146481537173e+04
2.892155436861423004e+04
2.895636964914868076e+04
2.899631740179011103e+04
2.904036768139248306e+04
2.907691769704526814e+04
2.911494248420136137e+04
2.915523996327973146e+04
2.919861912024216508e+04
2.924640281705382586e+04
2.928670648941027321e+04
2.933814892930319547e+04
2.937958183017383999e+04
2.942431365877144344e+04
2.947316644374573298e+04
2.951709021495661727e+04
2.955683436959586106e+04
2.959673067236022689e+04
2.963409552400292159e+04
2.967828256414868883e+04
2.971902898529014419e+04
2.976280183727866097e+04
2.980564629910528311e+04
2.984983886336465002e+04
2.989546825704249204e+04
2.994192200159079221e+04
2.998184351679480824e+04
3.002768077139584057e+04
3.006211701335824182e+04
3.011277706007496090e+04
3.015722149661910953e+04
3.019526340490540679e+04
3.023220108808899386e+04
3.027550287198734804e+04
3.031569742405748548e+04
3.035682471882617028e+04
3.040349221221358312e+04
3.044666837053259587e+04
3.048825146989141285e+04
3.053492337585385394e+04
3.057580407737048881e+04
3.062212029795370108e+04
3.066216414399578935e+04
3.069910947598261191e+04
3.073700374880805975e+04
3.077798169603624774e+04
3.081744609018722986e+04
3.086324948979878536e+04
3.090112527134100310e+04
3.094615970697910961e+04
3.098172271362761603e+04
3.101993550763534222e+04
3.106181913642110885e+04
3.109863528474485429e+04
3.113507425192059964e+04
3.116539615173494894e+04
3.120657687326130690e+04
3.124119438023189650e+04
3.128206713931376362e+04
3.132487705732589529e+04
3.136315899473166428e+04
3.140242653966901707e+04
3.144264608281341134e+04
3.147524684817313391e+04
3.150753677472392519e+04
3.154827433224299239e+04
3.158793665162478283e+04
3.162310720552501880e+04
3.166083095057525497e+04
3.168478881256702880e+04
3.171727155982459226e+04
3.175634159036066558e+04
3.178349589673040828e+04
3.182107549276001009e+04
3.185689277430493894e+04
3.189044299379307267e+04
3.191948440312901948e+04
3.195092721977640031e+04
3.197710312536766651e+04
3.200780680299770756e+04
3.204079678916764533e+04
3.206569675260361691e+04
3.209538748372120972e+04
3.212811044064779344e+04
3.215628801650339301e+04
3.218234711420443637e+04
3.221090169110021452e+04
3.224206130724899776e+04
3.226414666948156446e+04
3.229002631871407721e+04
3.231419888527180228e+04
3.234759656409276431e+04
3.237670124081409085e+04
3.239912330691733223e+04
3.242258382462374720e+04
3.245323418557398691e+04
3.247275655998061848e+04
3.249946060185487295e+04
3.252476158619089983e+04
3.254206423520168755e+04
3.256342188953578807e+04
3.258581000210313505e+04
3.260400082589326485e+04
3.262343510406453788e+04
3.264535392663421953e+04
3.267328549045000182e+04
3.268671767131068918e+04
3.270837574826528362e+04
3.272944661231595819e+04
3.275006755920714568e+04
3.277051986200427200e+04
3.278487279615452280e+04
3.279640546967016417e+04
3.281604734317932889e+04
3.282886192711296462e+04
3.284145611822829233e+04
3.287015688333462458e+04
3.288238021242219838e+04
3.289263934765771410e+04
3.291088904691118660e+04
3.292118706026246946e+04
3.294168809246333694e+04
3.295121150350032985e+04
3.296665802827490552e+04
3.298468647685257747e+04
3.299069478564288875e+04
3.300717954667723097e+04
3.301996313490436296e+04
3.302690947933474672e+04
3.304022803339789971e+04
3.304496642065311607e+04
3.306483956628805754e+04
3.307556860988505650e+04
3.308433434049856442e+04
3.309849225716832007e+04
3.309966484582935664e+04
3.311363154722115723e+04
3.311719111226491077e+04
3.312790261785205075e+04
3.313322457716771896e+04
3.315114692511299654e+04
3.316259524125136522e+04
3.316431429311741522e+04
3.317454477603701525e+04
3.318191333765819581e+04
3.319461760067832802e+04
3.319589985075739241e+04
3.319556584873252723e+04
3.320256345453471295e+04
3.321002140657552081e+04
3.321465141938794841e+04
3.321506992327095213e+04
3.322406174917042517e+04
3.322783000673954666e+04
3.323349356652484857e+04
3.324608561743533937e+04
3.324195874044812081e+04
3.324357085976944654e+04
3.324520432491954853e+04
3.325229857589252060e+04
3.325866964084534993e+04
3.326388563173827424e+04
3.326685052901606832e+04
3.326636602292179305e+04
3.327206576109435991e+04
3.327216082151545561e+04
3.328076709146668873e+04
3.327382423387639574e+04
3.327919072970120760e+04
3.327468310107414436e+04
3.328617197449651576e+04
3.328878545357633993e+04
3.328943307512869069e+04
3.329069284742269519e+04
3.330204956770113495e+04
3.330294659953854716e+04
3.329409316421424592e+04
3.329514645589843713e+04
3.330385995965653274e+04
3.330227248609726666e+04
3.331099530973124638e+04
3.331001943816313724e+04
3.331539672144447832e+04
3.331472403290518560e+04
3.331436444819763710e+04
3.331665785198636877e+04
3.331907527854842192e+04
3.331727389606415090e+04
3.331544626417788822e+04
3.331140972029847035e+04
3.331790187457461434e+04
3.331387752998107317e+04
3.331465714807798213e+04
3.332307877074382850e+04
3.331977427986040857e+04
3.332412747785243846e+04
3.332952079631231754e+04
3.332643251080639311e+04
3.333274454999664158e+04
3.332948836646775453e+04
3.333055723272931937e+04
3.332438218788925587e+04
3.332130777130745264e+04
3.331770766956857551e+04
3.332717159579819418e+04
3.332938506958208018e+04
3.333380369106110447e+04
3.332878640471534891e+04
3.333338877993826463e+04
3.333427710810308054e+04
3.332753024701966933e+04
3.333071908238567266e+04
3.332896801807641896e+04
3.333619718825278687e+04
3.332647902413694828e+04
3.332474869109786960e+04
3.333170620251234504e+04
3.333723667934756668e+04
3.333452774525813584e+04
3.332934867267364461e+04
3.332188570576307393e+04
3.332543130571732763e+04
3.333269089168953360e+04
3.332357508259844326e+04
3.331971491759367200e+04
3.333176713806287444e+04
3.332388038956213859e+04
3.332428336665579991e+04
3.332628489950713993e+04
3.332091904103566048e+04
3.332299823642143019e+04
3.333226665563716961e+04
3.333192159464083670e+04
3.332626680209541519e+04
3.332658330343150737e+04
3.332932980316551402e+04
3.333043420978086215e+04
3.333494379136415955e+04
3.333145405890619440e+04
3.332860192106708564e+04
3.333975133030566212e+04
3.333379351296622917e+04
3.332664635741608799e+04
3.333451413307715120e+04
3.332572062165370153e+04
3.332662628413300990e+04
3.332668152465620369e+04
3.332697534363690647e+04
3.332786700811358605e+04
3.332881465953222505e+04
3.332483032310980343e+04
3.333563871629036294e+04
3.332509137089989963e+04
3.333412639771683462e+04
3.333344972785282152e+04
3.334385634758105152e+04
3.334326572080653568e+04
3.333196205269610800e+04
3.333231887983461638e+04
3.333078416810623457e+04
3.333115255423214694e+04
3.333437426411541674e+04
3.333780026597325923e+04
3.333032611072011059e+04
3.333312027804557874e+04
3.333185594949199003e+04
3.332789992462401278e+04
3.332601949038972816e+04
3.332834518463544373e+04
3.333556447030363779e+04
3.332790081161962735e+04
3.332223518996379426e+04
3.332566291775336140e+04
3.332565964376030024e+04
3.332646873289006180e+04
3.332179385504477978e+04
3.333003568919814279e+04
3.332969101002047682e+04
3.332544087108544772e+04
3.333189417367646820e+04
3.332458664206503454e+04
3.332730505435272789e+04
3.332928214989844855e+04
3.334132237061774504e+04
3.333581892953541683e+04
3.333088584340009402e+04
3.333031782796706102e+04
3.334165779750327783e+04
3.333154452736972598e+04
3.333133068341348553e+04
3.333360455614454986e+04
3.333083729749540362e+04
3.333701802121615765e+04
3.333355951572219783e+04
3.333467871832511446e+04
3.334103730854414607e+04
3.334319262909879762e+04
3.334214864958661929e+04
3.333722757432332583e+04
3.333920283453751472e+04
3.333066562923412857e+04
3.333466319273707632e+04
3.333377076180339645e+04
3.333011939762252587e+04
3.333941050889730832e+04
3.333056726713671378e+04
3.333975297288116417e+04
3.333462766661477508e+04
3.332602878177833190e+04
3.332963395978089829e+04
3.332842190407586168e+04
3.332617625707206753e+04
3.332767625412699272e+04
3.333245038457411283e+04
3.333009562076187285e+04
3.333329000293782155e+04
3.333056563434995041e+04
3.332622366059647902e+04
3.333332604872991942e+04
3.333275336538190459e+04
3.332839910008086736e+04
3.333108975677668786e+04
3.333236264598529669e+04
3.333021364299709239e+04
3.332825755123382987e+04
3.333093778956231108e+04
3.332852863718647131e+04
3.333370113066677004e+04
3.333116009533173201e+04
3.333114474778631120e+04
3.333107488764618029e+04
3.333197764514009759e+04
3.333499546766121784e+04
3.334060443326518725e+04
3.334428279052110884e+04
3.333874176928128145e+04
3.333941352989122970e+04
3.333112234996185725e+04
3.333246988447153126e+04
3.332370479491873266e+04
3.332823357615822169e+04
3.333390207106729940e+04
3.333786751930692117e+04
3.333195316040835314e+04
3.333236340631081111e+04
3.333208138231003250e+04
3.332750133048953285e+04
3.333380415733802511e+04
3.333091306935080502e+04
3.332999414665081713e+04
3.333958568042871775e+04
3.333172481384902494e+04
3.332566202451804565e+04
3.332609528165839583e+04
3.332311133712109586e+04
3.332844928983758291e+04
3.332564917016946856e+04
3.333416063520958414e+04
3.334414425502922677e+04
3.333486040142004640e+04
3.333572818061410362e+04
3.332589405254890153e+04
3.333115294704562257e+04
3.332390399931093270e+04
3.331901090329396538e+04
3.331941375254388549e+04
3.332942461073269806e+04
3.333362535902878881e+04
3.333348993940057699e+04
3.333024689632010995e+04
3.333022970265657932e+04
3.333269914789378527e+04
3.333265260284326359e+04
3.332757722644935711e+04
3.333281686362498294e+04
3.331640896414864255e+04
3.331276204618119664e+04
3.331908278975515714e+04
3.333147811486047431e+04
3.333430393491240829e+04
3.333636109700795350e+04
3.332718106037376128e+04
3.333277324710187531e+04
3.333901834201259044e+04
3.333695570887955546e+04
3.333800527025386691e+04
3.333489436084144108e+04
3.333376157586228510e+04
3.332908536961025675e+04
3.332895316637030919e+04
3.334126201073962875e+04
3.333622455181702389e+04
3.332890771052904165e+04
3.333391045406155172e+04
3.333542883869534853e+04
3.332510696169953007e+04
3.333558717637490190e+04
3.332872781091111392e+04
3.333257809776648355e+04
3.332545845099198050e+04
3.332646336443014297e+04
3.332825395578546886e+04
3.332769317179708742e+04
3.332340652087795024e+04
3.333150469805508328e+04
3.333077195328019297e+04
3.333053233577612264e+04
3.333344336515240138e+04
3.333134014271395426e+04
3.333457327307337982e+04
3.332554385184372222e+04
3.333387394369284448e+04
3.332888818749636266e+04
3.332539056493058160e+04
3.333791697054501856e+04
3.332801368137347163e+04
3.332443872316136549e+04
3.333443061699686223e+04
3.333395753138174769e+04
3.333395144220428483e+04
3.333735639625867043e+04
3.333529821534327493e+04
3.333419054669385514e+04
3.333237514711325639e+04
3.333899138335600583e+04
3.333058857971195539e+04
3.332263414480754727e+04
3.332516291658343835e+04
3.332695021001026180e+04
3.333257192606603348e+04
3.333046851782131125e+04
3.332788789412522601e+04
3.332530117444507050e+04
3.333265720939391031e+04
3.332808297351100919e+04
3.332777037924608157e+04
3.332745608704277402e+04
3.333158286862502428e+04
3.332926322262262693e+04
3.333624187820914813e+04
3.333056621062449994e+04
3.333494196158783598e+04
3.332732071867535706e+04
3.332696309020304034e+04
3.333683506237565598e+04
3.332554613676921144e+04
3.333154086723631190e+04
3.333212201078436192e+04
3.333415015202300856e+04
3.332975381527534773e+04
3.333174919308103563e+04
3.332864579861054517e+04
3.333088627227002871e+04
3.332800234045347315e+04
3.333909134828647075e+04
3.333037024530216149e+04
3.333966700056037371e+04
3.333581415090948576e+04
3.332551217273319344e+04
3.332992704644443438e+04
3.333175872095252271e+04
3.332723871005347610e+04
3.333010599878422363e+04
3.332912039409444697e+04
3.333363911761058262e+04
3.334079168692784879e+04
3.333315300157722231e+04
3.333264898205867212e+04
3.333662965765526314e+04
3.332410386095441208e+04
3.333355051758573245e+04
3.333223322694043600e+04
3.333625578090469207e+04
3.332576170995784923e+04
3.332757456859642843e+04
3.332850483853009064e+04
3.334023419203738740e+04
3.333772976677319821e+04
3.332584401702374453e+04
3.333214598338869109e+04
3.331869475141368457e+04
3.332393238009705237e+04
3.332597274441344052e+04
3.332733799150025879e+04
3.333684823333501845e+04
3.333116001878906536e+04
3.333365726911809179e+04
3.333536234281727229e+04
3.332674180764617631e+04
3.332881690020670794e+04
3.333839154816764494e+04
3.333265201900718239e+04
3.334113015524618822e+04
3.333685627379220387e+04
3.331834373786379001e+04
3.333640155401916127e+04
3.332648640786232863e+04
3.332973646952916897e+04
3.332997573146687500e+04
3.333298699160508841e+04
3.333195930465574929e+04
3.332744337677671865e+04
3.333158446919672861e+04
3.334488780094589310e+04
3.332794345581044035e+04
3.333021964429120999e+04
3.333099468578951928e+04
3.333551047269522678e+04
3.332489232351886312e+04
3.331847046102656896e+04
3.333101458566758083e+04
3.332831662265720661e+04
3.332682068273179175e+04
3.333330984851058020e+04
3.333616090883086872e+04
3.333780846013791597e+04
3.333820471645642829e+04
3.333385618087897456e+04
3.332750224650171731e+04
3.332153586419006024e+04
3.333615014870627783e+04
3.333079811842027266e+04
eta=0.4539601384437251;445x10 ens done