2.744691282040530496e+04
2.745321574412374321e+04
2.746357027470427420e+04
2.747972354066756452e+04
2.749768898991219976e+04
2.752549874620060655e+04
2.754728626042864562e+04
2.757660776166151481e+04
2.760680017830771976e+04
2.764784378741568071e+04
2.769580595927061222e+04
2.773368000857692459e+04
2.777995951443809099e+04
2.782265191114087793e+04
2.787422732642334449e+04
2.792174593642366017e+04
2.796527384253350829e+04
2.801564481231668105e+04
2.805431988540908787e+04
2.811017542097052865e+04
2.815316564093422130e+04
2.820148093192812303e+04
2.825526227991662745e+04
2.829624739078647326e+04
2.832912894872444667e+04
2.836556582934345715e+04
2.840900700641170260e+04
2.845577672947478641e+04
2.849922819621219969e+04
2.854046342174514211e+04
2.858641515398893898e+04
2.863064964949737987e+04
2.866805441445977340e+04
2.871030970840634836e+04
2.874804134046520630e+04
2.877773234864642654e+04
2.881085287059622351e+04
2.885464243576788067e+04
2.889265723699178852e+04
2.891415975932908987e+04
2.895156321648434459e+04
2.899234239424422049e+04
2.902466119663887730e+04
2.905953828902619716e+04
2.909614780765462274e+04
2.913563266792463037e+04
2.916548187712388972e+04
2.919149723286789595e+04
2.921338723339858552e+04
2.924637657330575894e+04
2.927674535081105205e+04
2.930417840086369324e+04
2.933856427625657670e+04
2.936839518109876008e+04
2.939762079114363951e+04
2.942830332477076445e+04
2.944776296483167243e+04
2.947126754922787586e+04
2.949526054411121004e+04
2.950601113888476539e+04
2.952334038709265224e+04
2.955816783467027562e+04
2.958546346554056072e+04
2.960129725601736209e+04
2.962953635922764443e+04
2.965391859755878249e+04
2.968443683091790444e+04
2.969451610595353122e+04
2.971188435463297719e+04
2.973189721546052533e+04
2.975325409981452322e+04
2.977217929299081516e+04
2.979289257098854432e+04
2.981753817373097263e+04
2.983369720881399917e+04
2.986577629898484884e+04
2.987857002405069215e+04
2.989543708829476600e+04
2.991336934248591569e+04
2.992651060461368252e+04
2.994434958012844436e+04
2.995499050189710761e+04
2.997597701544596202e+04
2.999239230717078681e+04
3.001017686102353036e+04
3.002200769959230092e+04
3.004062049172783736e+04
3.006792941779412649e+04
3.009327963865226775e+04
3.011455274524803463e+04
3.013169634510730975e+04
3.014171710696928858e+04
3.016100570777036774e+04
3.017169335141363263e+04
3.019127916195027137e+04
3.020272551644445412e+04
3.021027897428230426e+04
3.023513726210791356e+04
3.025411147592471025e+04
3.028167298761127313e+04
3.030930828009042307e+04
3.033407108188777420e+04
3.035495194103473477e+04
3.038457133480051198e+04
3.040810756688415859e+04
3.043197891057918969e+04
3.046385237826210505e+04
3.048833145958329260e+04
3.051124817308214551e+04
3.054467887446134773e+04
3.057020242206939292e+04
3.057999843774759211e+04
3.059825397648940998e+04
3.062061452289051886e+04
3.064665329831876443e+04
3.067135594313440743e+04
3.070086482328660350e+04
3.072099916828674395e+04
3.073759730127226430e+04
3.077267968397559525e+04
3.079056421535974005e+04
3.081837243246615617e+04
3.083924060238165475e+04
3.085977663418140583e+04
3.087599907322628133e+04
3.089749292975082426e+04
3.091599304364322234e+04
3.093395823965629461e+04
3.096294289578780445e+04
3.098307354281494918e+04
3.100128931523038409e+04
3.102228096425256081e+04
3.103022548322353396e+04
3.104929721193954902e+04
3.106522319445898393e+04
3.109044009387879851e+04
3.109710980516039126e+04
3.110743620723091590e+04
3.113196696993540536e+04
3.114700423213762042e+04
3.116724163412730559e+04
3.119195593432525493e+04
3.120962859987119009e+04
3.122245219868547792e+04
3.122743021702528131e+04
3.123894361552800547e+04
3.124941396592081583e+04
3.126013982529521309e+04
3.128110579397460970e+04
3.129404082880220813e+04
3.132294059206378006e+04
3.133892824071052019e+04
3.135884400947116228e+04
3.137249637174273812e+04
3.140100390209953912e+04
3.141769485654990785e+04
3.143328773389921844e+04
3.145583408609843900e+04
3.147460128290046850e+04
3.148135160319178976e+04
3.150135457563629825e+04
3.152493766551375666e+04
3.153873665677034296e+04
3.155362590746838760e+04
3.157462398377975478e+04
3.159139290270564743e+04
3.161859178982809317e+04
3.163561925709937350e+04
3.165501447239661138e+04
3.166813387705976857e+04
3.167393927425246511e+04
3.168215485398169039e+04
3.170118134036204356e+04
3.170979206035276366e+04
3.172537325686263284e+04
3.174059582002889510e+04
3.175016514374050166e+04
3.175515527366557581e+04
3.177114928967045125e+04
3.178578562408792641e+04
3.179838695387159896e+04
3.182284257893124231e+04
3.184287559012578276e+04
3.185144125539278684e+04
3.187285562900906370e+04
3.187865710754489191e+04
3.189765844350142288e+04
3.191797910512769886e+04
3.194533334859452589e+04
3.194900090119664310e+04
3.195477126008410414e+04
3.197789477154960332e+04
3.200347380441158748e+04
3.201280051250037650e+04
3.201722163063449989e+04
3.203554955698046251e+04
3.203961041600422323e+04
3.206720886553800665e+04
3.206709757037071540e+04
3.209647411724712583e+04
3.208127156777539494e+04
3.210200418772537523e+04
3.211196969949399136e+04
3.212715844914078843e+04
3.215852310941664837e+04
3.216855156309511949e+04
3.218065380191895383e+04
3.219411251386015647e+04
3.220188427193571624e+04
3.219228746466121083e+04
3.220898979489540216e+04
3.223114144291855700e+04
3.224260557894677913e+04
3.225514924268664254e+04
3.225494333523859677e+04
3.227665033087709162e+04
3.228428101911983322e+04
3.228569373248905686e+04
3.229120231052807503e+04
3.230014540952860625e+04
3.232685905198081673e+04
3.233321572650691451e+04
3.234028045609380206e+04
3.236378171174015733e+04
3.237046708623203449e+04
3.239326405313032956e+04
3.239357623430477906e+04
3.239585153221536530e+04
3.240662999935461994e+04
3.242393429067627949e+04
3.243223993345703639e+04
3.244869269872251607e+04
3.245481635460657708e+04
3.247109117792886900e+04
3.248336670604922983e+04
3.249676755199076797e+04
3.249816151983781310e+04
3.250377570843870853e+04
3.251288672717753798e+04
3.251734570182257812e+04
3.252966021391964387e+04
3.254679008789285581e+04
3.254373382910898727e+04
3.255382555525686257e+04
3.256870556625296376e+04
3.258751045026169595e+04
3.259475103479859172e+04
3.260109845364924695e+04
3.260409302435692734e+04
3.260906750480499613e+04
3.262125934486330516e+04
3.262689577648128761e+04
3.262967815449298359e+04
3.264896871060573540e+04
3.265995931413014841e+04
3.267054354641491591e+04
3.266927768812186332e+04
3.268181022795349054e+04
3.267760419399633611e+04
3.268204770048208957e+04
3.267372398033161153e+04
3.269471955574833191e+04
3.271138770044258490e+04
3.272675419242131102e+04
3.273828368630392288e+04
3.273626460096855953e+04
3.273569953958472979e+04
3.275483356533311598e+04
3.275397373176023029e+04
3.276724166854200666e+04
3.277665346202469664e+04
3.278918179346178658e+04
3.280103735866885108e+04
3.280247727050078538e+04
3.280191945339440281e+04
3.282316242899185454e+04
3.282549250750944339e+04
3.285025926650924521e+04
3.284847647876883275e+04
3.284902969483764900e+04
3.285908046778818243e+04
3.287594172135664849e+04
3.286145684692414943e+04
3.287032154938592430e+04
3.287313472129005822e+04
3.286336803892533499e+04
3.289190936691145180e+04
3.289608157207710610e+04
3.290273099604484014e+04
3.290514096431795770e+04
3.291392980929943587e+04
3.291921671346807125e+04
3.292771891721829888e+04
3.292388286545005394e+04
3.293433306883276964e+04
3.295948960545942828e+04
3.295528327673616877e+04
3.297103385262125812e+04
3.297594271058426239e+04
3.298130197659999249e+04
3.299537824974513205e+04
3.299353778334127855e+04
3.298533288773628738e+04
3.298658894544847863e+04
3.300904415444425103e+04
3.300322672918768512e+04
3.299976138472876482e+04
3.299370113677037443e+04
3.300764199492890475e+04
3.302086599182837381e+04
3.302351608190038678e+04
3.302492243477635202e+04
3.303275465215802978e+04
3.302780940676914179e+04
3.303993453024146584e+04
3.307188206827532849e+04
3.306628825858554046e+04
3.306701089180565032e+04
3.308393883764128987e+04
3.308942892891151860e+04
3.310224911439950665e+04
3.310658568446864956e+04
3.311123734736905317e+04
3.310217978626638796e+04
3.311234357525980158e+04
3.311460060784964298e+04
3.312056941038912919e+04
3.312342813248191669e+04
3.314344834810846078e+04
3.315645024492719676e+04
3.314332109934462642e+04
3.314697379523955897e+04
3.313683488544623106e+04
3.314450462010771298e+04
3.315418220704684791e+04
3.315030913586648239e+04
3.316829886605581123e+04
3.315448594998069166e+04
3.317684454830959294e+04
3.317813715264449274e+04
3.319001031292973494e+04
3.319307498733443208e+04
3.320469515087570471e+04
3.320008558578468364e+04
3.320768600405851612e+04
3.320123753332044726e+04
3.320299290689301415e+04
3.322246587038996950e+04
3.321214626220863283e+04
3.321874491428097099e+04
3.321358160997615778e+04
3.323510757924807695e+04
3.322844127733340429e+04
3.323677242094386020e+04
3.323728100513371464e+04
3.324304846972705855e+04
3.324397163730320608e+04
3.325717256579834793e+04
3.326137902021512127e+04
3.325239134302951425e+04
3.326326595444723353e+04
3.325022136555721227e+04
3.324713775129691930e+04
3.325705114841404429e+04
3.326498717039413896e+04
3.325781301462829288e+04
3.325906374059351947e+04
3.326720887168887566e+04
3.327915486455300561e+04
3.328534065740642109e+04
3.328346233937527722e+04
3.327567802670126548e+04
3.325212905877307639e+04
3.327966388145954988e+04
3.327834183061301883e+04
3.328673616986448178e+04
3.328922460020238213e+04
3.329192301281230903e+04
3.329516529867261124e+04
3.330104628288475215e+04
3.329665554135242564e+04
3.329454949034615856e+04
3.327899877853978251e+04
3.329088266286670114e+04
3.327975173779140459e+04
3.330026473658909526e+04
3.330069245380777284e+04
3.330263219394894259e+04
3.331246465011797409e+04
3.330130119107661449e+04
3.329486933616545139e+04
3.329448097360325482e+04
3.331365401655841561e+04
3.330778518765608169e+04
3.332000779518178751e+04
3.331638149581471953e+04
3.332278454548640002e+04
3.332121115385781013e+04
3.333247436468895467e+04
3.331355410115404811e+04
3.332159741790247062e+04
3.330411519154113921e+04
3.332412106831919664e+04
3.332054586029661004e+04
3.332604839013322635e+04
3.330827736868142529e+04
3.330046754931330361e+04
3.331221581937652081e+04
3.329702803881324508e+04
3.331497789435443701e+04
3.330903836114510341e+04
3.333420463869773084e+04
3.331807875373933348e+04
3.333346813373402256e+04
3.334353591954233707e+04
3.333348435162888927e+04
3.334844307200329058e+04
3.334543991153149545e+04
3.333059409414914262e+04
3.334376845305615279e+04
3.335110909485616867e+04
3.332767419252585387e+04
3.332814084152337455e+04
3.336891319194055541e+04
3.333802619795003557e+04
3.333910119165060314e+04
3.334450531496815529e+04
3.336911976539383613e+04
3.336132926012184907e+04
3.334394712546217488e+04
3.334906464951350790e+04
3.334606716666446300e+04
3.334013473550065828e+04
3.334169559391901566e+04
3.334606885606915603e+04
3.335011797309878602e+04
3.333564440987898706e+04
3.334676442677791783e+04
3.333245565680151776e+04
3.333948379702883540e+04
3.334189304399587127e+04
3.333918010839242925e+04
3.334092754539355519e+04
3.332000664195290301e+04
3.333855089884692279e+04
3.333511080678353028e+04
3.335540672393210843e+04
3.335120068983238889e+04
3.334337478646178351e+04
3.332996136998805014e+04
3.334113320979098353e+04
3.334697103942107060e+04
3.332667375582110253e+04
3.333364143352519022e+04
3.332749911270693701e+04
3.334059245046854630e+04
3.334019527147515328e+04
3.333615756412471819e+04
3.333578200661196752e+04
3.335243990451305581e+04
3.332640253525591834e+04
3.332471649090593564e+04
3.333448127166378254e+04
3.334858735103578510e+04
3.334221119638127857e+04
3.333653647043274395e+04
3.335161811212517205e+04
3.333573059474861657e+04
3.333718370621836948e+04
3.332069405882854335e+04
3.332999960162521893e+04
3.331415810824409709e+04
3.331893123552479665e+04
3.331521940747711778e+04
3.332387209729218011e+04
3.333254752505054057e+04
3.333751808730582707e+04
3.335217405783192225e+04
3.333899786684761784e+04
3.334133171651064185e+04
3.334485092320427066e+04
3.334542509267282003e+04
3.333242845407618734e+04
3.332779790637061524e+04
3.333843140313823824e+04
3.334067173927581462e+04
3.332928275162960199e+04
3.331781735430770641e+04
3.332387314081726072e+04
3.333748727662324382e+04
3.333370131922033033e+04
3.332313858876813174e+04
3.331997229230530502e+04
3.331751854565175017e+04
3.331566133631813136e+04
3.334061273212377273e+04
3.336086502596041100e+04
3.334343755274416617e+04
3.332582318882113032e+04
3.333046011106014339e+04
3.333077636765374336e+04
3.333192539184563793e+04
3.334704851657913241e+04
3.333445242013352254e+04
3.332473904341227171e+04
3.333455488736794359e+04
3.330657300570138614e+04
3.331560141369621124e+04
3.333629538199798844e+04
3.333948954979616974e+04
3.336250952280469937e+04
3.334227673513836635e+04
3.337866768240657257e+04
3.336752129608543328e+04
3.335530841458438226e+04
3.333123704469880613e+04
3.333858355058060988e+04
3.334751608180170297e+04
3.332511220085961395e+04
3.335214370524912374e+04
3.334017813698154350e+04
3.334375046791215573e+04
3.332496691161377385e+04
3.334386595099624537e+04
3.335836400527771184e+04
3.335300274578488461e+04
3.335171162961990194e+04
3.334924769347776601e+04
3.333848134480008594e+04
3.334813031899062480e+04
3.334276405097361567e+04
3.335471204860768194e+04
3.332108996505396499e+04
3.332653894342954300e+04
3.333559639476704615e+04
3.333884030800799519e+04
3.333139716165060963e+04
3.333288043020330224e+04
3.334018086784764455e+04
3.335258483817993692e+04
3.333473214156703034e+04
3.335387024345424288e+04
3.334327393956481683e+04
3.332305703336321312e+04
3.333138286512782361e+04
3.333988183871812362e+04
3.335857008144629799e+04
3.333969832513622532e+04
3.332411176966956555e+04
3.334465894838308304e+04
3.336076534196710418e+04
3.333562678446787322e+04
3.332965398734660266e+04
3.332333219873509370e+04
3.332982779828338244e+04
3.332789896129404224e+04
3.332981573184693116e+04
3.332727163582499634e+04
3.335480249925058888e+04
3.335163065755327989e+04
3.334760116407026362e+04
3.332696155757547240e+04
3.331960871945080726e+04
3.332332729621518229e+04
3.331285532916889497e+04
3.332956668022971280e+04
3.330180460976273025e+04
3.333375168031765497e+04
3.333433421389132855e+04
3.334748687365276419e+04
3.333626741097035119e+04
3.335160601073532598e+04
3.334396084805716964e+04
3.334416973079870513e+04
3.333829026378510025e+04
3.334496331455832114e+04
3.334503287073322281e+04
3.334471992496831808e+04
3.332445102015073644e+04
3.333181080531435146e+04
3.333306943217368826e+04
3.333571728170843562e+04
3.334679219918273157e+04
3.338585525395053992e+04
3.333604549460447015e+04
3.332717554692958220e+04
3.334267212823601585e+04
3.333338693433611479e+04
3.334350102858841274e+04
3.332569094857344317e+04
3.332881350272852433e+04
3.332409360448373627e+04
3.333310827398566471e+04
3.333797258659959334e+04
3.334843091622510110e+04
3.334516523518999747e+04
3.334313180436431867e+04
3.333733603690578457e+04
3.333578977252734330e+04
3.331926981391406298e+04
3.332832875908403366e+04
3.333311085730561899e+04
3.335266211073311570e+04
3.333935478485852218e+04
3.334728349241143587e+04
3.336448860438532574e+04
3.331732121777028806e+04
3.334441032735473709e+04
3.335427933493754244e+04
3.335629078113955620e+04
3.334937552395796956e+04
3.333586679576255119e+04
3.333914943379207398e+04
3.333526982930133090e+04
3.332604291255263524e+04
3.335208496337295946e+04
3.334025067526886414e+04
3.335236245566541038e+04
3.336077814672946988e+04
3.334995520765060792e+04
3.333711368147383473e+04
3.334418259629962995e+04
3.333463536928742542e+04
3.334299983471389714e+04
3.333015754664198175e+04
3.333116060027384810e+04
3.335460611589759355e+04
3.332421332641177287e+04
3.331864422689854837e+04
3.333288369691128901e+04
3.332755201036171638e+04
3.335125020795792079e+04
3.332554609458898631e+04
3.334841623468885518e+04
3.335931877394701587e+04
3.336908460871342686e+04
3.334537908774796233e+04
3.337358336485033942e+04
3.334364028428705933e+04
3.334507460334588541e+04
3.335811207195449242e+04
3.334059442268186831e+04
3.334058091358704405e+04
3.331971551428345265e+04
3.336346586592990207e+04
3.334168213227442902e+04
3.335763299088334315e+04
3.335717450379322690e+04
3.336240092344106961e+04
3.335281764032722276e+04
3.336555748783720628e+04
3.334882698129184428e+04
3.333251067863435310e+04
3.336010031235789938e+04
3.334112697549330187e+04
3.335328237949382310e+04
3.331704413341254985e+04
3.333216926169041835e+04
3.335170627824898838e+04
3.334212249079751928e+04
3.334157789121838141e+04
3.331388163967154105e+04
3.333699360276707739e+04
3.334565663585434959e+04
3.332459775293732673e+04
3.333910954193938232e+04
3.332990955380664673e+04
3.331916375660637277e+04
3.333029698380204354e+04
3.333473760685824527e+04
3.333862295822604938e+04
3.334302631034480873e+04
3.332606477472257393e+04
3.334270112294866703e+04
3.330137915887039708e+04
3.330866214693115762e+04
3.334249732827099797e+04
3.334621643304624740e+04
3.334284013330654125e+04
3.337975014794719755e+04
3.335570666855385207e+04
3.335187256645975140e+04
3.333880255408360972e+04
3.333563905531867204e+04
3.335254715571626730e+04
3.332568558818809834e+04
3.333069196418463252e+04
3.331526122170301096e+04
3.334428289026271523e+04
3.333718920266463829e+04
3.335962713079795503e+04
3.332863669921598921e+04
3.334274805047080736e+04
3.334064524003751285e+04
3.334739890373415983e+04
3.336191428409543005e+04
3.333509350960183656e+04
3.332691366738789657e+04
3.333902986405671254e+04
3.334108318135895388e+04
3.333557019062124891e+04
3.333914325686606026e+04
3.334937415365867491e+04
3.333421799094598100e+04
3.334410820981330471e+04
3.332938253214316501e+04
3.334708986501846084e+04
3.336320505981751921e+04
3.336925194101915986e+04
3.332722865375230322e+04
3.334290582356747473e+04
3.332483676465963799e+04
3.332862775967308698e+04
3.332256175473893381e+04
3.333409951436667325e+04
3.335720182229975035e+04
3.334742759910594759e+04
3.335373468297631189e+04
3.330728539348826598e+04
3.332262540635334153e+04
3.333452513690676278e+04
3.334432899055625603e+04
3.334655222894304461e+04
3.334046222428945475e+04
3.333380987384220498e+04
3.334554986036165792e+04
3.331000171231006971e+04
3.334776010106546164e+04
3.335042357704644382e+04
3.334105307351295050e+04
3.332111900431998220e+04
3.333607688857637550e+04
3.332197205774277973e+04
3.333577442931499536e+04
3.331764124660901871e+04
3.333634701676434634e+04
3.335345385539675044e+04
3.333149958361339668e+04
3.333960846353756642e+04
3.333122848717142188e+04
3.337396859621346812e+04
3.331458731525497569e+04
3.336015649968809157e+04
3.334760661501676805e+04
3.333932963445551286e+04
3.333031252747128019e+04
3.335862215969841054e+04
3.335106495066628122e+04
3.335006542324447946e+04
3.333727337185991200e+04
3.331091990998289839e+04
3.334245297986402875e+04
3.333410188388427923e+04
3.333964429777191981e+04
3.333556042723215796e+04
3.335439475875181961e+04
3.334189170411729719e+04
3.336696563255233923e+04
3.333203727233831887e+04
3.331631689400535106e+04
31x10 ens done