1.802998856587322371e+04
1.803419193947400345e+04
1.804209767672537055e+04
1.805419736327553255e+04
1.807083969876557967e+04
1.809252173104376561e+04
1.811669216506636803e+04
1.814500749071146492e+04
1.817569661913982054e+04
1.820891747792263777e+04
1.824593938502834862e+04
1.828470152992311705e+04
1.832548041442844624e+04
1.836517319342426345e+04
1.840978486387572411e+04
1.845510360836647305e+04
1.850131780843973320e+04
1.854855845754752227e+04
1.859609319290432177e+04
1.864519050139551473e+04
1.869305407948831635e+04
1.874294277619283821e+04
1.879234389899338203e+04
1.884182505481845510e+04
1.889140978476082455e+04
1.894125985584300724e+04
1.899182608259653716e+04
1.904184945701527249e+04
1.909049504990298010e+04
1.913972040150471730e+04
1.918892721803412496e+04
1.923737280180067319e+04
1.928326381498312549e+04
1.933097233089652218e+04
1.937624424980881304e+04
1.942296984892806722e+04
1.946894904953041259e+04
1.951532854627517372e+04
1.955843264285254918e+04
1.960112994323563544e+04
1.964591178817684704e+04
1.968930701036918617e+04
1.973061447483101438e+04
1.977380094849148372e+04
1.981225081655889517e+04
1.985314987953538366e+04
1.989222725620052370e+04
1.992927703773832036e+04
1.996793282976238697e+04
2.000491234900416748e+04
2.004131191095819304e+04
2.007533790510666222e+04
2.011012098626716033e+04
2.014358125855342587e+04
2.017908618867065161e+04
2.021393522915436915e+04
2.024907179715057646e+04
2.028126475221908186e+04
2.031413121529480850e+04
2.034662667398561825e+04
2.037680616232259490e+04
2.040809403885166103e+04
2.043842336163537766e+04
2.046730876737296785e+04
2.049703993887089746e+04
2.052625096491420481e+04
2.055266613649095598e+04
2.058207709965220420e+04
2.060937335108652405e+04
2.063668452005396102e+04
2.066384457246981765e+04
2.069010692027553887e+04
2.071642532773088897e+04
2.074110730657118620e+04
2.076603776172245853e+04
2.078985084608976831e+04
2.081587958126479134e+04
2.083905486296189338e+04
2.086475830497342395e+04
2.088885423598476700e+04
2.091388559921365959e+04
2.093839031583066753e+04
2.096434936904125425e+04
2.098743992214939135e+04
2.101161117844595719e+04
2.103518113529131369e+04
2.105748400013990977e+04
2.108009642061939667e+04
2.110333416134457002e+04
2.112589060950387284e+04
2.114707515356138902e+04
2.116937769656631644e+04
2.119093390744154749e+04
2.121270474018215100e+04
2.123539250878711755e+04
2.125525857067637116e+04
2.127780429486878711e+04
2.129721493350796663e+04
2.132015148326742565e+04
2.133975447534101113e+04
2.138488675734502976e+04
2.142459775389820425e+04
2.146428060099774666e+04
2.150463860502133684e+04
2.154158315532405322e+04
2.158120449142228244e+04
2.161790569371723177e+04
2.165778483551544196e+04
2.169268526479752472e+04
2.173358699089684160e+04
2.177271122425676731e+04
2.180668616571406528e+04
2.184251294138465528e+04
2.187837779760698686e+04
2.191673290443627047e+04
2.195061509739544272e+04
2.198637194733407887e+04
2.202201339804941017e+04
2.205658972429547430e+04
2.208832973998716625e+04
2.212199454380106181e+04
2.215726055463478042e+04
2.219156787420301407e+04
2.222457731582837732e+04
2.225819180537572902e+04
2.228819343064017085e+04
2.232112967616077731e+04
2.235196074064457935e+04
2.238499663284564303e+04
2.241726768360530332e+04
2.244951236577052623e+04
2.248013592594244255e+04
2.251059684436478710e+04
2.253964395551161942e+04
2.257000136332759575e+04
2.259801151389034931e+04
2.262954221932962173e+04
2.266037922060376877e+04
2.269082905551469230e+04
2.272093118956105900e+04
2.274858972195493698e+04
2.277889035762852291e+04
2.280527801605802597e+04
2.283343008300557995e+04
2.286224899468834337e+04
2.289145592168659641e+04
2.291895371705123034e+04
2.294612840018775387e+04
2.297552330289751262e+04
2.300579680096336961e+04
2.304711273613439698e+04
2.308836212303859065e+04
2.312975833870291171e+04
2.316977137267299622e+04
2.321022588547289706e+04
2.324937444467891328e+04
2.329020633787936822e+04
2.332820238964048258e+04
2.336694337967483079e+04
2.340527758071135395e+04
2.344251148874256251e+04
2.348173705474097005e+04
2.351901981570498174e+04
2.355769775394602038e+04
2.359515175336888569e+04
2.363086705603528389e+04
2.366991314442792645e+04
2.370458796901871756e+04
2.374187194493610514e+04
2.377811557677991368e+04
2.381463526495855695e+04
2.385103627918421989e+04
2.388671946291608401e+04
2.392090529578955829e+04
2.395332270714351398e+04
2.398667949142323778e+04
2.402516576779024763e+04
2.405638764057621665e+04
2.409261154755040843e+04
2.412804381596923122e+04
2.416090127590643897e+04
2.419543160205975437e+04
2.422412165231442486e+04
2.425868417714114548e+04
2.430548151314610004e+04
2.434970917893889782e+04
2.439252526287962974e+04
2.443642889418410778e+04
2.447904637205077233e+04
2.451852271883225694e+04
2.456213803098402059e+04
2.460340559136070442e+04
2.464585421862283692e+04
2.468855598535746321e+04
2.472610703316469517e+04
2.476368997358457636e+04
2.480484769738769683e+04
2.484497299502230089e+04
2.488731035210138361e+04
2.492714266018494163e+04
2.496520622792356153e+04
2.500631465588021456e+04
2.504435165248144040e+04
2.508098773082493426e+04
2.511991063791951092e+04
2.515877990031999434e+04
2.519770359059948169e+04
2.523642431124965151e+04
2.527209911972143891e+04
2.531805245026734701e+04
2.536542171419728038e+04
2.541276041683260701e+04
2.545522164525902190e+04
2.550004899340944394e+04
2.554373147088148835e+04
2.558530790423509097e+04
2.562541563808199135e+04
2.567411832410612624e+04
2.571295049585445668e+04
2.575470193750341423e+04
2.579672660577932766e+04
2.583847641091433616e+04
2.588180036075494354e+04
2.592110239585746240e+04
2.596136877972053844e+04
2.600324739285069154e+04
2.604425919192893343e+04
2.607983402206596293e+04
2.611640916115016807e+04
2.616106521062406318e+04
2.620635348230125965e+04
2.625181364912539357e+04
2.629705715453894663e+04
2.634213596254260119e+04
2.638970367037109827e+04
2.642858391255842434e+04
2.647072394330073075e+04
2.651532771585381124e+04
2.655657194785384490e+04
2.660044821137900726e+04
2.664424597200035714e+04
2.668554532993608882e+04
2.672206966485615703e+04
2.676673749968121410e+04
2.680405275548384088e+04
2.684172210188948520e+04
2.688870577777551080e+04
2.693156866254015404e+04
2.697223772951944920e+04
2.702191855589894840e+04
2.705893576432883128e+04
2.710064077950392311e+04
2.714225264942928698e+04
2.718263035707703602e+04
2.722003582062630085e+04
2.726184287254626906e+04
2.730246031698660954e+04
2.734031831870746828e+04
2.737897672306894674e+04
2.741241904832599539e+04
2.745876717336975707e+04
2.750278848230054064e+04
2.754379625537924949e+04
2.758674223817011443e+04
2.762585463743841683e+04
2.766719717563613449e+04
2.770808513058847166e+04
2.774694812108056794e+04
2.778842649362339944e+04
2.782251144488329010e+04
2.786068442991775373e+04
2.790185772328378880e+04
2.793798916259508769e+04
2.797785479626130837e+04
2.801755377176656475e+04
2.805855691977903552e+04
2.810020354125426456e+04
2.813930859483581298e+04
2.817728416601321078e+04
2.821243544802690303e+04
2.824848506278077548e+04
2.828572303214205022e+04
2.832020082188350352e+04
2.835663881480594864e+04
2.839690515570459684e+04
2.843802660642732008e+04
2.847830644850926546e+04
2.851686471055510992e+04
2.855163762394768128e+04
2.859009440220627584e+04
2.862273491055717022e+04
2.865860686083574183e+04
2.869128137065459669e+04
2.872664877638725739e+04
2.876419635465291503e+04
2.880415218399958758e+04
2.884244723114096632e+04
2.887366452668775673e+04
2.891069777937997424e+04
2.894432747708567331e+04
2.898153773946140427e+04
2.901789258461390273e+04
2.905187771654306562e+04
2.909198259957684786e+04
2.912262164292496891e+04
2.916157436218157090e+04
2.919903649338160176e+04
2.923185224197472053e+04
2.926199941364451297e+04
2.929786103233138419e+04
2.933722550162853804e+04
2.936664865955913046e+04
2.940596359689978271e+04
2.944023394855088918e+04
2.947697088022531534e+04
2.951096882329953587e+04
2.954984567740220155e+04
2.957533689301424965e+04
2.960659437583888575e+04
2.964181783861018994e+04
2.967005549767281263e+04
2.970718111200489875e+04
2.973745702026397339e+04
2.977563998402010111e+04
2.980351747241430348e+04
2.983657982075247855e+04
2.987156975927499298e+04
2.990475931913220847e+04
2.993711519922814477e+04
2.996831529329020486e+04
3.000252571218996309e+04
3.002874179554613875e+04
3.006140731643361141e+04
3.009490856345536304e+04
3.013058728798009179e+04
3.015845375677939955e+04
3.018845863881252808e+04
3.022378572317038925e+04
3.025397690376048195e+04
3.028697105494761854e+04
3.032377744271927804e+04
3.035223936391575626e+04
3.038895419198521995e+04
3.041562225311367365e+04
3.044838268489611437e+04
3.047737062255645651e+04
3.050653277514641013e+04
3.053656241545578087e+04
3.056683144463013741e+04
3.059313769331959702e+04
3.062514263358829339e+04
3.064884762249298728e+04
3.067888285711707431e+04
3.071359361201384309e+04
3.074262331414519940e+04
3.077243889296175985e+04
3.080211371879656508e+04
3.083418408204065054e+04
3.086048903737188448e+04
3.089538686217617942e+04
3.092209688987135814e+04
3.094850038065276749e+04
3.097860171716239347e+04
3.100871087173197884e+04
3.103304578368243165e+04
3.106029960866324473e+04
3.108866632672428386e+04
3.111888656337649081e+04
3.114906775993692645e+04
3.117775612611965698e+04
3.120490762304256350e+04
3.123433677535720199e+04
3.126224905449539801e+04
3.128574702229518516e+04
3.131766904183953375e+04
3.134127221145311341e+04
3.137056541567909517e+04
3.139603587563625842e+04
3.142333377475761881e+04
3.144689595118617581e+04
3.146904934835020686e+04
3.149307560365727113e+04
3.152525699585249822e+04
3.155161520475791258e+04
3.158065795408123449e+04
3.160672852158353635e+04
3.163319633461317790e+04
3.165683402936501079e+04
3.168164209839977411e+04
3.170597737940337538e+04
3.173190921563509983e+04
3.176084105417733372e+04
3.178689310484920134e+04
3.181330258105172106e+04
3.183899561661026019e+04
3.186494102070444569e+04
3.188415758198462936e+04
3.190538416450496516e+04
3.193678363064316727e+04
3.195734962190802980e+04
3.198391064521266526e+04
3.200963460672912333e+04
3.202911722522686614e+04
3.205663882978007678e+04
3.207827113661033218e+04
3.210100853150131661e+04
3.212235395679530484e+04
3.214689775961539272e+04
3.216616901800465348e+04
3.218944324015302482e+04
3.220968682996634016e+04
3.223233670159171015e+04
3.224834514785686406e+04
3.226986173707107446e+04
3.229056551223773204e+04
3.231460507363338547e+04
3.233852332319331254e+04
3.235369731209168822e+04
3.237036632361753436e+04
3.239941454433211038e+04
3.241549718459153155e+04
3.243814022886943712e+04
3.245976933609853222e+04
3.247907763428978797e+04
3.249761171589387232e+04
3.251693922831581585e+04
3.253577965167993534e+04
3.255311470995602940e+04
3.257109766481490806e+04
3.259263973115060071e+04
3.261636441574722994e+04
3.263049460187001023e+04
3.265271545617769880e+04
3.266534021688654684e+04
3.268440759161075039e+04
3.270110220993306939e+04
3.271164245162271982e+04
3.272800953762662539e+04
3.274988020817341749e+04
3.276399731491423154e+04
3.278057800583710923e+04
3.279259259747577016e+04
3.280645761960114760e+04
3.281501072842466965e+04
3.282951685316399380e+04
3.284676063339680695e+04
3.286211149185127579e+04
3.287779460261276108e+04
3.289327066621240374e+04
3.289949015160150884e+04
3.290783857571690896e+04
3.292555110826108285e+04
3.294711775883047085e+04
3.295148783040269336e+04
3.296432159055892407e+04
3.297880320124807622e+04
3.298912821520461875e+04
3.300307358010976168e+04
3.301165762570289371e+04
3.302422259059749922e+04
3.303065513520023524e+04
3.303571497463675041e+04
3.304399367849544797e+04
3.305728255480116059e+04
3.306848203891549201e+04
3.307507226659382286e+04
3.308466945385765575e+04
3.309727027821369848e+04
3.310160871737488196e+04
3.310948762623391667e+04
3.311455563261421776e+04
3.312766131289822806e+04
3.313195384938140342e+04
3.314185382078873954e+04
3.314914032701304677e+04
3.315171936068221839e+04
3.315957682396806194e+04
3.316483917680745071e+04
3.316856659440706426e+04
3.317620060467338772e+04
3.317618710882571031e+04
3.317944085985875427e+04
3.319264620200003264e+04
3.318857553740970616e+04
3.320129989354558347e+04
3.320943777655877784e+04
3.321242132479018619e+04
3.320492780058394419e+04
3.321376346809389361e+04
3.321779664296237024e+04
3.322456616628187476e+04
3.322768794527956197e+04
3.322775835633282259e+04
3.322574759636697127e+04
3.323146577539353893e+04
3.323780258856216824e+04
3.324452810195884376e+04
3.325011415888799092e+04
3.325818583566913003e+04
3.325333469083064847e+04
3.326381823240672384e+04
3.326355174642118072e+04
3.326136825391118327e+04
3.326760023206513142e+04
3.327268038628809154e+04
3.327383826404105639e+04
3.327285218750739296e+04
3.326941398705531174e+04
3.328089977386303508e+04
3.328371363356456277e+04
3.328627653728251607e+04
3.328557227251969744e+04
3.328378210557904094e+04
3.328841825485035952e+04
3.329594125006443210e+04
3.329819501705293806e+04
3.329632061923992296e+04
3.329865048267740349e+04
3.330383916127301200e+04
3.329808544465378509e+04
3.330119830130677292e+04
3.330197236712242011e+04
3.329895247604201722e+04
3.330079549299295468e+04
3.330610150362952118e+04
3.330846318966467516e+04
3.330816935897392250e+04
3.330715171206006926e+04
3.330951731613272568e+04
3.331032176471590356e+04
3.330247356061710161e+04
3.330789419678092963e+04
3.330613834950207820e+04
3.331122863909754233e+04
3.331185223739929643e+04
3.331266998427116778e+04
3.331262482541464851e+04
3.331124994811697252e+04
3.331311466476638452e+04
3.332235019439825555e+04
3.332071499031220446e+04
3.331494124559828197e+04
3.332157071017250564e+04
3.331855366482567479e+04
3.331493756783161371e+04
3.331478284772718325e+04
3.330984023545103992e+04
3.330935987742045836e+04
3.331255147533017589e+04
3.331549143991218443e+04
3.332075429294814239e+04
3.331933819240120647e+04
3.331971343313001853e+04
3.331530790936787525e+04
3.331631277891249192e+04
3.331602654205902945e+04
3.331933044418993813e+04
3.331229077908849285e+04
3.331561623566540220e+04
3.331106212099923141e+04
3.331496070106097613e+04
3.330502091477338399e+04
3.330809319609896193e+04
3.331757032146032725e+04
3.331085009867573535e+04
3.331663127688584063e+04
3.331426838136238803e+04
3.331516964333909709e+04
3.331669702824072738e+04
3.331832771197729016e+04
3.331504208580276463e+04
3.331693651612255053e+04
3.331336735529861471e+04
3.331757065507917287e+04
3.332255756882212154e+04
3.332088121955141833e+04
3.331918996421834890e+04
3.331626103629144200e+04
3.332844555898984254e+04
3.332387549989955733e+04
3.331705700429996796e+04
3.331565593820029608e+04
3.331900470282490278e+04
3.332019986087714642e+04
3.331787574705977750e+04
3.332104550073685823e+04
3.332688052006975340e+04
3.332028745063290262e+04
3.332429566878200421e+04
3.331826654599484027e+04
3.331751936595673760e+04
3.332246735582251858e+04
3.331543730206671898e+04
3.331420461180306302e+04
3.331777733895510755e+04
3.331281056121961592e+04
3.331613575191338896e+04
3.331796564954420319e+04
3.331194217363095959e+04
3.331146486318360985e+04
3.331407181802687410e+04
3.331901451223721961e+04
3.331236444057720655e+04
3.332187214798348577e+04
3.331736821670286736e+04
3.331838464849604497e+04
3.332593572340022365e+04
3.331871065501843259e+04
3.331839846436347580e+04
3.332411284831933881e+04
3.331556903112302098e+04
3.331990380568477121e+04
3.331034099946198694e+04
3.332821209143341548e+04
3.331884291428895813e+04
3.331878882397517009e+04
3.331105543968478742e+04
3.331397353953180573e+04
3.331112124660835980e+04
3.331532794281990937e+04
3.332103680714644725e+04
3.331274868778541713e+04
3.331011709308091667e+04
3.332316942545864731e+04
3.331521414093677595e+04
3.332161378757542116e+04
3.332072077510772215e+04
3.332358090236949647e+04
3.332438206059892400e+04
3.331880520435751532e+04
3.332222433324746089e+04
3.331780991139095568e+04
3.331434778861521045e+04
3.330678240916224604e+04
3.331178059680919250e+04
3.331388592383524519e+04
3.331253924077548436e+04
3.331312779355893144e+04
3.331901387098026316e+04
3.330694928584538866e+04
3.331312708861912688e+04
3.331181442372331367e+04
3.330669770705449628e+04
3.330741790697153192e+04
3.331285624109357741e+04
3.331355133703305182e+04
3.332174690022164577e+04
3.331971129760800250e+04
3.332331344925812300e+04
3.332484239346884715e+04
3.333380655330634181e+04
3.332181212082033016e+04
3.331896596542160842e+04
3.332055108599786035e+04
3.331710738807146845e+04
3.332262117898305587e+04
3.331955143188723014e+04
3.331274092324535013e+04
3.331623535307515704e+04
3.331486880740059860e+04
3.331364521371526644e+04
3.331159083923558501e+04
3.330837090414787235e+04
3.331237337289505376e+04
3.330789078448955115e+04
3.332087082258584269e+04
3.331268423921776412e+04
3.332180375469492719e+04
3.331027411209788261e+04
3.331723098473975551e+04
3.331867056065585348e+04
3.332023664801249834e+04
3.331470346500875894e+04
3.331379537441849970e+04
3.331787266760099010e+04
3.331955727161918185e+04
3.331975351552132634e+04
3.331851409142234479e+04
3.332149712521034962e+04
3.332078446311935841e+04
3.332284652115721838e+04
3.332198832346194831e+04
3.331162514941559493e+04
3.331922988324584003e+04
3.332142643497149402e+04
3.331919574109619134e+04
3.331704123307432019e+04
3.332098440381575347e+04
3.332027339126579318e+04
3.331777214016392099e+04
3.332363343408975197e+04
3.332478146385436412e+04
3.331430468188388477e+04
3.331264025250649865e+04
3.330727069290218788e+04
3.332173810031473113e+04
3.331748595334448328e+04
3.331145932032194833e+04
3.331317978655359911e+04
3.331269423886378354e+04
3.331876319178796984e+04
3.331174967885899241e+04
3.331413480365681608e+04
3.331167684444231418e+04
3.330978121492501668e+04
3.331207375461961783e+04
3.331611243157913123e+04
3.330546627433968388e+04
3.331122839371429291e+04
3.331332227767247241e+04
3.331090907483996853e+04
3.331038770579808624e+04
3.330735567749605980e+04
3.332060475347103056e+04
3.331333658804785227e+04
3.331667951419106248e+04
3.331809357603507669e+04
3.331660109124344308e+04
3.330764826813718537e+04
3.331034685834698757e+04
3.331437645255609823e+04
3.331155318815265491e+04
3.332740182978771190e+04
3.331444525157161843e+04
3.332350379489109764e+04
3.333137151349443593e+04
3.332243802291977045e+04
3.332842570147639344e+04
3.333351099591727689e+04
3.331663587765384000e+04
3.331055901036637079e+04
3.332163051168318634e+04
3.331472370921191759e+04
3.331381594743395544e+04
3.331575682023616537e+04
3.332413909242227965e+04
3.332310375463038508e+04
3.332088171903209877e+04
3.331909567227839580e+04
3.332024943626322056e+04
3.331059436862176517e+04
3.331928621735237539e+04
3.330809865251459996e+04
3.332475097569675563e+04
3.332101954651181586e+04
3.332488971572023001e+04
3.332416278203559341e+04
3.331637311521380616e+04
3.332438773187915649e+04
3.331580311584505398e+04
3.331508920840528299e+04
3.331564128274434916e+04
3.331748930906184978e+04
3.331011041548385401e+04
3.332669968367592810e+04
3.332636862387660221e+04
3.332266186495363218e+04
3.332029971934581408e+04
3.331562187359933887e+04
3.331686738742491434e+04
eta=0.26546457922833755;871x10 ens done