2.498799592646449673e+04
2.499249708561610169e+04
2.499948491673180979e+04
2.501032596855210431e+04
2.502439705270818376e+04
2.504223985016057122e+04
2.506192945703264559e+04
2.508281625086468921e+04
2.510657577336830218e+04
2.513251102147157144e+04
2.515947981383858496e+04
2.518749359826477303e+04
2.521757727326466920e+04
2.525009019577242361e+04
2.528297600111802967e+04
2.531553343767796468e+04
2.534939146373906988e+04
2.538265066258935258e+04
2.541837525752327929e+04
2.545302955656259655e+04
2.548906573156271770e+04
2.552375078403649240e+04
2.556035177323439711e+04
2.559514805707887717e+04
2.562985870064188566e+04
2.566616694168041431e+04
2.570040333387300780e+04
2.573546124877611510e+04
2.577055601008813755e+04
2.580647036202941308e+04
2.584135080751419810e+04
2.587482532570982949e+04
2.591072359945677090e+04
2.594528826977476274e+04
2.597788405506526033e+04
2.601199292524128032e+04
2.604374265610903240e+04
2.607486603782065140e+04
2.610598665705799431e+04
2.613681652650409887e+04
2.616837747189004222e+04
2.619767797085028724e+04
2.622746596881461301e+04
2.626025605083785558e+04
2.629160295543242319e+04
2.631870138808111733e+04
2.634786915039339874e+04
2.637459756682732041e+04
2.640172241746892905e+04
2.642881377421440266e+04
2.645539316548130228e+04
2.648299124014639165e+04
2.650946733164457692e+04
2.653302066192209168e+04
2.655982234048840837e+04
2.658379166376935973e+04
2.660591774349265688e+04
2.662929588684178452e+04
2.665546669099257997e+04
2.667622948798159632e+04
2.669750842657361136e+04
2.671809873903154221e+04
2.674063927279196287e+04
2.676309459175723532e+04
2.678593297534185695e+04
2.680621504229151105e+04
2.682597056352713116e+04
2.684692213348292353e+04
2.686578227112742024e+04
2.688788013578755636e+04
2.690872591602094690e+04
2.692716230390012788e+04
2.694733253496229008e+04
2.696452000655458687e+04
2.698425171270076680e+04
2.700167115230348645e+04
2.702095307302459332e+04
2.703793733440031065e+04
2.705800983134374110e+04
2.707351196827305830e+04
2.709124951401913495e+04
2.711123921798846641e+04
2.712982621140835181e+04
2.714732941240895161e+04
2.716412355279611074e+04
2.718219505134905557e+04
2.719660883787143030e+04
2.721215303585137372e+04
2.723081373828514552e+04
2.724812577353730376e+04
2.726341024016834490e+04
2.728107470817624562e+04
2.729793483666080283e+04
2.731499397254940413e+04
2.733033499360761562e+04
2.734876691675679831e+04
2.736489331729391779e+04
2.738103093377650657e+04
2.739595373659027973e+04
2.741150966763100223e+04
2.744238462622717270e+04
2.747173083611728362e+04
2.750286202183246496e+04
2.753840320136597074e+04
2.756737335258800158e+04
2.759533159173878084e+04
2.762376409843618967e+04
2.765041322070202295e+04
2.768156712672839785e+04
2.770759428844809008e+04
2.773867738682300842e+04
2.776585535728643663e+04
2.779424610393253170e+04
2.782307861216778110e+04
2.784835172446646538e+04
2.787353146265960822e+04
2.790208233068967456e+04
2.792656698758449784e+04
2.795616646036194652e+04
2.798289265940853511e+04
2.801068423388453084e+04
2.803589130295502036e+04
2.806074926710197542e+04
2.808640860570718723e+04
2.810902123611251227e+04
2.813359329650240761e+04
2.816116958078191965e+04
2.818337133233804343e+04
2.820934881416113785e+04
2.823360346259186190e+04
2.826100931249680070e+04
2.828392047462690971e+04
2.831121684001709582e+04
2.833228336844889782e+04
2.835772842549854977e+04
2.838164211746040382e+04
2.840528564910587011e+04
2.842843303866317001e+04
2.845242498321521998e+04
2.847377517243799957e+04
2.849552162363727984e+04
2.851757136826649730e+04
2.854283946998211468e+04
2.856151773454955401e+04
2.858452866555952278e+04
2.860754028168684454e+04
2.863179535043862415e+04
2.865622406276704714e+04
2.867788321873936729e+04
2.869878416875277617e+04
2.873422375711216955e+04
2.876488630682795701e+04
2.879495293809211216e+04
2.882950439416773224e+04
2.885750267988503401e+04
2.888608847389148286e+04
2.891922718999014614e+04
2.895267281185319007e+04
2.898383646981525817e+04
2.901310012594797445e+04
2.904553600040902893e+04
2.907256059082026695e+04
2.910092260894444189e+04
2.912961626522426377e+04
2.915619229900405116e+04
2.918717482207110515e+04
2.921956387215812356e+04
2.924690273426637941e+04
2.927132460239806460e+04
2.930073576493337168e+04
2.933007221758246669e+04
2.935947398930905547e+04
2.938408481789721554e+04
2.941183959462361236e+04
2.943958438581924929e+04
2.946638420799012965e+04
2.949200790393490752e+04
2.952010222219003481e+04
2.954311976690156371e+04
2.957138807927860398e+04
2.959707179766857735e+04
2.962487795763263421e+04
2.964853350662422963e+04
2.967168453230958403e+04
2.970870553672563983e+04
2.973930251224289896e+04
2.976881830385441936e+04
2.980181029556667272e+04
2.983229752007236311e+04
2.986594610314876263e+04
2.989481905677630130e+04
2.992866060259279766e+04
2.995859405744855394e+04
2.999123152476100586e+04
3.002110747569350133e+04
3.004943249454574106e+04
3.007897205543575910e+04
3.010714746331503193e+04
3.013468163825485681e+04
3.016395149128928460e+04
3.019326450229373222e+04
3.022197408566537342e+04
3.024571072175290465e+04
3.027353129632653872e+04
3.030207055736985421e+04
3.032881497554603266e+04
3.035417284521552938e+04
3.038336337510188969e+04
3.040233323571051369e+04
3.043638389225358333e+04
3.046909047523171103e+04
3.049684820262838548e+04
3.052922815541390810e+04
3.056003594977295506e+04
3.058715724272753869e+04
3.062009312290588059e+04
3.064747681553713119e+04
3.067893910955583488e+04
3.070947717606039078e+04
3.073258947237076063e+04
3.075964357627810023e+04
3.078688106479461567e+04
3.081362239285702526e+04
3.083836853882729702e+04
3.086980503108736957e+04
3.089589279455305950e+04
3.092215347712292714e+04
3.094851409000338026e+04
3.097255711349010016e+04
3.100764379813378400e+04
3.103455588529283341e+04
3.105885305264101407e+04
3.108597616688179914e+04
3.111896793077437542e+04
3.114443464482094350e+04
3.117072388282727843e+04
3.119659711766883993e+04
3.122736667003817638e+04
3.125535579462893293e+04
3.127861757519473758e+04
3.130552604492745741e+04
3.133113846459890192e+04
3.135585231126367944e+04
3.137768683669715392e+04
3.140264898644296045e+04
3.142904747543296617e+04
3.145675058857630211e+04
3.148371493481101788e+04
3.150483220533998247e+04
3.153922224846301106e+04
3.156522458976447888e+04
3.159274122364858340e+04
3.162527949670192902e+04
3.164122793096659370e+04
3.166975214522435272e+04
3.169689546149157832e+04
3.171687649330430577e+04
3.174077846754326674e+04
3.176377559143911640e+04
3.178440150184402228e+04
3.180787087671162953e+04
3.183893518277128169e+04
3.186053970937303893e+04
3.188296646109485664e+04
3.190962033442686879e+04
3.193217552687212083e+04
3.195446946702966306e+04
3.197974865304544801e+04
3.200162591626996073e+04
3.202255700719754896e+04
3.204720970277052402e+04
3.207110501502565603e+04
3.209094901814016703e+04
3.212025508218351388e+04
3.213880100486203446e+04
3.215874216375926699e+04
3.218433867374562760e+04
3.221035072536903317e+04
3.223303894336816302e+04
3.225388270028857369e+04
3.227563276522575325e+04
3.229588377570759985e+04
3.231758466792209947e+04
3.233065067922018352e+04
3.235310520487048052e+04
3.237972085047599103e+04
3.240345319131107681e+04
3.242262434871131700e+04
3.244271298927381213e+04
3.245610361448598633e+04
3.247727579453559883e+04
3.249397015811309757e+04
3.251659981495360626e+04
3.253848958427952675e+04
3.255495896713207185e+04
3.257340902252343585e+04
3.258827122070451151e+04
3.261116429255871117e+04
3.262663269859097636e+04
3.265000494506140967e+04
3.266448514186229295e+04
3.267792955883998366e+04
3.269564205287471486e+04
3.271398495730056311e+04
3.272743916099521448e+04
3.274918920135864028e+04
3.275971978117811523e+04
3.277623540316044819e+04
3.279253518494297168e+04
3.280450632901215431e+04
3.282276800193649251e+04
3.283617051373721915e+04
3.284900104167345125e+04
3.286563113492373668e+04
3.287911777884145704e+04
3.289499856648107379e+04
3.290887356513694976e+04
3.292355183813084295e+04
3.292910373121049633e+04
3.294784978533229878e+04
3.295669074566270865e+04
3.297103481931244460e+04
3.298414800960868160e+04
3.299185938213724876e+04
3.299937887562466494e+04
3.301200970558550762e+04
3.302359126910839404e+04
3.302630284387512074e+04
3.303818976288446720e+04
3.305505261528950359e+04
3.306500072409995482e+04
3.307441516904405580e+04
3.307610497086537362e+04
3.308678236106941768e+04
3.309968318327032466e+04
3.310365804949674202e+04
3.310739205357848550e+04
3.311751890871334763e+04
3.312361169416102348e+04
3.313161784315504337e+04
3.314181751506171713e+04
3.314501580650098913e+04
3.315119001983626367e+04
3.316123809541131777e+04
3.316720046791228378e+04
3.317950942597627727e+04
3.317737153452947678e+04
3.318658183549311070e+04
3.319159389503825514e+04
3.319993149849230394e+04
3.320458123659834382e+04
3.320581445268499374e+04
3.321354712599617051e+04
3.321990749323957425e+04
3.322247359412313381e+04
3.323231300658408873e+04
3.323797386761929374e+04
3.323900655105234182e+04
3.324241424235825252e+04
3.324678686170742003e+04
3.324866132885304978e+04
3.325533670347421139e+04
3.325772605720737920e+04
3.325872457450506045e+04
3.326643488448086282e+04
3.326533216183710465e+04
3.327423041432332684e+04
3.326942586317674431e+04
3.327268123344368360e+04
3.327433014320315124e+04
3.328129928339316393e+04
3.328411873705299513e+04
3.328994841251702746e+04
3.328802886512719851e+04
3.328723804217733414e+04
3.328869224624269555e+04
3.329221607035296620e+04
3.329490050874726148e+04
3.329634636854107521e+04
3.329979842412413564e+04
3.330596781431151612e+04
3.329831778667112667e+04
3.330630636410462466e+04
3.330417554260169709e+04
3.330526647053497436e+04
3.330672978020582377e+04
3.331405756089166971e+04
3.331444171342947811e+04
3.331479939601583465e+04
3.331624480484197557e+04
3.331884859788652102e+04
3.332017839365863620e+04
3.331365306935986155e+04
3.331367000122680474e+04
3.332016396534886007e+04
3.331477631862185081e+04
3.332304205435512995e+04
3.332046799175425986e+04
3.332033005530286755e+04
3.331878271786899131e+04
3.331620103641068999e+04
3.332050788551383448e+04
3.332396061631711200e+04
3.332155352169651451e+04
3.332079927350141952e+04
3.332433333512506215e+04
3.332422344611567678e+04
3.332049316889077454e+04
3.332742930917216290e+04
3.332661541686060082e+04
3.332776948976109270e+04
3.333084500825144642e+04
3.332866460623117746e+04
3.332687118082260713e+04
3.332650546388844668e+04
3.332847955370680575e+04
3.332665462259735068e+04
3.332679291442080284e+04
3.332810241849465092e+04
3.332877496331730072e+04
3.333054709054336126e+04
3.333483453550522245e+04
3.333529367650280619e+04
3.332725607621213567e+04
3.332810245013918757e+04
3.332366428861005261e+04
3.332997857082161499e+04
3.332873400298532943e+04
3.333245108838391752e+04
3.332850644238856330e+04
3.333022839667928201e+04
3.333120430069047870e+04
3.333324509031299385e+04
3.333665285796453099e+04
3.333271768382970185e+04
3.332556486561702332e+04
3.333169369118669420e+04
3.333723340677031229e+04
3.333202040697188204e+04
3.333226584591830033e+04
3.333381606480554183e+04
3.332781458217779436e+04
3.333086845615042694e+04
3.333328250300580839e+04
3.332884448969511868e+04
3.333243512528399151e+04
3.333707862011056568e+04
3.332604078854370164e+04
3.333655436116716010e+04
3.333400405821613094e+04
3.333657932326004084e+04
3.333831876093494793e+04
3.333333048812751804e+04
3.333486061290434009e+04
3.333728663413655886e+04
3.334118390801633359e+04
3.333550282750975748e+04
3.334150247355188912e+04
3.333749284595563950e+04
3.333539838996961043e+04
3.333537178527990181e+04
3.333075291183317313e+04
3.332511067252338398e+04
3.333047401933106448e+04
3.332914002766741760e+04
3.332676232645393611e+04
3.332828785980238899e+04
3.332847327842257073e+04
3.333024482016887487e+04
3.332660807606226444e+04
3.333000847322480695e+04
3.332863973283148516e+04
3.333087331323438411e+04
3.333270424046098196e+04
3.332943104041463812e+04
3.333483618885611941e+04
3.333056059798930801e+04
3.333347409306414920e+04
3.333604968274678686e+04
3.333690275653243589e+04
3.333297227272710734e+04
3.333939167233150511e+04
3.333387530332261667e+04
3.333578440437027166e+04
3.334197139193735347e+04
3.333632396025847993e+04
3.333645063865491102e+04
3.333612442143632506e+04
3.333017922943001031e+04
3.333456563090051350e+04
3.333608218143851991e+04
3.333495956381845463e+04
3.333324434779995499e+04
3.333426129280634632e+04
3.333219658743780019e+04
3.333073898992846080e+04
3.333877772135242412e+04
3.333583669903331611e+04
3.333318869084788457e+04
3.333330547518034291e+04
3.333333878876337985e+04
3.333772213697780535e+04
3.333268485307706578e+04
3.333150662157551415e+04
3.333400058505750349e+04
3.334087238570367481e+04
3.333850378751070093e+04
3.333327982204859291e+04
3.333407970601463603e+04
3.333842000656004529e+04
3.333501534508013719e+04
3.332989460772296297e+04
3.333108009851737006e+04
3.333162372144235997e+04
3.333589449248468009e+04
3.333663557579951157e+04
3.333393777157081058e+04
3.333474669671178708e+04
3.332550301288475021e+04
3.333112968617345177e+04
3.332801025976756500e+04
3.332959931158768450e+04
3.333285658075570245e+04
3.333169291202124441e+04
3.332426826201683434e+04
3.332933521324830508e+04
3.333157668984473275e+04
3.332701929356278561e+04
3.332789538630363677e+04
3.333068580163447041e+04
3.332869756314430560e+04
3.333507679117259249e+04
3.333789932025757298e+04
3.334242169712356554e+04
3.333552809723976679e+04
3.333532575754090067e+04
3.333533253343056276e+04
3.333761825823295658e+04
3.333612981099676108e+04
3.333618891490800888e+04
3.332876533205879969e+04
3.333276369117110153e+04
3.333324187067224557e+04
3.333638502757933020e+04
3.333373523522546748e+04
3.333444839785325166e+04
3.333597236924677418e+04
3.333839790083807020e+04
3.333338137140167964e+04
3.333088133041533001e+04
3.333655863208208029e+04
3.333548862694911077e+04
3.333484319836350915e+04
3.333309546524314646e+04
3.333111089928470028e+04
3.333526364763147285e+04
3.333184899725315336e+04
3.333251992623296246e+04
3.333361562465948373e+04
3.334072019498765439e+04
3.333760541040066892e+04
3.333185825921318610e+04
3.333438511167579418e+04
3.333582729317984194e+04
3.333923067466614884e+04
3.333515802170077950e+04
3.333284128288776265e+04
3.332982875015660102e+04
3.333639358591012569e+04
3.333265571121142420e+04
3.333211495266206475e+04
3.333334784195868997e+04
3.333578850969571067e+04
3.333743342295492766e+04
3.333251133138627483e+04
3.333046992017156299e+04
3.333237889618189365e+04
3.333442327569372719e+04
3.333429291502798878e+04
3.333612571405892959e+04
3.333742357043012453e+04
3.333464654144288215e+04
3.332925402361183660e+04
3.332948840222472063e+04
3.333325179113696504e+04
3.333204031571011728e+04
3.332491526730929036e+04
3.332244618904302479e+04
3.333316075243412342e+04
3.333638203976535442e+04
3.333081047789628064e+04
3.332859844231110037e+04
3.332664069202152314e+04
3.333202769301872468e+04
3.332489589900421561e+04
3.333165568557881488e+04
3.333842281568425824e+04
3.333855904400348663e+04
3.333509846738710621e+04
3.333461007729168341e+04
3.333556831451347534e+04
3.333690452959878894e+04
3.333669914935163979e+04
3.333746644851466408e+04
3.333884060755358951e+04
3.333347236069868814e+04
3.333453507856285432e+04
3.333888161614772253e+04
3.333198688359471271e+04
3.333483271261717164e+04
3.332820700163314177e+04
3.333612516506095562e+04
3.333208069615114800e+04
3.333498375032128388e+04
3.333327899509603594e+04
3.333311430296938488e+04
3.333738323703742208e+04
3.333328141911339480e+04
3.333573247358337539e+04
3.333644375249153381e+04
3.333021987930293108e+04
3.333335489180673903e+04
3.333309274092026317e+04
3.332899684551723476e+04
3.332813325172939221e+04
3.333774736624589423e+04
3.333837189452159510e+04
3.333459817459671467e+04
3.333445306374737265e+04
3.333508841365131957e+04
3.334132248236302257e+04
3.333937415354339464e+04
3.333593634333575028e+04
3.332846757596614043e+04
3.332950129956410819e+04
3.333323520435141108e+04
3.333241073693023645e+04
3.333217013578607293e+04
3.333998747320719849e+04
3.332665413135211566e+04
3.333665170765453513e+04
3.332627111624435929e+04
3.333805221086135862e+04
3.333041595359174244e+04
3.333375333326250984e+04
3.334329636971109721e+04
3.333277660685803130e+04
3.333527958087838488e+04
3.332803958301181410e+04
3.333935430564069247e+04
3.333438861869065295e+04
3.333203688826652797e+04
3.334427811471391760e+04
3.333432898221832147e+04
3.333406824391505506e+04
3.333360702195782505e+04
3.333636887792969355e+04
3.332916469494341436e+04
3.332770087562733534e+04
3.333311668563827698e+04
3.333409732841391087e+04
3.333446594449065742e+04
3.333600687706909230e+04
3.333040016080221540e+04
3.333349923069529905e+04
3.332619788624837383e+04
3.333718881326044357e+04
3.332578451612910430e+04
3.332562417447785265e+04
3.333377086049503123e+04
3.333942181234056625e+04
3.333185808915008965e+04
3.332876901974365319e+04
3.333897082743800274e+04
3.333446864876773907e+04
3.333549341695686599e+04
3.332786135768024542e+04
3.332835970165872277e+04
3.333327696330202889e+04
3.333775561852030660e+04
3.332963284073284012e+04
3.332564665532836079e+04
3.333265170970592590e+04
3.333156763042756211e+04
3.333903815082101210e+04
3.333285319235676434e+04
3.333120373582819593e+04
3.333193811584103969e+04
3.333078958262514061e+04
3.334062955137350218e+04
3.333599863080473733e+04
3.333041454466003779e+04
3.333664061227146158e+04
3.333395747235349700e+04
3.332915114401117171e+04
3.333298558404530195e+04
3.333296804130749661e+04
3.333603745610449550e+04
3.333018676245216921e+04
3.333503796783374855e+04
3.333272342616974493e+04
3.333455810625656886e+04
3.332865900039747066e+04
3.332432918040736695e+04
3.333028553537587868e+04
3.333003850728215912e+04
3.332970983758062357e+04
3.333339455685201392e+04
3.333724071098037530e+04
3.333291631911769218e+04
3.333676866683141998e+04
3.332796089253925311e+04
3.333096047205290961e+04
3.333592655276681762e+04
3.333186466392788134e+04
3.332964933207357535e+04
3.333233416015940020e+04
3.333263258298891742e+04
3.333070362575328181e+04
3.332409684333913174e+04
3.333258402343942726e+04
3.333499058507970039e+04
3.332965214490111975e+04
3.333390340626194666e+04
3.333560800913498679e+04
3.332822162920427218e+04
3.332532626017316215e+04
3.333160764030033897e+04
3.332630406424609100e+04
3.332820909645266511e+04
3.332966742472287297e+04
3.333679439296649070e+04
3.332803152459926059e+04
3.333949228374974336e+04
3.333892227847689355e+04
3.333641512120685366e+04
3.332946771437298594e+04
3.333282707558305265e+04
3.333917614382554893e+04
3.333057886908789078e+04
3.333954184748872649e+04
3.333279832350528886e+04
3.333466545434517320e+04
3.332816783497683355e+04
3.333277535684593749e+04
3.333620482235689997e+04
3.333420544493367925e+04
3.333634080273353175e+04
3.333706682394506788e+04
3.333317676505723648e+04
3.333404952065584803e+04
3.333033619242621353e+04
3.333083978538009978e+04
3.332803032050283218e+04
3.333509001818366960e+04
3.332642819113199948e+04
3.333056995855734567e+04
3.333643753363746509e+04
3.332710125366473949e+04
3.332833595918185165e+04
eta=0.5670574739729577;504x10 ens done