1.961927935197382249e+04
1.962333598915444963e+04
1.963073677841621975e+04
1.964202079100663832e+04
1.965676749697014384e+04
1.967532473582527746e+04
1.969759510303376010e+04
1.972124236117006512e+04
1.974782742788423639e+04
1.977679580932989847e+04
1.980987680164890480e+04
1.984206927362896749e+04
1.987632920107167593e+04
1.991393647366568257e+04
1.995199083970675565e+04
1.999119111925040488e+04
2.003168763282946020e+04
2.007231872162108994e+04
2.011146404203997736e+04
2.015302411955554999e+04
2.019599275103256514e+04
2.024039232145604547e+04
2.028284978506823245e+04
2.032586993720474129e+04
2.036842143903809847e+04
2.041213879442648613e+04
2.045521597974375254e+04
2.049761484828268294e+04
2.054107297777474378e+04
2.058229849491320419e+04
2.062639426644545165e+04
2.066919275536086570e+04
2.070785487857919725e+04
2.074760878006122948e+04
2.078723718874280894e+04
2.082980966601790715e+04
2.086863990484521128e+04
2.090591203138641868e+04
2.094630481333260468e+04
2.098613157812987265e+04
2.102218833920853649e+04
2.105823723280185368e+04
2.109710360266528005e+04
2.113079425495615578e+04
2.116622076929657487e+04
2.120087239511231746e+04
2.123729910527609536e+04
2.126824553581520740e+04
2.129962527069793941e+04
2.133177686948304108e+04
2.136349175360204390e+04
2.139234487875937339e+04
2.142508640102343998e+04
2.145381193730531959e+04
2.148216699950631300e+04
2.151123264348000885e+04
2.154034108660882703e+04
2.156802684483369740e+04
2.159594070785120493e+04
2.162551428293784556e+04
2.165630923269680716e+04
2.168292661171352665e+04
2.170779776137593217e+04
2.173387901458728811e+04
2.175640954118428999e+04
2.178100710792062819e+04
2.180606676644865729e+04
2.183370694792444920e+04
2.185832238151723868e+04
2.188432946508971509e+04
2.190532854449395745e+04
2.193156410576669805e+04
2.195286671982755070e+04
2.197530412620476272e+04
2.199510791427977165e+04
2.201868712499844332e+04
2.203825341909370400e+04
2.206072238203201778e+04
2.208209220019055283e+04
2.210308672083106285e+04
2.212416292235310902e+04
2.214535761078696305e+04
2.216867929451524105e+04
2.218986936441579019e+04
2.220709308305703962e+04
2.222882693441526862e+04
2.225064958310579459e+04
2.227029772763580331e+04
2.228840496099957090e+04
2.230599711871409090e+04
2.232151826253106628e+04
2.234053562014282215e+04
2.236022511578922786e+04
2.238226024567943750e+04
2.240169809581121444e+04
2.241887556068686536e+04
2.243636135660557920e+04
2.245734890388815620e+04
2.247368939571136798e+04
2.249077580762791331e+04
2.252943109026908132e+04
2.256328074478502458e+04
2.259680637427969123e+04
2.263369722691998322e+04
2.266917728195090604e+04
2.270278769482887219e+04
2.273436888564400215e+04
2.277157905881571423e+04
2.280497992847987916e+04
2.283723205749964836e+04
2.286877344033934060e+04
2.290196071206214037e+04
2.293538296819972675e+04
2.296942712039295293e+04
2.300018457538989605e+04
2.303010643164597786e+04
2.306091255991505022e+04
2.308970827475596161e+04
2.312162422560477353e+04
2.314856233325776702e+04
2.318124932340666783e+04
2.321054076372532654e+04
2.324108068307092617e+04
2.326956309001590853e+04
2.329735835747159581e+04
2.333058093683980405e+04
2.335861878592882931e+04
2.338458453602854934e+04
2.341042838256170580e+04
2.343825901133701336e+04
2.346830449596889230e+04
2.349412833021653569e+04
2.352139514898422203e+04
2.355091550439004277e+04
2.357410854035062584e+04
2.360215146191569147e+04
2.362741595089249677e+04
2.365464775957542952e+04
2.367955471846165892e+04
2.370573085552854172e+04
2.373690942477717181e+04
2.375957954339697608e+04
2.378554212863188513e+04
2.381019947674060313e+04
2.383294357970420242e+04
2.385863095918071485e+04
2.388189619950276756e+04
2.390537845635315171e+04
2.393014858409889348e+04
2.395595678509165373e+04
2.399492882090917919e+04
2.403454462031891308e+04
2.406827594831220631e+04
2.410350019733290173e+04
2.414141871752858788e+04
2.417763795583763203e+04
2.421382943534023070e+04
2.424707541493569443e+04
2.428197544939143336e+04
2.431575010584881966e+04
2.435031121370760593e+04
2.438290970910489341e+04
2.441360630566725376e+04
2.444791518504808482e+04
2.448155026014822215e+04
2.451354085645199666e+04
2.455211079466843876e+04
2.458301080122152780e+04
2.461911558982564384e+04
2.465190960087607164e+04
2.468303755014618218e+04
2.470973755772349978e+04
2.474269230098594926e+04
2.477405551649309928e+04
2.480344379155434217e+04
2.483496276361207129e+04
2.486875960027427573e+04
2.489884184490940243e+04
2.492733623569499468e+04
2.495908290621744891e+04
2.498993255770516407e+04
2.501883773146926615e+04
2.504729554861727956e+04
2.507511581462662070e+04
2.512077598724030395e+04
2.515534010846243473e+04
2.519813929999954053e+04
2.523848745291556406e+04
2.527639050390816919e+04
2.531509300738590537e+04
2.535506547480635345e+04
2.538954841744509395e+04
2.542476654414897348e+04
2.546114164156293191e+04
2.549024637302841074e+04
2.552793725316778000e+04
2.556830210063155391e+04
2.560230748085503001e+04
2.564397427249590328e+04
2.567766892066914806e+04
2.571142322960159800e+04
2.574839612335764105e+04
2.578595847615872117e+04
2.581924535455021760e+04
2.585246616200681456e+04
2.588319716291234727e+04
2.591904278599812824e+04
2.595374916340184427e+04
2.598644659031009724e+04
2.602964100514007441e+04
2.607133009614830735e+04
2.611542461213256684e+04
2.615620313050007826e+04
2.619351511070162815e+04
2.623672180468515944e+04
2.628017848835813857e+04
2.631684882589726476e+04
2.634863482583176665e+04
2.639627165385146145e+04
2.643535345011072059e+04
2.647420157688093968e+04
2.651400897676851309e+04
2.655199465839638651e+04
2.659012987723468541e+04
2.662459719473545192e+04
2.666903168151761201e+04
2.670750839716907285e+04
2.674291093531032675e+04
2.678353696595042857e+04
2.682640966097791170e+04
2.686643006709121255e+04
2.691315088455078876e+04
2.695631181043161996e+04
2.700283928516325977e+04
2.704770749261309902e+04
2.709087443491435624e+04
2.713075105800125311e+04
2.717265682344892411e+04
2.721077286999884018e+04
2.725481833178780289e+04
2.730228065125071225e+04
2.733627215271387104e+04
2.737196708577211029e+04
2.741388225449244419e+04
2.745404260524054916e+04
2.749256897997492706e+04
2.754122472222513170e+04
2.758427560636336784e+04
2.762792983827205171e+04
2.767550543978365749e+04
2.772419814244045847e+04
2.776406549039781385e+04
2.780707699200015122e+04
2.784495609940095892e+04
2.788880059862559938e+04
2.792911501612373831e+04
2.796895639623692477e+04
2.800816521594884762e+04
2.804603651225747672e+04
2.808282068923165571e+04
2.813453169777516086e+04
2.817709000953291979e+04
2.822679015782239730e+04
2.826705271503961558e+04
2.830920218911138363e+04
2.835130645429908327e+04
2.839358714735957619e+04
2.843243083958996795e+04
2.848226348153362414e+04
2.852698530893999850e+04
2.856192693821639114e+04
2.861019462215576641e+04
2.864873653700668001e+04
2.868627830728269328e+04
2.873377827160766174e+04
2.877398883301288879e+04
2.881684521154830873e+04
2.885715151642640558e+04
2.889660405494871884e+04
2.894019549742844902e+04
2.898701405456324574e+04
2.903109504927865419e+04
2.906397687967635284e+04
2.909964303303762790e+04
2.914695357578079347e+04
2.919054404739835445e+04
2.922842774050332810e+04
2.927497354894293312e+04
2.931394283279766387e+04
2.935667428925968488e+04
2.940249599660786771e+04
2.944254269492458843e+04
2.947972671581796021e+04
2.951473566550536270e+04
2.955744995407773968e+04
2.960533592976754881e+04
2.964684542834856620e+04
2.968276773836384018e+04
2.971672820050916198e+04
2.976685347177892982e+04
2.979968944675615785e+04
2.984493739883398302e+04
2.988746727892724812e+04
2.992818928245248753e+04
2.997623126633004722e+04
3.001537979603801796e+04
3.005198852327007626e+04
3.008719029942669658e+04
3.012141883591235091e+04
3.016116877264863433e+04
3.019445967569434288e+04
3.024008838559620199e+04
3.028197779925383293e+04
3.032362911317439648e+04
3.035976014692220997e+04
3.040269966185045632e+04
3.044217855526321728e+04
3.048122812143291230e+04
3.051331632618569711e+04
3.055856964777524263e+04
3.059000209703767905e+04
3.063238239116004843e+04
3.067212248993245521e+04
3.070900297465710173e+04
3.074332645576561481e+04
3.077903849315887419e+04
3.081567898310383316e+04
3.085080291487149589e+04
3.089329414402395196e+04
3.092311769077046119e+04
3.095942322572620833e+04
3.099353149345948987e+04
3.103133520777720696e+04
3.107256965566857252e+04
3.110696343566250653e+04
3.114359426542064102e+04
3.118463762712063908e+04
3.122163411872863435e+04
3.125379980626298129e+04
3.128262044821376185e+04
3.131504585085122017e+04
3.135366559282697563e+04
3.138359476813677247e+04
3.140943640693319321e+04
3.144439249971827303e+04
3.147968260408601054e+04
3.150953058947076352e+04
3.154776451907531737e+04
3.157273818860721440e+04
3.160521755625426522e+04
3.164548008348168514e+04
3.167377543016937489e+04
3.170237549024371765e+04
3.172970900334692487e+04
3.176586058233188669e+04
3.179620655416218870e+04
3.182691823590452623e+04
3.186246518183077205e+04
3.189050170097111913e+04
3.192427174979581469e+04
3.195602891403962349e+04
3.198599615968827129e+04
3.201638353471150185e+04
3.205006277857253735e+04
3.207906935643680117e+04
3.209464567191066453e+04
3.212149900669389535e+04
3.214684280862489322e+04
3.218167509253090611e+04
3.220695659040302780e+04
3.223157207422690772e+04
3.226585640842400971e+04
3.229267719115870568e+04
3.231514596510893170e+04
3.233573245324321033e+04
3.235796445621068779e+04
3.238572470635459104e+04
3.241002415544090400e+04
3.243653621043458043e+04
3.245775704093410968e+04
3.247863318160467315e+04
3.250357098235643571e+04
3.251989148570395628e+04
3.254229048801701720e+04
3.255522937391627784e+04
3.257715622912843537e+04
3.259805413080078506e+04
3.261525299450423336e+04
3.264399756790537140e+04
3.265758721549592155e+04
3.267435152028449738e+04
3.269443509563470070e+04
3.270809355956855507e+04
3.272931182822140545e+04
3.274708884040881821e+04
3.276889183509791474e+04
3.278410526153396495e+04
3.280048904012624553e+04
3.282427061479611439e+04
3.284341948957360728e+04
3.284343961327415309e+04
3.286690249913552543e+04
3.288112291249468399e+04
3.289627933962839597e+04
3.291049175092345104e+04
3.292578460694194655e+04
3.294218125886731286e+04
3.295455034476222500e+04
3.296677191771949583e+04
3.297618271318808547e+04
3.298798961113370024e+04
3.299951674770025420e+04
3.302266948318064533e+04
3.301961477736175584e+04
3.302354584294091910e+04
3.303599512042167771e+04
3.304422656585813093e+04
3.305893366749861161e+04
3.306652713540180412e+04
3.308320036139695003e+04
3.308533480812059861e+04
3.310715811421583930e+04
3.311915905746583303e+04
3.312052528303548024e+04
3.312923118510621134e+04
3.313805658018684335e+04
3.314701466064038686e+04
3.315006660249190463e+04
3.315482053209195146e+04
3.316766498734787456e+04
3.318184714981028810e+04
3.318379688117663318e+04
3.318698270066685654e+04
3.319238921977786231e+04
3.319921764702007931e+04
3.320580065308333724e+04
3.320910706099542585e+04
3.321921956947632862e+04
3.322486994662507641e+04
3.322157344518872560e+04
3.322301090361468960e+04
3.323348531433227618e+04
3.324328685694909655e+04
3.324933805284068512e+04
3.324939168138418609e+04
3.325987175323937845e+04
3.325570663360039180e+04
3.326544264189925889e+04
3.326579163788057485e+04
3.326725256381841609e+04
3.326475656326253375e+04
3.327660325238772930e+04
3.327421276220656000e+04
3.328274226157687372e+04
3.328638406256553571e+04
3.328265294012350932e+04
3.328928280832544260e+04
3.329004773639162158e+04
3.328445393411314581e+04
3.329626857741348795e+04
3.329767626917883172e+04
3.330181020958508452e+04
3.330844592791473406e+04
3.329784901396790519e+04
3.330441555854299077e+04
3.330210716036638769e+04
3.329578051506891643e+04
3.331002389133573888e+04
3.330097986456868239e+04
3.330626099794430775e+04
3.330797583837368438e+04
3.331020386905610940e+04
3.330414873202777380e+04
3.330254712686318089e+04
3.331566185685724486e+04
3.330561904691227392e+04
3.331646074139585107e+04
3.330859493539980031e+04
3.332005538328504917e+04
3.332699833643992315e+04
3.332443677239204408e+04
3.332747255853619572e+04
3.333415847786142695e+04
3.332511591422026686e+04
3.331356522352495085e+04
3.332179997460172308e+04
3.331766016362267692e+04
3.330975691205915791e+04
3.331548621664477832e+04
3.331595068496046588e+04
3.331261579547850852e+04
3.331199587608931324e+04
3.330758302325112891e+04
3.330702588996913983e+04
3.331668254372540832e+04
3.331053378420847730e+04
3.331295837535519968e+04
3.331351557958803460e+04
3.331963272980573674e+04
3.332841224413685268e+04
3.332822123836768878e+04
3.333019059614506841e+04
3.333622190416487865e+04
3.333002935445204639e+04
3.332733899161605950e+04
3.332408709752884897e+04
3.331972312033076741e+04
3.332045841642202868e+04
3.332791052126729483e+04
3.332336464413382782e+04
3.332873694201128092e+04
3.332150182067770220e+04
3.332872790584776521e+04
3.332718873753477237e+04
3.333030795603426668e+04
3.333879805134386697e+04
3.333108925954583538e+04
3.332232137191057700e+04
3.332479734968316188e+04
3.332821185160300956e+04
3.333062100577829551e+04
3.332048291078254988e+04
3.332349735140820849e+04
3.332174701288347569e+04
3.332587038238898822e+04
3.331567097233207460e+04
3.331797352344761748e+04
3.331623261384831858e+04
3.331200490845542663e+04
3.332490704913681111e+04
3.332893521091748698e+04
3.333731780455297121e+04
3.332991726208357431e+04
3.332426856700571807e+04
3.332950699764164165e+04
3.333152009970192739e+04
3.333761335865301953e+04
3.332720489473875932e+04
3.332618943370785564e+04
3.332456584686692804e+04
3.332930293781079672e+04
3.332976236749145755e+04
3.333110986834257346e+04
3.334039783809403161e+04
3.333919242530982592e+04
3.333512574317498365e+04
3.332857805363061925e+04
3.333118262398277147e+04
3.333372758020526817e+04
3.333638239402532054e+04
3.332809315465134569e+04
3.332820616880126181e+04
3.332884191239267966e+04
3.333908322627583402e+04
3.333704223639152042e+04
3.333653060394561180e+04
3.333914711573972454e+04
3.333548895553840703e+04
3.333481652994586329e+04
3.333721284943541104e+04
3.332612600129962811e+04
3.333296513268729905e+04
3.333806187078844232e+04
3.332300975175423082e+04
3.332017752041848871e+04
3.333591283212647249e+04
3.332294634906767897e+04
3.332057796533130750e+04
3.333032019002204470e+04
3.332201777449684596e+04
3.331993580603021110e+04
3.332266419771358778e+04
3.333292387745999440e+04
3.334716593855303654e+04
3.334151028960094118e+04
3.334116774075898866e+04
3.334097309022520494e+04
3.332500059765243350e+04
3.333900759102791199e+04
3.333673322281993023e+04
3.334461175804957020e+04
3.332851520582995727e+04
3.333508843700370926e+04
3.333684207194702321e+04
3.333162170775279810e+04
3.332656245244762249e+04
3.331652971781043743e+04
3.331467963930324913e+04
3.331590904146339017e+04
3.332431843562564609e+04
3.331051513300301303e+04
3.330544441386696417e+04
3.331495042010161706e+04
3.332523281730099552e+04
3.331822011375823058e+04
3.331423643128387630e+04
3.331749561126616027e+04
3.332672614693420473e+04
3.332628963278036827e+04
3.331189213738135732e+04
3.332175216217044363e+04
3.331338539000592573e+04
3.332810910873321700e+04
3.332027126173345459e+04
3.331663880834911834e+04
3.331985865349914820e+04
3.332067839237204316e+04
3.333215970525820740e+04
3.332830237582104019e+04
3.332367317324264877e+04
3.332031712154559500e+04
3.331619501581473742e+04
3.332753759162833740e+04
3.331956046188322944e+04
3.332921699376969627e+04
3.332432429436966049e+04
3.332208716589079995e+04
3.332673336525044579e+04
3.333466474770766945e+04
3.333786130149004748e+04
3.333743564334086113e+04
3.333044482885670732e+04
3.334003041003241378e+04
3.331699820925128734e+04
3.332498392204672564e+04
3.331336487840986956e+04
3.333193684785411460e+04
3.332788221178925596e+04
3.332523287266277475e+04
3.333262123894382967e+04
3.333578062227301416e+04
3.333151167081637686e+04
3.332339212201650662e+04
3.332756806298758602e+04
3.332855202326298604e+04
3.332494799428730767e+04
3.332706277230896376e+04
3.333063195969542721e+04
3.332039381534420681e+04
3.332051275961406645e+04
3.333082292952560965e+04
3.332310402197081567e+04
3.332691224133310607e+04
3.332622839007545554e+04
3.332477843565226794e+04
3.332119110153976362e+04
3.333102627887117706e+04
3.331819507357656403e+04
3.332333571973607468e+04
3.332352265527646523e+04
3.332739198048372782e+04
3.332024383751741698e+04
3.333585991404110973e+04
3.332260896455689362e+04
3.333086209924856666e+04
3.333760959730644390e+04
3.332923388065345353e+04
3.333332412188253511e+04
3.333188463511304144e+04
3.332262229263540939e+04
3.332755999548946420e+04
3.332131923981005093e+04
3.333255745284627483e+04
3.332136697733763140e+04
3.331931450927595870e+04
3.332737453407135763e+04
3.333135462789777375e+04
3.331956546066725423e+04
3.331518432899992331e+04
3.332633458145833720e+04
3.332392538129563036e+04
3.332482625163940975e+04
3.332600821964463830e+04
3.331849302149964933e+04
3.332803948663621850e+04
3.332517119591186201e+04
3.331805305208795471e+04
3.332679485787929298e+04
3.332637934749553096e+04
3.332248581999218732e+04
3.332716284912100673e+04
3.333540157644055580e+04
3.333057992955048394e+04
3.332520528611781629e+04
3.332433428498215653e+04
3.334310566841102263e+04
3.332725060718463646e+04
3.332691138953829068e+04
3.331737873402750120e+04
3.331537337979538279e+04
3.332932114284724230e+04
3.331650762000392569e+04
3.332483575340539392e+04
3.331485504598005355e+04
3.331455464588333416e+04
3.332676188659454783e+04
3.332909001367141900e+04
3.332011501933079853e+04
3.332378285265864542e+04
3.332965462775169726e+04
3.331993476522521087e+04
3.332332423170398397e+04
3.333022197013004916e+04
3.331815178800350986e+04
3.332037066279895953e+04
3.332708343589273136e+04
3.330950896502794785e+04
3.332643445827459800e+04
3.331726404415995785e+04
3.332145024341566022e+04
3.331445596827387635e+04
3.332303426185742137e+04
3.331659358108341257e+04
3.333456742192985257e+04
3.333297251029957988e+04
3.332439807220563671e+04
3.332724080138347927e+04
3.333842382956107758e+04
3.333787199546676857e+04
3.332258061982181243e+04
3.333110680148661049e+04
3.332125415794865694e+04
3.332816995122520166e+04
3.332380651610573113e+04
3.332784392231456150e+04
3.332879340099592082e+04
3.333422003659945767e+04
3.333472885385333939e+04
3.332580493018824927e+04
3.332118231712854322e+04
3.332080508264215314e+04
3.332139222904512280e+04
3.332861281944662187e+04
3.332251788334110461e+04
3.332387490267060639e+04
3.331178910026893573e+04
3.332587390802978916e+04
3.332412334480478603e+04
3.333465144729096937e+04
3.332227461821036559e+04
3.332127338270101609e+04
3.332251663255153107e+04
3.332677583969188709e+04
3.332374210354834213e+04
3.332213415225069184e+04
3.332811646380982711e+04
3.332539853379313718e+04
3.333088901532851014e+04
3.333329759919495700e+04
3.332506959121019463e+04
3.331613508355177328e+04
3.332432728838761977e+04
3.332619885094677011e+04
3.332779989116773504e+04
3.332611350050402689e+04
3.331267015791259473e+04
3.332555595682004787e+04
3.332954328053796053e+04
3.332842015806414565e+04
3.332947584705859481e+04
eta=0.3534291735288517;406x10 ens done