5.536092741854849919e+03
5.537475130801196428e+03
5.539941159805652205e+03
5.543466187637875919e+03
5.548485181890516287e+03
5.554109859393626721e+03
5.560968942487757886e+03
5.568889864447185573e+03
5.576577568015953148e+03
5.585411295259499639e+03
5.595708440787348991e+03
5.605579257145959673e+03
5.615862412913371372e+03
5.628777338837460775e+03
5.641389852398933726e+03
5.651820630135293868e+03
5.664630303176158122e+03
5.679210030899381309e+03
5.691004547969955638e+03
5.706153991158947065e+03
5.721725113658033479e+03
5.736080207517731651e+03
5.749379834427943024e+03
5.761702137168251284e+03
5.773593361596111208e+03
5.791187237774951427e+03
5.806477959911254402e+03
5.818770356703878861e+03
5.832985926997147544e+03
5.846408931556470634e+03
5.860613168705877797e+03
5.875814446516686075e+03
5.890219940416766804e+03
5.903972485012025572e+03
5.916530527330258337e+03
5.929182451968071291e+03
5.940732250735774869e+03
5.953703554863255704e+03
5.965809466322923981e+03
5.976091393703736685e+03
5.987650210743417119e+03
5.997673009662724326e+03
6.007914496102496742e+03
6.018629281818468371e+03
6.027909030832463031e+03
6.036232575627854203e+03
6.047500941839920415e+03
6.056875288504076707e+03
6.064720278200166831e+03
6.074553369686341284e+03
6.083711293725467840e+03
6.092275247692139601e+03
6.100933036139801516e+03
6.110626291819010476e+03
6.118058539795932120e+03
6.124301190901017435e+03
6.133030257656300819e+03
6.137954875177579197e+03
6.145286425649496778e+03
6.151217932310194556e+03
6.158203593010326585e+03
6.163608794125432723e+03
6.172738067666698953e+03
6.178222448616641486e+03
6.183846220102517691e+03
6.186513189970517487e+03
6.191586518111131227e+03
6.197227870944756432e+03
6.203456841688881468e+03
6.208405931180573134e+03
6.213340613127606048e+03
6.219022769497845729e+03
6.226980331216550439e+03
6.233728285899039292e+03
6.238174646064384433e+03
6.245010658203179446e+03
6.248885525718061217e+03
6.250973591972367103e+03
6.256464969395295157e+03
6.258652598267617577e+03
6.262566395470309544e+03
6.268160034064118918e+03
6.270511209207820684e+03
6.271555444108059419e+03
6.275358415615173726e+03
6.278178598217305080e+03
6.281629250495248016e+03
6.287635402178842014e+03
6.289923759045567749e+03
6.292298089644456013e+03
6.295284137652733989e+03
6.297642322056547528e+03
6.299703897260859776e+03
6.302607209493492519e+03
6.303425215465683323e+03
6.308443842347514874e+03
6.312084267129311229e+03
6.313665732890505751e+03
6.315794646829570411e+03
6.321151364022717644e+03
6.325373599760961042e+03
6.331794312400423223e+03
6.338332593895260288e+03
6.345147958515774917e+03
6.348409202776426355e+03
6.354320419393757220e+03
6.357102730550081105e+03
6.362272432256922912e+03
6.368946936470330002e+03
6.374272387642541617e+03
6.378640713895500994e+03
6.381043340668733435e+03
6.386479555869907927e+03
6.391167010022784780e+03
6.396901018948003184e+03
6.399741420701316201e+03
6.403231431055059147e+03
6.407755484739278472e+03
6.413533171660722473e+03
6.420236931314851063e+03
6.421927008427947840e+03
6.426081715348428588e+03
6.431288563850228456e+03
6.432545079626397637e+03
6.436403436751409572e+03
6.439146331773700695e+03
6.441202244381428500e+03
6.443212480921992210e+03
6.449860455996261408e+03
6.453471224951774275e+03
6.455359859213619529e+03
6.456978894590608434e+03
6.459797638117895985e+03
6.466493977732560779e+03
6.466694602588734597e+03
6.469962206421866540e+03
6.471999336751260671e+03
6.476584400272737184e+03
6.477665947738491923e+03
6.480086114404757609e+03
6.482971230838779775e+03
6.483004719869555629e+03
6.485351820651335402e+03
6.488828107863956575e+03
6.489890530036821474e+03
6.493806140331113056e+03
6.495376481224047893e+03
6.496170468414452444e+03
6.496566732906296238e+03
6.498179268691490506e+03
6.501781223992486957e+03
6.506541164056791786e+03
6.509833333723865508e+03
6.514542054370157530e+03
6.517577198428419251e+03
6.518218795876868171e+03
6.520590083515958213e+03
6.523296879544742296e+03
6.529234320475678032e+03
6.530951019338019250e+03
6.531909810559113794e+03
6.534384092981454160e+03
6.536853538388396373e+03
6.538649367745453674e+03
6.542685371201222551e+03
6.543135308528781934e+03
6.548795669041249312e+03
6.554858278999788126e+03
6.555499401930632303e+03
6.556746269416958967e+03
6.556882938754921270e+03
6.559185228698148421e+03
6.558997005327119041e+03
6.564349090642327610e+03
6.565650360537740198e+03
6.567540370788120526e+03
6.568498596723607989e+03
6.568851331904596918e+03
6.569045245464698382e+03
6.572240698092144157e+03
6.574414558664185279e+03
6.577347220034848760e+03
6.578833666590006032e+03
6.578493788019515705e+03
6.584087385050370358e+03
6.585300346050724329e+03
6.585151004092730545e+03
6.586014444279155214e+03
6.586691131543774645e+03
6.590437608409412860e+03
6.590529918450393779e+03
6.594099226200968587e+03
6.592785186022853850e+03
6.597016549446344470e+03
6.595682731658602279e+03
6.594879562196123516e+03
6.598978705773355614e+03
6.599371608961286256e+03
6.602304908988660827e+03
6.602948440301493974e+03
6.602570483647579749e+03
6.603955794567978046e+03
6.605450858079600948e+03
6.605640200887266474e+03
6.605821010718957041e+03
6.608486897533850424e+03
6.610773044159069286e+03
6.614434780932770082e+03
6.612831530010857932e+03
6.616201157867893926e+03
6.616847714427528445e+03
6.617340326121116959e+03
6.615126210530268509e+03
6.617490903785029332e+03
6.620982986088641155e+03
6.621187310696710483e+03
6.625514362976217853e+03
6.624863811197544237e+03
6.623931458851782736e+03
6.623846695848582385e+03
6.625601702640455187e+03
6.627438127990016255e+03
6.626181141720038795e+03
6.627638672213644895e+03
6.626594753242779007e+03
6.629912180369216912e+03
6.627536080651498196e+03
6.632647681020260279e+03
6.633542426776819411e+03
6.634272147637225316e+03
6.635346796546047699e+03
6.634409255068087987e+03
6.634896850115842426e+03
6.636670163465128098e+03
6.640581708341845115e+03
6.638888408983096269e+03
6.640026951559512781e+03
6.642255388768714511e+03
6.640247214891507610e+03
6.642932872041475093e+03
6.641319891765671855e+03
6.637660291803280415e+03
6.641101953822701034e+03
6.643524253887490886e+03
6.644417555775235087e+03
6.644116021507157711e+03
6.643652844400902723e+03
6.647121751508760099e+03
6.649728910238720346e+03
6.649505439556459351e+03
6.654292310535272918e+03
6.652535951172090790e+03
6.650605347041583627e+03
6.650353842720606735e+03
6.650945804947938086e+03
6.651905650063172288e+03
6.654277137590393977e+03
6.652928913061279673e+03
6.652575030575727396e+03
6.653413496667254549e+03
6.652342918716517488e+03
6.657554564811338423e+03
6.654801734257923272e+03
6.654554395136762651e+03
6.657604223093850123e+03
6.661217389677556639e+03
6.662809215699026026e+03
6.658680366020312249e+03
6.659235988203838133e+03
6.659630882026697691e+03
6.660069427477290446e+03
6.660281406268469254e+03
6.660026226142354062e+03
6.662184435035835122e+03
6.663240268036846828e+03
6.657699016285569996e+03
6.659367871648797518e+03
6.661121512061079557e+03
6.654814409396987685e+03
6.658781603721748070e+03
6.664060988217933300e+03
6.659946393411220015e+03
6.660057240585600084e+03
6.661709764029808866e+03
6.659948819530355649e+03
6.660173049750289465e+03
6.658203670966924619e+03
6.657239894055936929e+03
6.660947640764407879e+03
6.663574466228321398e+03
6.658146387309724560e+03
6.662604414945490134e+03
6.660441230723314220e+03
6.664215057406264350e+03
6.664216950210397954e+03
6.663465788346012232e+03
6.664153726948744406e+03
6.662239680101189151e+03
6.660536458619798395e+03
6.658280369742770745e+03
6.661204253301923927e+03
6.660748736171740347e+03
6.660290084383740577e+03
6.661492663259868095e+03
6.660910051784800089e+03
6.660837805962279162e+03
6.661943888660905941e+03
6.663217717619684663e+03
6.666454986101742179e+03
6.661484941327466913e+03
6.660823797102373646e+03
6.660829471358722003e+03
6.662386447947009401e+03
6.662883717306672224e+03
6.659244830413723321e+03
6.664057345569517565e+03
6.663590347648301758e+03
6.665105156406863898e+03
6.665802070268335228e+03
6.665216720878533124e+03
6.665498786556324376e+03
6.665431979848537594e+03
6.666637108679392441e+03
6.668755459865448756e+03
6.670050181393939965e+03
6.671248542019542583e+03
6.668866648429744600e+03
6.668124702959083152e+03
6.667218736642917065e+03
6.668242001678438100e+03
6.666981383808194551e+03
6.665876705929426862e+03
6.667891742578482081e+03
6.666718267094884141e+03
6.665808607596383808e+03
6.660976825397459834e+03
6.660335544512181514e+03
6.660674214427138395e+03
6.663478583718996560e+03
6.661983772052231870e+03
6.660307666865684951e+03
6.660138062079432530e+03
6.664145429268502085e+03
6.666159088216452801e+03
6.668413359890553693e+03
6.665172832021675276e+03
6.666596459241092816e+03
6.666597648523460521e+03
6.663454462373275419e+03
6.663336074256910251e+03
6.663977463886943951e+03
6.667878783118620959e+03
6.666342056147538642e+03
6.665219745744258034e+03
6.666352889188765403e+03
6.665371415578470078e+03
6.669270490612277172e+03
6.671724315928835495e+03
6.670670738703435745e+03
6.672679339227962373e+03
6.669793484639399139e+03
6.666079952366048929e+03
6.663040375375483563e+03
6.663583540264364274e+03
6.668624187700009315e+03
6.669520270426732168e+03
6.665993823606151636e+03
6.659621243862964548e+03
6.662862393869590051e+03
6.666833351296671935e+03
6.667186279786099476e+03
6.662869135044016730e+03
6.659274824992062349e+03
6.664792111404554817e+03
6.667898981630046364e+03
6.663308260311047889e+03
6.664345298785782688e+03
6.668021359751895034e+03
6.666407537121677706e+03
6.665138390474844527e+03
6.668651275827839527e+03
6.669824900946456182e+03
6.668977799914036950e+03
6.666259843901510976e+03
6.665603324406847605e+03
6.666412327075718167e+03
6.663748695080855214e+03
6.666294362444364197e+03
6.662788759732459766e+03
6.665051263439198920e+03
6.664877566806382674e+03
6.667767036782005562e+03
6.666515701371203249e+03
6.667742999522253740e+03
6.667102443955330273e+03
6.662458241954861478e+03
6.664537451418326782e+03
6.666072091388146873e+03
6.668544488676579022e+03
6.665214780067133688e+03
6.663517125138521806e+03
6.664069384031698064e+03
6.665343632104467360e+03
6.663301400520771494e+03
6.665018746012635347e+03
6.662484508561861730e+03
6.668631457040923124e+03
6.661771731790307967e+03
6.662717983867063595e+03
6.664690829266939545e+03
6.670480584019648632e+03
6.665317617556233927e+03
6.665575890207507655e+03
6.662581685131086488e+03
6.661102589257100590e+03
6.664327738956956637e+03
6.665539986571616282e+03
6.664041196653926818e+03
6.666873484578374701e+03
6.664172874684943054e+03
6.667805820691944973e+03
6.665938928806132026e+03
6.666131697058888676e+03
6.665270603400807886e+03
6.665183586190494680e+03
6.665186991799677344e+03
6.663728586608672231e+03
6.661775077546173634e+03
6.658280928724402656e+03
6.665870811086439971e+03
6.659564915525855213e+03
6.663441917879160428e+03
6.663353443997962131e+03
6.664995010874826221e+03
6.663980019022535089e+03
6.660079651821367406e+03
6.662968282764913056e+03
6.663294774398202208e+03
6.665775753559943951e+03
6.663555187058104821e+03
6.661432372442310225e+03
6.658288075273955656e+03
6.661449164290623230e+03
6.661068459642201560e+03
6.668740975319957215e+03
6.665308188179282297e+03
6.667181863364708988e+03
6.669591599665270223e+03
6.668770074300322449e+03
6.668295866880022913e+03
6.665717663356597768e+03
6.668279195670610534e+03
6.663485752645966386e+03
6.660675034113284710e+03
6.660710149078079667e+03
6.667604793836513636e+03
6.663176503572427464e+03
6.660506347698747049e+03
6.656970467712155369e+03
6.669843823665190939e+03
6.665846561868906065e+03
6.669814158473411226e+03
6.671846616311918297e+03
6.673830980115857528e+03
6.669852334472342591e+03
6.664762725662499179e+03
6.663859676405237224e+03
6.661367617727754805e+03
6.664378227886098102e+03
6.667506389355237843e+03
6.669367990165512310e+03
6.667031138349706453e+03
6.665979769885421774e+03
6.666221955488582353e+03
6.664823998454690809e+03
6.665801601466437205e+03
6.662745469316394519e+03
6.661944587887030139e+03
6.663784009046999017e+03
6.663385748154860266e+03
6.659838327543318883e+03
6.664641292937875733e+03
6.668040285479849445e+03
6.664684868852464206e+03
6.664675612163560800e+03
6.666008803858740976e+03
6.664980790509425788e+03
6.666527018299606425e+03
6.661686937592562572e+03
6.667793985038521896e+03
6.660496586562183438e+03
6.663094873549909607e+03
6.663914547535965539e+03
6.663676987529243888e+03
6.659845646276710795e+03
6.663191376386109368e+03
6.667380297747535224e+03
6.666238314831532080e+03
6.659903141416107246e+03
6.667957395571861525e+03
6.666811286442117307e+03
6.663316697966683932e+03
6.660328362295002989e+03
6.657023713011895779e+03
6.665449959143802516e+03
6.666259836698603067e+03
6.661887565165277920e+03
6.659828554889182669e+03
6.667017229192068044e+03
6.666780345475591275e+03
6.664075067972850775e+03
6.661529282746389981e+03
6.666378058568497181e+03
6.664394765118145187e+03
6.660918715799648453e+03
6.663882457514310772e+03
6.661516356207651370e+03
6.665877215029384388e+03
6.667638080019617519e+03
6.662055005736963722e+03
6.663815269534780782e+03
6.664133178110319022e+03
6.665161946542408259e+03
6.669786132277549768e+03
6.662270906249207655e+03
6.663607861339493866e+03
6.662208013822720204e+03
6.667065131770964399e+03
6.663914271269900382e+03
6.662081116333901264e+03
6.661091545661967757e+03
6.666880308730956131e+03
6.662252489262964446e+03
6.661158626216122684e+03
6.665690436552057690e+03
6.669090369293785443e+03
6.660554511862864274e+03
6.664480552615813394e+03
6.667661653956970440e+03
6.664089086648660668e+03
6.663030632777236860e+03
6.658444734411556965e+03
6.656786567636084328e+03
6.664620542081722306e+03
6.659313295468601609e+03
6.663031832946110626e+03
6.666101973489102420e+03
6.660515561671791147e+03
6.662609394228071324e+03
6.662500458044290099e+03
6.659939158020499235e+03
6.663192357936039116e+03
6.664677268082647970e+03
6.664847611406196847e+03
6.671734470880686786e+03
6.668117126389620353e+03
6.663581186155201976e+03
6.665010174905543863e+03
6.663353994948736727e+03
6.662546362300278815e+03
6.661146493416828889e+03
6.665988337708697145e+03
6.658585915286728778e+03
6.666290450472706652e+03
6.666767911567560077e+03
6.661288576488812396e+03
6.661521033406044808e+03
6.663240177561410746e+03
6.667527847226275298e+03
6.663013333053816496e+03
6.667263780921631223e+03
6.664277333177739820e+03
6.663999591095861433e+03
6.662675853671164077e+03
6.659026383551791696e+03
6.661524189324723011e+03
6.661336867490533223e+03
6.657740867252759017e+03
6.663561933300155943e+03
6.666355323500583836e+03
6.666885377224249169e+03
6.666742611557822784e+03
6.663947176132331151e+03
6.659813466084208812e+03
6.662642599206115847e+03
6.667368771535685482e+03
6.662024091508269521e+03
6.665183491668252827e+03
6.663562734428723161e+03
6.668027442439655715e+03
6.667385978373471517e+03
6.661664185328965686e+03
6.663946404914866434e+03
6.662702766617521775e+03
6.670413246895021075e+03
6.661257838955407351e+03
6.664332878824623549e+03
6.658007674053385017e+03
6.659242822229130979e+03
6.663605206098211966e+03
6.664247550169528040e+03
6.663143300339576854e+03
6.665708824765189092e+03
6.660084384108484301e+03
6.666599796644219168e+03
6.667655851708660521e+03
6.664688590275609386e+03
6.667963806080242648e+03
6.664970917682842810e+03
6.667719109442805347e+03
6.661626342589476735e+03
6.664991484387796845e+03
6.658734809556579421e+03
6.663814917627555587e+03
6.660526732701114270e+03
6.665313572989075510e+03
6.668238594865521009e+03
6.658978121076019306e+03
6.668726661417190371e+03
6.664404536431531596e+03
6.662320199447520281e+03
6.666885040091636256e+03
6.664423416256352539e+03
6.662546451473729576e+03
6.663256768970619305e+03
6.662904357252548834e+03
6.664658221257753212e+03
6.664930281412450313e+03
6.660456825105349708e+03
6.671451125086979118e+03
6.662766571442363784e+03
6.664755707839765819e+03
6.658733371545500631e+03
6.657886685349344589e+03
6.660386749942450479e+03
6.666847050745726847e+03
6.665278860600807093e+03
6.666333490677071495e+03
6.668771026992702900e+03
6.660893634354311871e+03
6.664487756897147847e+03
6.670238311751008041e+03
6.665026805425139173e+03
6.660945715402141104e+03
6.662666838874084533e+03
6.668111827579487908e+03
6.661642612070219002e+03
6.664307724658625375e+03
6.664482472666319154e+03
6.667470895033218767e+03
6.665689281148798727e+03
6.665958880444055467e+03
6.668610726716407953e+03
6.667946708736208166e+03
6.666130745318570007e+03
6.666443793866422311e+03
6.668557057769168750e+03
6.662849470988820030e+03
6.662575654302981093e+03
6.661545837677227610e+03
6.661457275628979914e+03
6.663614471384794342e+03
6.667900581880344362e+03
6.662377336743624255e+03
6.664514094284376370e+03
6.665103511642309968e+03
6.665730638554996403e+03
6.665073959329852187e+03
6.668256163624149849e+03
6.669085282093013120e+03
6.663238114394200238e+03
6.671372834168188092e+03
6.666446831315908639e+03
6.664621321825031373e+03
6.670594204290669040e+03
6.663744477256907885e+03
6.667587321876528222e+03
6.670748924042860381e+03
6.659494873752354579e+03
6.661048219305552266e+03
6.665851973989582802e+03
6.660290056011597699e+03
6.666048514806685489e+03
6.667542473040144614e+03
6.665639530062507220e+03
6.659689681823573665e+03
6.658019415430296249e+03
6.666936052766844114e+03
6.665050306069322687e+03
6.665544027126017681e+03
6.656943907720509742e+03
6.662605651449893230e+03
6.662717520384975614e+03
6.666396590368049146e+03
6.667526901235059086e+03
6.667627066274361823e+03
6.667173150378789614e+03
6.664934769851893179e+03
6.662599636175481464e+03
6.665845994872844130e+03
6.666152114163647639e+03
6.669243982560395125e+03
6.667568332450743583e+03
6.661169674425328594e+03
6.662814498990805987e+03
6.663538813914306047e+03
6.662646183323164223e+03
6.660906203464976898e+03
6.661018308602207071e+03
6.659695626372218612e+03
6.663774753100615271e+03
6.664959434102210253e+03
6.666191679617597401e+03
6.663847408638061097e+03
6.662545126330534004e+03
6.665676816955176946e+03
6.664820807188880281e+03
6.672671605492721028e+03
6.660901077468304720e+03
6.665708820851620658e+03
6.665934145559326680e+03
6.668896099285912896e+03
6.660818346989543898e+03
6.665914362079843158e+03
6.656567078394121381e+03
6.662111116423550811e+03
6.670550021324056615e+03
6.665308967069469873e+03
6.666837496997087328e+03
6.665391173369369426e+03
6.667611590112522208e+03
6.656982501186281297e+03
6.661652210296896556e+03
6.662866012144093474e+03
6.668318281175123047e+03
6.660507088659746842e+03
6.659248714395565912e+03
6.663763323684331226e+03
6.667249726902549810e+03
6.669449747630479578e+03
6.667014986884058999e+03
6.673310620970196396e+03
6.663344277448877619e+03
6.665345966472929831e+03
6.662379026643245197e+03
6.665443749287093851e+03
6.663655861931732034e+03
6.672763284123505400e+03
6.663778157383079815e+03
6.662654108424725564e+03
6.662256642974979513e+03
6.664814881758878983e+03
6.659927930868983822e+03
6.665264417940178646e+03
6.659264972813030909e+03
6.661623835091504588e+03
6.664240776568145520e+03
6.660435295214577309e+03
6.664398575618020914e+03
6.662478237738755524e+03
162x10 ens done