2.071126454768820258e+04
2.071513517173941727e+04
2.072226290790187340e+04
2.073350266550019296e+04
2.074709231371392889e+04
2.076409054180155363e+04
2.078497866981219704e+04
2.080854933378839269e+04
2.083330165661491628e+04
2.086047592677829380e+04
2.089027377606545997e+04
2.092242016314247303e+04
2.095634081498205342e+04
2.099078568424261539e+04
2.102604351667112132e+04
2.106221826888471332e+04
2.109976156684275702e+04
2.113867763091847519e+04
2.117765012809164546e+04
2.121858846151529724e+04
2.125754510269386083e+04
2.129792850639975950e+04
2.133851934758043353e+04
2.137757999975456187e+04
2.141889248641080121e+04
2.145906617490043936e+04
2.150042912614642410e+04
2.154193009283623906e+04
2.158199762351779282e+04
2.162259183723349270e+04
2.166176306547940112e+04
2.170001047508283955e+04
2.173833776971695988e+04
2.177637987655148390e+04
2.181432768560547629e+04
2.185279046513663707e+04
2.188951723885036699e+04
2.192707694302916934e+04
2.196206352757290733e+04
2.199773868696308273e+04
2.203272736715248175e+04
2.206848314346996631e+04
2.210585337779629481e+04
2.213931070969981738e+04
2.217219263430423234e+04
2.220532739304796632e+04
2.223857505434685663e+04
2.226997499390414305e+04
2.230246443228355929e+04
2.233398783408721283e+04
2.236325387350514575e+04
2.239428657207277865e+04
2.242272539250678892e+04
2.245196727324066887e+04
2.248017038914528894e+04
2.250764943968243460e+04
2.253620915944459921e+04
2.256208250963914179e+04
2.258783108301306856e+04
2.261338744728955498e+04
2.263900525738926081e+04
2.266350000020031803e+04
2.268868811468412605e+04
2.271272739923024710e+04
2.273816506481393662e+04
2.276146764176428769e+04
2.278409264637405795e+04
2.280812687487380026e+04
2.282999728356583000e+04
2.285202873997074857e+04
2.287430438510447857e+04
2.289543894088945672e+04
2.291918891442368840e+04
2.294073965767057962e+04
2.296011439134598186e+04
2.298173938357461520e+04
2.300223024434718172e+04
2.302317771300293316e+04
2.304272011744011979e+04
2.306278447161816075e+04
2.308369960447292760e+04
2.310261523900215252e+04
2.312383865601501748e+04
2.314309616042987182e+04
2.316326243093383528e+04
2.318010546616710053e+04
2.320090074162142264e+04
2.322039302483900974e+04
2.323903919010287063e+04
2.325813485229505750e+04
2.327615434235338034e+04
2.329442626814938922e+04
2.331294546859093680e+04
2.333080370341688831e+04
2.334842560176370171e+04
2.336479031786242194e+04
2.338230499834701550e+04
2.340006293156245010e+04
2.341720025146038824e+04
2.343471883418984362e+04
2.347184200856948883e+04
2.350637133349798023e+04
2.354093950279092314e+04
2.357401902577096189e+04
2.360813559210686071e+04
2.364100126359173373e+04
2.367108018445378912e+04
2.370333991881908878e+04
2.373537474269316954e+04
2.376704216304756483e+04
2.379749417641724358e+04
2.382990069053760089e+04
2.385969306598939511e+04
2.388981567402236760e+04
2.391807363552392417e+04
2.394628714448062237e+04
2.397574435118804104e+04
2.400667542675252844e+04
2.403546858841319408e+04
2.406291090462532520e+04
2.409097035683290233e+04
2.412176228600784816e+04
2.414762482623149481e+04
2.417660011699013921e+04
2.420536218563051079e+04
2.423326126327782913e+04
2.425974935635583097e+04
2.428623835423371929e+04
2.431205853855255918e+04
2.433808009659157688e+04
2.436295189655798458e+04
2.438963236760982909e+04
2.441544440436325385e+04
2.444063878840737743e+04
2.446678325505162866e+04
2.449194258136329518e+04
2.451803564497754996e+04
2.454313367589613335e+04
2.456672309238512025e+04
2.459034242918359450e+04
2.461598968752611472e+04
2.463970877277444015e+04
2.466496084991877433e+04
2.468918377029139810e+04
2.471189433410348283e+04
2.473802995090858894e+04
2.476287478144578563e+04
2.478417249379857094e+04
2.480682705795534275e+04
2.483107971430899124e+04
2.486540113704478426e+04
2.490205053274369129e+04
2.493750449603633751e+04
2.496966763464172982e+04
2.500587821101566078e+04
2.503773804272584675e+04
2.507437231011527911e+04
2.510671111946224119e+04
2.513875942567695893e+04
2.517273678972686321e+04
2.520767232301261902e+04
2.523988830065202274e+04
2.527033885000315786e+04
2.530270279921767724e+04
2.533546289348169739e+04
2.536365528577585792e+04
2.539654733497380585e+04
2.542661654569035090e+04
2.545759054364085023e+04
2.548716492277555517e+04
2.551857059996088356e+04
2.554922123076217758e+04
2.557748032603526372e+04
2.561057149887614287e+04
2.564057029692547439e+04
2.566879980806641834e+04
2.569941202516408157e+04
2.573207841305257170e+04
2.575936058381995826e+04
2.578859180927890338e+04
2.581886348503196496e+04
2.584859618089224386e+04
2.587555372015594912e+04
2.590647085292828342e+04
2.594304112136820186e+04
2.598204271277344378e+04
2.601554012214559771e+04
2.605254159839974454e+04
2.609024183820424878e+04
2.612767830566093471e+04
2.616436963075439780e+04
2.619954479480301961e+04
2.623511481873507364e+04
2.627039520682430884e+04
2.630464285689484677e+04
2.634071487384883585e+04
2.637446647575628958e+04
2.641207143617646216e+04
2.644681933247989582e+04
2.647755403317104356e+04
2.651232964145773440e+04
2.654645166483462890e+04
2.657908287494404431e+04
2.661072146649014394e+04
2.664409013835478254e+04
2.667975890126900413e+04
2.671009271010589509e+04
2.674232773421137608e+04
2.677479141823299142e+04
2.681625969645959412e+04
2.685895518167714908e+04
2.690140168511730008e+04
2.693795337314697827e+04
2.697806225676062604e+04
2.701558545342707657e+04
2.705803912096785280e+04
2.709711298163843094e+04
2.713336859615633875e+04
2.717400803447988801e+04
2.721193795970009523e+04
2.724715066254773046e+04
2.728477016389305936e+04
2.732422290559628891e+04
2.735983484306293394e+04
2.739835783148082555e+04
2.743182824171253378e+04
2.747039988738231841e+04
2.750812986923025164e+04
2.754675527647308627e+04
2.758898086937503831e+04
2.763585563264201119e+04
2.767771474493993446e+04
2.771617259963683318e+04
2.775866689302630039e+04
2.779989727381788543e+04
2.784212350188928394e+04
2.788731806391097052e+04
2.792718997937805034e+04
2.796734818363440354e+04
2.800611298708058530e+04
2.804832821248008622e+04
2.809104938596795182e+04
2.812542320971854133e+04
2.816865008967535323e+04
2.820797979269379721e+04
2.824618542924816575e+04
2.829537408061407041e+04
2.834045671246447819e+04
2.838596179973790640e+04
2.842813295439118883e+04
2.847286938215729242e+04
2.851737584723889449e+04
2.856171369782686816e+04
2.860655379773166715e+04
2.864379906936049156e+04
2.868668050713342382e+04
2.872984935881378260e+04
2.877212794684493929e+04
2.881476584641898808e+04
2.885221420026419946e+04
2.890081646671052658e+04
2.894627928226282893e+04
2.899174154762213948e+04
2.903897332895586806e+04
2.908549582165253742e+04
2.912417162653918786e+04
2.917467575459937507e+04
2.921706444741351879e+04
2.926035303645033855e+04
2.930254917241146904e+04
2.934516114220637610e+04
2.938563356254430619e+04
2.943051676861624583e+04
2.947887480219341160e+04
2.952284227839480809e+04
2.956632503833357623e+04
2.961243373086502834e+04
2.965883423852382111e+04
2.969797747862022152e+04
2.974608909075348129e+04
2.978510169478533862e+04
2.982642188926880044e+04
2.986887864497676856e+04
2.990940774471949408e+04
2.995176884124245771e+04
3.000097269431338646e+04
3.004301594766094058e+04
3.008708900805420126e+04
3.013111344628134975e+04
3.016924608540879490e+04
3.021011906249970343e+04
3.024984013085262995e+04
3.029654442717739585e+04
3.033768363263194988e+04
3.037868784077808232e+04
3.042286851504777587e+04
3.046638732110945421e+04
3.050522984716829160e+04
3.054781762556049944e+04
3.059129828892663500e+04
3.062899027368775569e+04
3.067394552781860330e+04
3.071264339555230254e+04
3.075824090279802840e+04
3.079959211254677211e+04
3.084217069462786094e+04
3.087825214632561256e+04
3.091940787577526498e+04
3.096203030224853501e+04
3.099671323684166418e+04
3.103879344802852211e+04
3.107652421706501264e+04
3.111765953088417155e+04
3.115532782225060146e+04
3.119046416538274207e+04
3.123233045556629440e+04
3.126873722424533844e+04
3.130421169978254693e+04
3.133822155483052120e+04
3.138082331768255972e+04
3.141773004433475580e+04
3.145322384845352281e+04
3.148624785698282358e+04
3.152549066911626869e+04
3.156074181648081867e+04
3.159505206630768953e+04
3.162868418876756550e+04
3.165971214554884500e+04
3.169549639567345366e+04
3.173021658035348810e+04
3.176292260401142630e+04
3.179710070113926122e+04
3.182514911750665124e+04
3.185902203174099850e+04
3.188640577748059150e+04
3.192263889491614464e+04
3.194887659173853172e+04
3.197766328511834945e+04
3.201497198940435919e+04
3.204575140918089892e+04
3.207630134288734916e+04
3.210269299236922961e+04
3.213568871026609850e+04
3.216424365164900519e+04
3.219175197873164507e+04
3.221795512138780396e+04
3.224800790637160753e+04
3.226870285035896086e+04
3.229366520744320223e+04
3.232172281312727864e+04
3.234719980983949426e+04
3.237230053511906226e+04
3.239482618081076726e+04
3.242099076062851964e+04
3.244177614382087995e+04
3.246548325074230888e+04
3.248920317269249790e+04
3.251601433711548088e+04
3.253368544357081919e+04
3.255845464862335939e+04
3.258457972116002202e+04
3.260570501594509915e+04
3.262541177829030858e+04
3.264587208976779948e+04
3.266911240997091591e+04
3.268854655839281986e+04
3.270820254002097499e+04
3.272775311352278368e+04
3.274382413932987038e+04
3.276471343983992119e+04
3.278048824330257048e+04
3.279734739390090544e+04
3.281527635416112025e+04
3.283056468892345583e+04
3.284621158085887873e+04
3.285736041880425910e+04
3.287182377802613337e+04
3.289213668103014061e+04
3.290173873602505773e+04
3.292072173681465210e+04
3.293362882975191314e+04
3.294569387252816523e+04
3.296023071985098068e+04
3.297699526775271806e+04
3.298735469538019242e+04
3.299915923678053514e+04
3.300935212129429419e+04
3.302121599663015513e+04
3.303269384125797660e+04
3.304717682939369115e+04
3.305881116039599146e+04
3.306753965386211348e+04
3.307921670926742081e+04
3.308603737256452587e+04
3.309601018034908338e+04
3.310739506000628899e+04
3.311555925621533243e+04
3.313210697478980001e+04
3.313151951154768904e+04
3.313653068178939429e+04
3.314760816626579617e+04
3.315772302099226363e+04
3.316542695244194329e+04
3.317092652310536505e+04
3.318224482818937395e+04
3.318802181810021284e+04
3.319141508107109985e+04
3.319863749160507723e+04
3.320154233271982230e+04
3.320926234767602000e+04
3.321558531195253454e+04
3.322296805701095582e+04
3.322797316110518295e+04
3.323246215853336616e+04
3.324144507693752530e+04
3.324559478772206785e+04
3.324557077944347839e+04
3.325385793968491635e+04
3.325990781127312948e+04
3.326362018841731333e+04
3.326466227485502168e+04
3.326954747737118305e+04
3.326922845358822087e+04
3.327485195445684076e+04
3.326864781862846576e+04
3.327782863214296231e+04
3.328383206666114711e+04
3.328524069308245817e+04
3.328687817125725996e+04
3.328924346631945809e+04
3.328956340666027245e+04
3.329501876389171230e+04
3.329193982333577151e+04
3.329689885298674926e+04
3.329441371224393515e+04
3.329698881153869297e+04
3.330132280492775317e+04
3.330301742758405453e+04
3.330477966263041162e+04
3.330567908312468353e+04
3.331459749289810861e+04
3.331492119240843022e+04
3.331550078391854186e+04
3.331438191379827185e+04
3.331279497701621585e+04
3.331030246605275170e+04
3.331485320897111524e+04
3.331196169637949788e+04
3.331946992171001330e+04
3.331426409458489798e+04
3.331824279242249031e+04
3.332179480636365042e+04
3.332132755754326354e+04
3.332195309036073013e+04
3.331417170201027329e+04
3.332248160477609053e+04
3.331743961282768578e+04
3.332213510950301134e+04
3.331830874883066281e+04
3.331823528853515745e+04
3.331913040670358168e+04
3.331679877365267748e+04
3.332040282503290655e+04
3.332311223308363697e+04
3.331953028125943092e+04
3.332135018042864976e+04
3.331754044422015431e+04
3.332156799228985619e+04
3.332208812702778232e+04
3.331982727467935911e+04
3.332505242281575192e+04
3.332183371246044408e+04
3.332515182431300491e+04
3.332751192348694167e+04
3.332962460894641845e+04
3.333067090416121937e+04
3.333247636715760746e+04
3.333190794365285547e+04
3.332914392561720160e+04
3.332466726745886990e+04
3.332971592598476855e+04
3.333730578129197966e+04
3.333376011728588492e+04
3.333494438914540660e+04
3.332961092911221203e+04
3.333402034488620120e+04
3.332618684144819417e+04
3.332752823622665892e+04
3.332495712400365301e+04
3.333000352798234962e+04
3.332673889161832631e+04
3.333194755105092918e+04
3.333236966441882396e+04
3.332995438209011627e+04
3.332914225972476561e+04
3.332695464653734234e+04
3.332274679426950024e+04
3.332966137194059411e+04
3.332270323331835243e+04
3.332603594384840108e+04
3.332770670876545773e+04
3.332712431241183367e+04
3.332149500185740180e+04
3.332382559493868030e+04
3.332545616348145268e+04
3.332118278200058558e+04
3.332219593286441523e+04
3.332790988347252278e+04
3.332441358961870719e+04
3.332576520199506922e+04
3.332263185123571020e+04
3.332551610129499022e+04
3.332402943604315806e+04
3.332951577772836026e+04
3.333064343326248490e+04
3.332879441172329098e+04
3.333312324393385643e+04
3.332764716949500871e+04
3.333060436275444954e+04
3.333201264092827478e+04
3.333253882918353338e+04
3.332403399812292628e+04
3.332342236154319107e+04
3.332344573047821177e+04
3.332756795194465667e+04
3.332706942114113917e+04
3.332110173729087546e+04
3.332166256433495437e+04
3.331490465181275067e+04
3.332008848944851343e+04
3.331510416696091124e+04
3.331863325151745084e+04
3.332267894550970959e+04
3.332100592561251688e+04
3.331982667999033583e+04
3.332277262506042462e+04
3.332383841282718640e+04
3.332168145406970143e+04
3.332469092255870783e+04
3.332245330857366935e+04
3.332223389313823282e+04
3.332486404087168194e+04
3.333002107438363601e+04
3.332412276458049018e+04
3.332459021093204501e+04
3.332482516141936503e+04
3.333025448417398002e+04
3.332710612896515522e+04
3.332608293611223780e+04
3.332974326771746564e+04
3.333064776762679685e+04
3.332737157152678992e+04
3.332894164701308910e+04
3.332181208546282869e+04
3.333786958181675436e+04
3.333520780690573883e+04
3.333325164173515077e+04
3.333410840679908142e+04
3.333164850254147314e+04
3.332475739250192419e+04
3.332364688596731139e+04
3.333011402747579268e+04
3.333031903350669018e+04
3.332908133136334072e+04
3.332410166369583021e+04
3.332823786216499138e+04
3.332741292665256333e+04
3.332701069596008165e+04
3.332504172923207807e+04
3.332670536676284974e+04
3.331948213742046937e+04
3.332317333611010690e+04
3.332391388558846666e+04
3.332742697305473848e+04
3.331879868464578612e+04
3.331544445823878050e+04
3.331793225403842371e+04
3.332591258097418176e+04
3.332369824399309437e+04
3.332717076042498957e+04
3.333073030782111164e+04
3.333141057310986798e+04
3.333362248033138894e+04
3.333529038901250897e+04
3.333658139544417645e+04
3.333527701835409971e+04
3.333425999938669702e+04
3.332910245154504082e+04
3.333167391329340899e+04
3.332776464437539107e+04
3.333693021544186195e+04
3.333916414574736700e+04
3.333453291452001577e+04
3.333306134539257619e+04
3.333309068643531646e+04
3.332868897840828140e+04
3.332970484043323086e+04
3.333447101460152771e+04
3.333045896885073307e+04
3.333676193011282157e+04
3.332997817747126828e+04
3.332732113789678988e+04
3.332663030426183832e+04
3.332685996254892962e+04
3.332639966920989536e+04
3.333635507145830343e+04
3.332775585564462381e+04
3.333251681435644423e+04
3.332572223853788455e+04
3.332360948369726248e+04
3.332905041711033118e+04
3.332885443733140710e+04
3.332870746449945000e+04
3.332302113902367273e+04
3.332356612429264351e+04
3.332849738666717167e+04
3.332609335426150938e+04
3.333343620336433378e+04
3.333031839549183496e+04
3.332887373628633941e+04
3.333459946563230187e+04
3.332758999696759565e+04
3.332872719197351398e+04
3.332481623978053540e+04
3.332585369068067666e+04
3.332953516056740773e+04
3.333062837100340403e+04
3.333378625607083086e+04
3.332660482609849714e+04
3.333067188393769902e+04
3.333324032010271185e+04
3.332858758808199491e+04
3.333147691282830056e+04
3.333237772672249412e+04
3.332718139505027648e+04
3.332017008035377512e+04
3.332155806293500063e+04
3.332193492891968344e+04
3.331940267743435834e+04
3.332589745023728756e+04
3.332920504286769574e+04
3.331788211171102739e+04
3.332026686998082732e+04
3.332184899315191433e+04
3.332104906643155846e+04
3.332700024512510572e+04
3.332745646605511138e+04
3.333306138670742075e+04
3.333035623889073031e+04
3.333047889651995501e+04
3.333205545770243771e+04
3.333314935060936841e+04
3.333848742518545623e+04
3.332713443711605942e+04
3.332737913540087902e+04
3.332929682121746009e+04
3.332990264690813638e+04
3.332413685682565847e+04
3.332107442528209504e+04
3.332819896819084533e+04
3.333318383423166233e+04
3.333594888774786523e+04
3.332938520718858490e+04
3.333249893819630961e+04
3.332308667886182229e+04
3.332737660045138909e+04
3.332198513664823986e+04
3.332487376701525500e+04
3.332725954400344199e+04
3.332047149934080517e+04
3.332493002461567812e+04
3.333154805810934340e+04
3.332761751935374923e+04
3.332523019747465878e+04
3.332293201680768107e+04
3.332947032261325512e+04
3.333311939344316488e+04
3.333406631681586441e+04
3.333278284460012219e+04
3.332714138821551751e+04
3.332801883705563523e+04
3.332456311027411721e+04
3.332804356331074086e+04
3.332184188223273668e+04
3.332751752878668049e+04
3.333092758490491542e+04
3.332678500070298469e+04
3.332783890740673814e+04
3.332044385235628579e+04
3.332123302262208017e+04
3.332474990203562629e+04
3.332660192179429578e+04
3.333784324171479966e+04
3.333504134437324683e+04
3.333264394244427240e+04
3.333121665404630039e+04
3.332329484035966016e+04
3.332559403579351056e+04
3.331903745873943990e+04
3.332730714352060750e+04
3.332627114968168462e+04
3.332527686543964228e+04
3.332164231103293423e+04
3.333087892456449481e+04
3.333127523330023541e+04
3.333046398951231095e+04
3.332665937223512447e+04
3.332837295542642096e+04
3.332903673291038285e+04
3.332926955626635026e+04
3.332241850963894831e+04
3.331805110160762706e+04
3.331529760644424096e+04
3.332330805170725944e+04
3.332313366808120918e+04
3.333107769202638156e+04
3.332410760745199514e+04
3.332702259349821543e+04
3.333054241391127289e+04
3.333062551617506688e+04
3.333056396521576244e+04
3.332710666951987514e+04
3.332742971554208634e+04
3.332766936005410389e+04
3.332616013314182055e+04
3.332937402780844423e+04
3.332979694680206012e+04
3.332874091264221352e+04
3.332764774178783409e+04
3.332207172741270915e+04
3.332623386895773729e+04
3.331883939784745598e+04
3.332356940698190738e+04
3.332571455011314538e+04
3.332582805023704714e+04
3.332399576484560384e+04
3.333013238972055842e+04
3.333138625140969089e+04
3.332725294990871771e+04
3.333648941649345943e+04
3.333046250090618560e+04
3.332981340958497458e+04
3.333128318884628970e+04
3.332854627152258763e+04
3.331714126746876718e+04
3.332126103779720870e+04
3.332740941063644277e+04
3.332493798237748706e+04
3.332214226083498943e+04
3.332461957568579965e+04
3.332823179215900745e+04
3.332712570984326885e+04
3.332760249848245439e+04
3.332141409406917228e+04
3.332524864519126277e+04
3.332906290896351129e+04
3.332315617760995519e+04
3.331814423516986426e+04
3.332352777499632793e+04
3.333095138240757660e+04
eta=0.40212385965949354;941x10 ens done