1.089692501696477484e+04
1.090308775182618228e+04
1.091198776535427351e+04
1.092612613955675079e+04
1.094229939241425200e+04
1.096190281693338875e+04
1.098511011264197077e+04
1.100840628146614290e+04
1.103091502034180303e+04
1.106105115339134318e+04
1.108937429782562504e+04
1.111668286035154051e+04
1.114890973113519249e+04
1.118096650238264556e+04
1.121075117597491771e+04
1.124227216252570543e+04
1.127653027708868467e+04
1.130845501013285684e+04
1.133758504635293866e+04
1.136706760974376266e+04
1.139486467757413448e+04
1.142559681715364059e+04
1.145161080175610368e+04
1.148248586758740021e+04
1.151134197562336703e+04
1.153735017460701783e+04
1.156731778392638080e+04
1.159200847829838131e+04
1.162994309128448913e+04
1.165192418707822617e+04
1.168060443019482955e+04
1.170428010569069193e+04
1.172674248014016666e+04
1.174933231770067869e+04
1.177613174689453263e+04
1.179690607350310529e+04
1.181403461652154692e+04
1.184036391554473812e+04
1.185714618936948682e+04
1.187513812356188100e+04
1.188973758590986290e+04
1.191683064997208203e+04
1.193280207536007219e+04
1.195336469234892320e+04
1.196703246227097952e+04
1.198388171005667209e+04
1.200007972556940877e+04
1.201957115467283256e+04
1.203941508458035969e+04
1.205417050967756768e+04
1.207194244928614171e+04
1.208663975704737459e+04
1.210135241022099763e+04
1.211459091323039684e+04
1.212931310794111960e+04
1.214968337245498697e+04
1.215891290874643892e+04
1.217231671286885285e+04
1.218786891564487087e+04
1.220240909721706703e+04
1.221400596889327426e+04
1.222872161471221625e+04
1.224260659140600364e+04
1.225560643584581703e+04
1.226393209165530425e+04
1.227294404680604384e+04
1.228581537942169962e+04
1.229652460254192010e+04
1.230853305778280446e+04
1.231666128506936366e+04
1.232376878836919605e+04
1.232864897713993741e+04
1.233557202335644797e+04
1.235013774510846997e+04
1.235649943135260401e+04
1.236405780009496084e+04
1.237318447578355517e+04
1.238574653488111653e+04
1.238971882802539585e+04
1.239781894344460306e+04
1.240269718227800695e+04
1.241375569258315772e+04
1.241765171475589887e+04
1.242519246601806844e+04
1.243397801156422065e+04
1.244145574947730529e+04
1.245263414823568019e+04
1.246122788656267403e+04
1.247149754990581823e+04
1.247631800395622849e+04
1.248272367224224763e+04
1.248354153587353358e+04
1.249469084655125516e+04
1.250056308788422575e+04
1.250704419956309175e+04
1.251561667058306011e+04
1.251830072981268131e+04
1.252594913042239023e+04
1.253318908443917098e+04
1.253593435699841393e+04
1.254487677507651460e+04
1.255649152753209637e+04
1.256661289861905789e+04
1.257744487505756661e+04
1.258827788354498443e+04
1.260213477677573974e+04
1.261565183895177870e+04
1.261904758700743514e+04
1.263106130678695081e+04
1.265066041587682048e+04
1.265327437305769490e+04
1.266353406903093492e+04
1.267303014319506838e+04
1.267519090369461810e+04
1.268450302188551359e+04
1.269532349157061799e+04
1.270134524413227882e+04
1.270749085068074601e+04
1.271696510480517827e+04
1.272561530653843693e+04
1.273553490954436529e+04
1.274246777991361159e+04
1.274713054405403091e+04
1.274543716530902930e+04
1.275533892415659284e+04
1.276492493161445600e+04
1.277316133351564713e+04
1.277625585329510977e+04
1.278664621061768776e+04
1.279277192099014974e+04
1.279552144161650176e+04
1.279761857097789834e+04
1.280245530409863386e+04
1.280614704755909770e+04
1.281055118596981447e+04
1.282050247164949724e+04
1.282087704328069776e+04
1.282512233498685600e+04
1.283104966376002812e+04
1.283707129018917476e+04
1.283757235721683537e+04
1.284335166872878290e+04
1.285298431584214268e+04
1.285736670622136080e+04
1.285588702156475301e+04
1.286130825061013820e+04
1.287199288599792089e+04
1.287252923222813115e+04
1.287919836451434821e+04
1.288849188835875248e+04
1.289817956170422076e+04
1.290068429282000943e+04
1.290289506948645794e+04
1.291226094747829848e+04
1.291426885656966442e+04
1.291485481522518239e+04
1.292076824286797273e+04
1.292467154654517799e+04
1.293012871616082521e+04
1.293557255199097381e+04
1.294412369124621182e+04
1.294687995614062493e+04
1.295248207774092953e+04
1.295871269216621840e+04
1.296040958120848154e+04
1.297226790341684864e+04
1.297729282576075639e+04
1.298046595416760465e+04
1.298307394247284356e+04
1.298410824503197000e+04
1.298419114211855776e+04
1.298575719626182035e+04
1.299328140910418733e+04
1.299480376959005480e+04
1.300226581545161025e+04
1.300783980279047682e+04
1.300870753836808581e+04
1.301586075487167727e+04
1.301985201682235311e+04
1.301992392684275183e+04
1.302175179025620309e+04
1.302590590022102151e+04
1.303056903263490494e+04
1.303417103768454035e+04
1.303767161785725148e+04
1.303612986536036988e+04
1.304302156744597596e+04
1.304597432466251485e+04
1.305161165091958355e+04
1.305502638764357835e+04
1.305511914375576634e+04
1.305283608200550952e+04
1.305586534079944795e+04
1.306259003438527361e+04
1.306391334311539504e+04
1.307361192606667464e+04
1.307312425195761898e+04
1.308219930805515651e+04
1.307909315458971832e+04
1.308482460718259244e+04
1.309621045600069920e+04
1.309623314134487919e+04
1.309532892585073023e+04
1.309965185421343995e+04
1.310243840153281781e+04
1.310763421076932536e+04
1.311483120053842867e+04
1.311927938325459036e+04
1.312133571967053649e+04
1.312618504043173925e+04
1.313223903332885675e+04
1.313173546787570012e+04
1.313442883015026200e+04
1.314333409374183975e+04
1.314439145327906408e+04
1.314978347559108079e+04
1.315068941333241310e+04
1.315521313096922677e+04
1.315374779334909181e+04
1.315249444076049622e+04
1.315700364949151481e+04
1.315860226875697299e+04
1.315858657751649116e+04
1.316063938817359121e+04
1.316170506137076154e+04
1.316405911865113922e+04
1.316372034408216314e+04
1.316906983068082263e+04
1.317400839556602477e+04
1.318518256212141023e+04
1.318303778746077114e+04
1.318263662720885441e+04
1.318627473763532544e+04
1.319248602859610219e+04
1.319435769837150292e+04
1.319972312989697093e+04
1.320658057013622420e+04
1.321253152636062623e+04
1.320860527885379634e+04
1.320810193026237903e+04
1.320883837325965033e+04
1.320897722460588557e+04
1.320787167131508613e+04
1.321134294091707125e+04
1.321497848459341731e+04
1.320986421492227964e+04
1.321592308181123553e+04
1.321934918737556836e+04
1.321918592718991022e+04
1.322079514431779171e+04
1.321923608838656946e+04
1.322826674672471745e+04
1.323385999568005172e+04
1.323956356253381273e+04
1.323107523704873165e+04
1.323642018627712423e+04
1.323644266257625532e+04
1.324987697137174109e+04
1.325339587599733386e+04
1.325879349952393568e+04
1.325412517357817887e+04
1.325762120370446246e+04
1.326197791369284278e+04
1.326719780680738222e+04
1.326261262668769632e+04
1.326396494872695257e+04
1.326123607984018054e+04
1.326961169104825785e+04
1.326751178113230162e+04
1.326502017698852615e+04
1.327119751205422835e+04
1.327428862724682767e+04
1.327256630735263752e+04
1.327842974225168291e+04
1.327691539404538344e+04
1.327239912880708289e+04
1.327990188700908220e+04
1.327983458877285011e+04
1.328079069374080609e+04
1.328282700729989847e+04
1.328797880583170991e+04
1.328977071249986693e+04
1.329069247632693077e+04
1.329340405130119689e+04
1.329745020136027597e+04
1.329868452312219415e+04
1.329324716531496597e+04
1.329339953666338079e+04
1.328889915726749496e+04
1.329038582892669911e+04
1.329532557660828206e+04
1.330140961972547666e+04
1.330235180817180481e+04
1.329983693049289286e+04
1.329972260832602660e+04
1.330546149314332979e+04
1.330249259963708391e+04
1.330105381648391631e+04
1.330176423267876453e+04
1.330744114405526307e+04
1.330684564468017379e+04
1.331034474908395532e+04
1.330555002892719858e+04
1.330449704109909544e+04
1.331165422626240070e+04
1.331677999744746012e+04
1.331857017978198928e+04
1.331789508501258206e+04
1.332474945112356727e+04
1.332395672608677523e+04
1.332198168756825362e+04
1.332079768267276268e+04
1.331875787204419976e+04
1.331290262951131808e+04
1.331879102512935242e+04
1.332556189401748452e+04
1.332517219997173197e+04
1.333053673068689750e+04
1.332549988718730128e+04
1.333712921074144651e+04
1.333512611642266347e+04
1.332929178663488165e+04
1.332838222287455210e+04
1.332856337307673493e+04
1.332669013711305706e+04
1.332387226937229389e+04
1.333010368567782098e+04
1.333090348042114238e+04
1.333095204931483750e+04
1.333333235558906199e+04
1.333054253149646138e+04
1.333173468210905230e+04
1.332990127516561915e+04
1.333496927029148355e+04
1.333106204902586978e+04
1.333222792022605790e+04
1.333074701257016022e+04
1.332980433846856067e+04
1.332914592906656253e+04
1.333319500154174784e+04
1.333140953133651783e+04
1.333481782135345020e+04
1.333027167076981095e+04
1.333358477768640114e+04
1.333604786463658638e+04
1.333531115898158350e+04
1.333749958377650546e+04
1.333891933103483279e+04
1.333596593606805618e+04
1.333985554761607091e+04
1.333296421897002801e+04
1.333106509389758685e+04
1.333147700320863078e+04
1.333936141350312755e+04
1.332703403486937350e+04
1.332826420920109740e+04
1.333186925337183493e+04
1.333763597634225152e+04
1.333716015584192974e+04
1.333290092078573070e+04
1.333256808621560413e+04
1.333726561910700366e+04
1.333110322620057559e+04
1.332900142513133142e+04
1.333339683662435527e+04
1.332831162979785040e+04
1.333759614616833096e+04
1.333750813154370371e+04
1.333786205984931439e+04
1.333872036152231703e+04
1.334140065201155812e+04
1.334731696773825570e+04
1.334300381639384977e+04
1.334231327129953206e+04
1.334035195704344005e+04
1.333482553010134689e+04
1.333900996115332237e+04
1.334195117306210523e+04
1.334358105194072778e+04
1.334608371008721588e+04
1.334612523862782473e+04
1.335242352582784770e+04
1.334850695493503372e+04
1.334806066768861456e+04
1.334636108675475407e+04
1.335221935719680550e+04
1.334761529720685758e+04
1.334099176256517239e+04
1.333443574312480268e+04
1.333883990025243656e+04
1.333697224680335967e+04
1.333590047002778556e+04
1.334643681724963608e+04
1.335013044684915803e+04
1.335147954264900727e+04
1.334936752647779940e+04
1.334837152459502613e+04
1.333898499761753010e+04
1.334176326624718604e+04
1.333696808215372766e+04
1.333917293774004065e+04
1.333452415231362829e+04
1.333011243950311837e+04
1.333220162916637855e+04
1.333112026456716012e+04
1.334124638317510289e+04
1.333984332952417753e+04
1.333502711035878929e+04
1.333273223624663660e+04
1.333542684595251558e+04
1.333831645320935240e+04
1.332943855885067933e+04
1.333777665898569285e+04
1.332836470010448284e+04
1.332659820946640866e+04
1.332856474027792137e+04
1.333554492889914582e+04
1.332747664949983664e+04
1.332992978065585521e+04
1.332991672685792400e+04
1.332965576645040528e+04
1.332388655135881891e+04
1.332799762085879047e+04
1.333440208235127830e+04
1.333817049091400986e+04
1.334648490210414275e+04
1.333608994746721146e+04
1.333932578780207950e+04
1.332962189979656068e+04
1.332895724289309146e+04
1.333950070043925734e+04
1.333901777957891500e+04
1.333722089851967212e+04
1.334883400713744595e+04
1.334599214879457395e+04
1.334271468616813399e+04
1.334596453513346933e+04
1.334086115977199188e+04
1.334398456074477144e+04
1.334249770185822854e+04
1.333686982211307986e+04
1.333287391352350096e+04
1.334271752212140746e+04
1.333764849831216998e+04
1.334635716950217284e+04
1.333280866366896043e+04
1.333796443024085602e+04
1.334066422578025413e+04
1.333747387087990501e+04
1.333711949972631555e+04
1.333910229922016697e+04
1.334281678479685615e+04
1.333782901955856323e+04
1.333780206835103672e+04
1.334257839700627665e+04
1.334986257837444100e+04
1.334092348412507999e+04
1.333812986613843532e+04
1.334157730830821129e+04
1.332746481311867319e+04
1.333336631816006047e+04
1.332545666332523615e+04
1.333572244731227693e+04
1.333020533764154789e+04
1.333747713583536643e+04
1.332834342816197568e+04
1.332836368074171514e+04
1.333312724521362543e+04
1.332985854063293846e+04
1.332376383933586476e+04
1.331924933709091965e+04
1.334584587707737774e+04
1.333828048096698876e+04
1.334399537662501280e+04
1.334270004903271183e+04
1.333511069682171546e+04
1.333979436057998828e+04
1.333081402508333122e+04
1.333438258473704991e+04
1.333337692838996009e+04
1.333146623602361615e+04
1.333541191502966103e+04
1.333994540929124378e+04
1.334293751734083708e+04
1.334606362408141104e+04
1.333363609350782463e+04
1.333017425398915293e+04
1.333734161496924207e+04
1.332994629239444839e+04
1.333633203336396036e+04
1.333415963774449665e+04
1.333808337141022821e+04
1.332497740193376740e+04
1.333681533363574636e+04
1.332755583366995052e+04
1.334110202771908916e+04
1.333439938988154609e+04
1.333379950620770069e+04
1.333810330791613342e+04
1.333629414900383199e+04
1.332992868850409832e+04
1.334141950305979663e+04
1.334851763664837017e+04
1.334615166423765186e+04
1.334448614242297481e+04
1.334615518379186142e+04
1.334805518163085071e+04
1.334396036851643476e+04
1.334425374670568453e+04
1.333889556050859755e+04
1.334127406187869019e+04
1.333684752967556233e+04
1.334266553270221630e+04
1.334311247263445330e+04
1.334556426520735477e+04
1.333747898720333797e+04
1.333040303386714368e+04
1.333554603166468223e+04
1.332857686590907360e+04
1.334144373856894526e+04
1.333585357481711253e+04
1.333131128449579955e+04
1.334288960803932241e+04
1.334681830142454601e+04
1.335076863193413010e+04
1.333908644091999668e+04
1.333636427083782655e+04
1.333098358634547549e+04
1.333480591302787616e+04
1.333958521225044569e+04
1.333841402924086105e+04
1.334457193627121524e+04
1.332991889243803598e+04
1.333973891020425981e+04
1.333773570016660415e+04
1.333578796349768163e+04
1.333912226869484766e+04
1.333582474233100766e+04
1.333384681542756698e+04
1.333739389999180639e+04
1.333351762617356144e+04
1.334791440509347922e+04
1.333736849917150721e+04
1.334194615009204063e+04
1.334718662504274653e+04
1.333722137175851094e+04
1.333927375821617716e+04
1.334299264501296238e+04
1.334070314257940481e+04
1.333492572326389200e+04
1.333416132939227464e+04
1.334433129623970672e+04
1.333434640360059893e+04
1.334315635230616135e+04
1.334163937268277914e+04
1.334079499966585718e+04
1.334295333162931274e+04
1.334352360937461708e+04
1.333761788332620745e+04
1.332641984850720837e+04
1.334517155370129331e+04
1.335184731087631735e+04
1.333658306465539681e+04
1.333421181677531604e+04
1.334016984636264351e+04
1.334875482891251704e+04
1.333669657734261091e+04
1.334101922146582547e+04
1.334100166852726579e+04
1.333028031443959298e+04
1.334207715186746645e+04
1.332912539003323036e+04
1.333319399773217447e+04
1.333286274953547763e+04
1.332812741997250305e+04
1.333479290994823714e+04
1.333566550181282037e+04
1.334540519670066533e+04
1.334346487588133095e+04
1.334125899010115245e+04
1.334378345669661940e+04
1.334153657470828875e+04
1.334498990101990603e+04
1.334470998211424740e+04
1.334257259392911874e+04
1.334787518302904209e+04
1.334761732363073497e+04
1.333630053090063120e+04
1.334620241249094943e+04
1.333861564111427288e+04
1.335317001682130285e+04
1.333855463659921952e+04
1.333769465004385165e+04
1.333410759588308611e+04
1.334840476630558987e+04
1.333154126363140676e+04
1.333794642294543883e+04
1.334805335115851813e+04
1.334749568933596311e+04
1.334823555153815869e+04
1.334631468580510409e+04
1.333369155013637464e+04
1.333154121570116695e+04
1.333876630553330688e+04
1.334328158853191962e+04
1.334520826051172480e+04
1.334629377650219976e+04
1.334632908446918555e+04
1.334017502441176293e+04
1.333353041018734075e+04
1.333087501149202581e+04
1.333854151987125624e+04
1.334406455342257686e+04
1.333931167136842669e+04
1.332747514963096546e+04
1.333677875123798913e+04
1.333213358031300595e+04
1.333887393641314156e+04
1.334255463885168865e+04
1.334722742479735462e+04
1.334720669933236240e+04
1.334618236584717852e+04
1.335259475750011188e+04
1.335758585783521448e+04
1.333496304269730535e+04
1.333579865589372639e+04
1.333646342997910688e+04
1.333764253519360500e+04
1.333511596258093232e+04
1.334079948928096019e+04
1.334146824643386753e+04
1.335173699028510237e+04
1.332495120761213911e+04
1.333604205417168669e+04
1.334967299430664207e+04
1.333620310990415055e+04
1.334227855091718084e+04
1.334999911520679962e+04
1.333954874221661521e+04
1.335051460625358413e+04
1.333314763390556618e+04
1.332985226730629438e+04
1.333547052255187918e+04
1.333820790141619545e+04
1.333570992356054376e+04
1.333777975010837326e+04
1.335903040214264001e+04
1.333730308654421606e+04
1.334618629979794423e+04
1.335366859099582143e+04
1.334285447399477926e+04
1.333925609069080747e+04
1.334554184613985854e+04
1.334383546662362824e+04
1.333189214461151278e+04
1.334881500646197492e+04
1.334224530727787533e+04
1.334552426563222252e+04
1.333519766788135348e+04
1.333665990558124940e+04
1.334896475695950176e+04
1.333905964208994737e+04
1.332724903392456872e+04
1.333533672306354492e+04
1.333413816713601773e+04
1.332661261943204045e+04
1.334006358436693881e+04
1.334443949504086049e+04
1.333575938723019499e+04
1.334081934815979730e+04
1.334251216574657337e+04
1.333605724593967352e+04
1.333128103613634084e+04
1.332874338856875875e+04
1.332967568799595210e+04
1.334192423028094890e+04
1.333406592859260854e+04
1.333442236551071437e+04
1.333429021774366811e+04
1.334359209078620552e+04
1.333152046099660947e+04
1.333705075395289532e+04
1.332812270347970480e+04
1.334060883631129036e+04
1.333835372644325435e+04
1.333737103039381327e+04
1.333962109915948531e+04
1.333939904841958378e+04
1.333442914966336139e+04
1.333544986271649941e+04
1.333143308880103177e+04
1.333818721425886542e+04
1.333835099047989752e+04
1.333373014597186193e+04
1.333488822486173194e+04
1.334156068293867429e+04
1.334252119643682090e+04
1.334089775882988579e+04
1.333891149546552333e+04
1.335219031544367681e+04
1.333964841262269147e+04
1.333748976201129335e+04
1.333692675149216120e+04
1.334220105954744577e+04
1.333545445168771585e+04
1.334464051911165916e+04
1.333117677923683368e+04
1.333169448781676510e+04
1.334150960246997965e+04
1.333276950722687252e+04
1.334688946922373725e+04
1.334431964878733379e+04
1.333835604981269535e+04
1.334316919470263019e+04
1.334142150313298589e+04
1.334020806349907434e+04
1.334469861528880028e+04
1.332968714860024920e+04
1.333693090569203741e+04
1.333683902482765916e+04
1.334133752530166930e+04
1.333647608744210083e+04
1.334223766377868924e+04
1.332614127589668169e+04
1.333743349739774385e+04
1.334279735139267723e+04
1.334341171265825687e+04
1.334710136783634334e+04
1.334028339129015512e+04
1.333564306261453203e+04
1.334875607491219671e+04
1.333680344251651877e+04
1.333552996226427058e+04
1.333855615573561226e+04
1.333429156980583139e+04
1.335604617080791286e+04
1.334182753777518701e+04
1.334311584724128988e+04
1.334241640264806483e+04
1.333659979988517625e+04
1.333272788114557443e+04
1.333249495728919283e+04
1.333960830080333108e+04
1.333946986481086242e+04
1.334486085114705747e+04
1.333455904764054685e+04
1.334462642897299884e+04
1.333781410582271201e+04
1.333623001663055948e+04
1.333841184327670817e+04
1.334592383949078976e+04
1.334259609727898169e+04
1.334721097122204628e+04
1.334025055532976694e+04
1.334600992181220499e+04
1.333431956394187910e+04
1.334243868485011080e+04
1.334716778837243328e+04
1.333554554967291006e+04
1.334261529324907860e+04
76x10 ens done