2.283963102262227039e+04
2.284589991051467223e+04
2.285664635595782238e+04
2.287286619733912084e+04
2.289414569304655379e+04
2.291955079146283970e+04
2.294893521000403780e+04
2.298178522461486136e+04
2.301734552119671935e+04
2.305654486106453987e+04
2.309880034658341538e+04
2.314178102206248514e+04
2.318814248329514521e+04
2.323238010438597848e+04
2.327813346653123153e+04
2.332716808416546337e+04
2.337621883086058369e+04
2.342520377262913098e+04
2.347383436222948876e+04
2.352261011720717215e+04
2.357300091093027004e+04
2.362151927437583072e+04
2.366931887221449142e+04
2.371707495729151560e+04
2.376519911144432626e+04
2.381163831122473130e+04
2.385940870814702066e+04
2.390622197323324144e+04
2.395136458753594343e+04
2.399502252001049419e+04
2.403861511724381489e+04
2.408156100357777541e+04
2.412429176203119641e+04
2.416605722077216342e+04
2.420927787554927636e+04
2.425088140730887972e+04
2.428945124410456265e+04
2.432904935875690353e+04
2.436693675561400596e+04
2.440676490031067806e+04
2.444450460733194268e+04
2.448301080203561651e+04
2.451919023614161051e+04
2.455411619870117647e+04
2.458889437419926617e+04
2.462220763947361411e+04
2.465537913705672327e+04
2.468797994850957912e+04
2.472068053755574874e+04
2.475308717300172066e+04
2.478322152491730594e+04
2.481237449671918148e+04
2.484062506022419620e+04
2.487092312836867859e+04
2.489985313542280346e+04
2.492692619608311725e+04
2.495498658547094965e+04
2.498431509165675743e+04
2.501125220011919737e+04
2.503917729513701852e+04
2.506273671204959101e+04
2.508965600152666229e+04
2.511343273109650545e+04
2.513718384608349515e+04
2.516278597326005547e+04
2.518715766237402568e+04
2.521205402745473839e+04
2.523534914707843564e+04
2.525860311307579832e+04
2.528041075870863642e+04
2.530295837842777473e+04
2.532546927926829812e+04
2.534662362294375271e+04
2.536667204464770839e+04
2.538915557067672489e+04
2.541001011406890393e+04
2.542984571793158466e+04
2.545122244880364451e+04
2.547185072926304201e+04
2.549195023103460699e+04
2.551221679798554032e+04
2.553159280878411664e+04
2.555214419465649917e+04
2.556795802581911994e+04
2.558728039782816995e+04
2.560595770159871972e+04
2.562801538852625890e+04
2.564561502727345578e+04
2.566706442219168093e+04
2.568405360600282438e+04
2.570091277049113341e+04
2.572030938216207142e+04
2.574102135524060577e+04
2.575916261225221751e+04
2.577600082835550347e+04
2.579415731060806502e+04
2.581330582002071969e+04
2.583055007072257285e+04
2.584778093462914694e+04
2.586446691555331563e+04
2.589961399266156513e+04
2.593442261422411684e+04
2.596901509643369718e+04
2.599966450681869173e+04
2.603104238982635434e+04
2.606307588875246074e+04
2.609705476828730752e+04
2.612865175478324818e+04
2.616001170200222623e+04
2.619201196643935691e+04
2.622112689359061551e+04
2.625087974159167061e+04
2.628192880449545191e+04
2.631099662184247427e+04
2.634046019676576907e+04
2.636653701336201993e+04
2.639434969652035943e+04
2.642420869941362616e+04
2.645147875994451169e+04
2.648029433460771907e+04
2.650854892362454848e+04
2.653572922011604533e+04
2.656566955643832625e+04
2.659122962842143170e+04
2.662005247702007182e+04
2.664632609830285219e+04
2.667162475226902825e+04
2.669581143735302976e+04
2.672174840370218590e+04
2.674845224069093092e+04
2.677472452517406418e+04
2.680039104667324864e+04
2.682743094959850350e+04
2.685259195831015677e+04
2.687581571235389129e+04
2.690141277893477309e+04
2.692724971423948227e+04
2.695272494146158715e+04
2.697772824621467225e+04
2.700066722979303813e+04
2.702545358625005974e+04
2.704480310207900038e+04
2.706856461261963341e+04
2.709081958305107401e+04
2.711703315493802074e+04
2.714145648851987789e+04
2.716559477537985731e+04
2.718738560253110336e+04
2.721257453195227936e+04
2.723703735790173232e+04
2.726706439988762213e+04
2.730089616631036552e+04
2.733702877411786903e+04
2.737050394023834087e+04
2.740615064457667177e+04
2.744255240083413446e+04
2.747344865367484454e+04
2.750606338318936832e+04
2.753905318580156018e+04
2.757009484309404070e+04
2.759953855561763339e+04
2.762930367744667456e+04
2.766116677734127006e+04
2.769182784381382953e+04
2.772174812896362710e+04
2.775179935440412009e+04
2.778245321864176003e+04
2.781590942196908509e+04
2.784670983605289803e+04
2.787835169946824681e+04
2.790729790579859400e+04
2.793403657512458449e+04
2.796303905101754208e+04
2.799074291984855881e+04
2.802052416916893708e+04
2.804977267947274231e+04
2.808058392396340787e+04
2.810871168378669972e+04
2.813941288994158822e+04
2.816686904575736116e+04
2.819621848564184256e+04
2.822411107326125784e+04
2.825172501430243938e+04
2.827939367768868033e+04
2.831437513425484576e+04
2.835106655884331849e+04
2.838923922879445672e+04
2.842550866376738850e+04
2.845834030533825353e+04
2.849479698055654080e+04
2.853014263892087183e+04
2.856783991098659317e+04
2.860344619604392938e+04
2.863691767180789248e+04
2.866969626014048845e+04
2.870311362969707989e+04
2.873703597082112901e+04
2.876746335798463406e+04
2.880320719793023090e+04
2.883559663454972178e+04
2.886871316416647824e+04
2.890305962345277294e+04
2.893256248717273411e+04
2.896541728166612666e+04
2.899533178563602996e+04
2.902608373428557024e+04
2.905720808594311529e+04
2.908932213333131585e+04
2.912022449287225390e+04
2.915897271392501352e+04
2.919912322216955363e+04
2.923411860400431033e+04
2.927337910481203289e+04
2.931128021539320252e+04
2.934855200367098587e+04
2.938320727303360400e+04
2.941923028237076505e+04
2.945514760825767735e+04
2.949295908507691638e+04
2.953020377319148974e+04
2.956339901647242004e+04
2.960062395421847032e+04
2.963575578908926764e+04
2.967052800483402098e+04
2.970253119035774580e+04
2.973275270975354215e+04
2.976866061194498252e+04
2.980183192938226421e+04
2.983520582700938758e+04
2.987014587995658439e+04
2.991007810739378692e+04
2.995061712865146546e+04
2.998734349195233517e+04
3.002323539355122193e+04
3.006016738225907102e+04
3.009915337352433562e+04
3.013399861159676584e+04
3.016994929580131429e+04
3.020681746490072328e+04
3.024063439878842109e+04
3.027634204654429777e+04
3.031096922803451889e+04
3.034738503079584916e+04
3.037897149478321808e+04
3.041472278981521595e+04
3.044870692302451425e+04
3.048194739648347240e+04
3.052196593520067836e+04
3.055830916004130631e+04
3.059671490244963206e+04
3.063321179705299437e+04
3.066749498242668051e+04
3.070368659404269420e+04
3.074147130089483471e+04
3.077678832022673669e+04
3.080964258855570733e+04
3.084136272389237274e+04
3.087562948657014931e+04
3.091202690293000342e+04
3.094300017786413082e+04
3.098349204115028260e+04
3.102181143401363079e+04
3.105822647618807969e+04
3.109065493197111937e+04
3.112635848384136989e+04
3.116143145809855196e+04
3.119461216608094765e+04
3.122681182969629663e+04
3.125956580681349442e+04
3.129311730317253387e+04
3.133003005099105576e+04
3.135891931076628316e+04
3.139131161557333326e+04
3.142643852792997131e+04
3.146364537923119497e+04
3.149945660560876058e+04
3.152777514009970400e+04
3.156254739394786156e+04
3.158936661818255379e+04
3.162428056342666241e+04
3.165781198414321989e+04
3.168791998301541753e+04
3.171815636820502186e+04
3.174415506384126638e+04
3.177676977530563818e+04
3.181112724194281691e+04
3.184405970662126492e+04
3.187146006514895271e+04
3.190241573967671138e+04
3.193344721428281264e+04
3.196518558438836408e+04
3.199530880408135999e+04
3.202355496931161542e+04
3.204896925016435853e+04
3.208076473292676383e+04
3.210462392716629620e+04
3.213586096011432528e+04
3.216448981004307643e+04
3.219167558298078802e+04
3.221648588185106928e+04
3.223880088475693628e+04
3.226574305387710046e+04
3.229050301044975640e+04
3.231552044693376229e+04
3.234367738754869060e+04
3.236876821947309145e+04
3.239314762368600350e+04
3.241553578746985659e+04
3.244240613115957967e+04
3.246384771719747005e+04
3.248470975296173492e+04
3.250731807960506194e+04
3.253181151022042104e+04
3.255215065588345897e+04
3.257232852487572382e+04
3.259521991206078746e+04
3.261452872574716093e+04
3.263821231705653554e+04
3.265820530964919817e+04
3.267715917040716158e+04
3.270092712005505382e+04
3.271713885871143793e+04
3.273848821864611455e+04
3.274966025162273581e+04
3.276701466564028306e+04
3.278403606810839119e+04
3.280171328896929481e+04
3.281973700048986939e+04
3.283684301968431828e+04
3.285351576399603800e+04
3.287155259836738696e+04
3.288530377347146714e+04
3.289786969194288395e+04
3.291249654527349048e+04
3.292614147743015928e+04
3.294467825797993282e+04
3.295615797111992288e+04
3.296681598554638913e+04
3.297633690843880322e+04
3.298943785839978955e+04
3.299976948937804264e+04
3.301387074917680729e+04
3.302310639381608780e+04
3.303626486283689155e+04
3.304531051018501603e+04
3.305678942986897164e+04
3.306610541685509816e+04
3.308009531699607032e+04
3.309126862648718816e+04
3.310116921189113054e+04
3.310840383516372094e+04
3.311697107708227850e+04
3.312514726798742049e+04
3.313580698104863404e+04
3.313713057036884857e+04
3.314858440003600845e+04
3.315280737321363995e+04
3.316188105655788240e+04
3.316733342985923809e+04
3.317667330444599793e+04
3.318054901319224882e+04
3.319203122021913441e+04
3.319519387973121775e+04
3.320140873165447556e+04
3.320771031447337737e+04
3.321414213147805276e+04
3.321890331341553247e+04
3.322364737613215402e+04
3.323376027067172981e+04
3.323440657720447052e+04
3.324204777552329324e+04
3.324976839160884265e+04
3.325034455289984908e+04
3.325449006400261715e+04
3.325886303137309733e+04
3.326116306406938384e+04
3.326820864962584892e+04
3.327174445160640607e+04
3.327549050335502398e+04
3.327858073129015975e+04
3.328191823984724033e+04
3.328500869398126815e+04
3.328687385460453515e+04
3.328336003634105145e+04
3.328742417538265727e+04
3.328985382177088468e+04
3.329383257255041099e+04
3.329397682901928056e+04
3.329753033907339704e+04
3.330268213258458127e+04
3.330218042500152660e+04
3.330406472295732237e+04
3.330566857947971585e+04
3.330531690943230205e+04
3.330777327608011547e+04
3.331068346406817000e+04
3.330925510656795814e+04
3.331477091443156678e+04
3.331081675974057725e+04
3.331443724872747407e+04
3.331544550304297445e+04
3.331955537625867873e+04
3.331777795123436954e+04
3.331945477331276197e+04
3.332120265314283461e+04
3.332628751949300204e+04
3.332251745199711149e+04
3.332264293203096895e+04
3.332672298406217305e+04
3.333186892426555278e+04
3.333057971853454364e+04
3.332557173373101978e+04
3.333115686031135556e+04
3.332826869729384634e+04
3.333127341414969123e+04
3.333001936934007972e+04
3.332977411971326364e+04
3.332955099763896578e+04
3.333044994698830124e+04
3.332632605235119991e+04
3.332552381025903742e+04
3.332690372630459751e+04
3.332954772887637228e+04
3.332816748963628925e+04
3.332633069999225700e+04
3.332878612271263410e+04
3.333194587527758995e+04
3.333042327558276156e+04
3.333506851362100861e+04
3.332896355639811372e+04
3.333246978058436071e+04
3.333331168476305902e+04
3.333443990937960916e+04
3.333135096232891374e+04
3.333345840374204272e+04
3.332988457163766725e+04
3.332701017324222630e+04
3.333312252690290188e+04
3.332900121225613839e+04
3.333177915592286445e+04
3.333126286589799565e+04
3.332940883810448577e+04
3.333250781076469138e+04
3.333741045827356720e+04
3.333324255248267582e+04
3.333594476427848713e+04
3.333735174531751545e+04
3.333561514327229088e+04
3.333584057426958316e+04
3.333276701266854070e+04
3.333435331464331830e+04
3.333937668215128360e+04
3.333541693194238906e+04
3.333693719901674194e+04
3.333556822856520012e+04
3.333797947185744124e+04
3.333106156873750297e+04
3.333142935809601477e+04
3.333313487160198565e+04
3.333658457190157787e+04
3.333655441683459503e+04
3.334036796578837675e+04
3.333947678313536744e+04
3.333214752663821855e+04
3.333416758589891833e+04
3.333327884362730401e+04
3.333345275458790275e+04
3.333049286935276905e+04
3.332874995125050191e+04
3.333475966854535363e+04
3.333637307811159553e+04
3.333543468442857557e+04
3.333368910919901100e+04
3.333503711716040561e+04
3.333485134261671192e+04
3.333802428289946693e+04
3.333435808624942001e+04
3.333166897819285077e+04
3.333092754785622674e+04
3.333399879039717780e+04
3.333483383278317342e+04
3.333803365569406014e+04
3.333524022820693790e+04
3.333737929532215639e+04
3.333689085037245241e+04
3.333448007053332549e+04
3.333524186224083678e+04
3.333806613045874838e+04
3.333991122838634328e+04
3.333397151458186272e+04
3.333128772327626939e+04
3.333587041882923950e+04
3.333328237409851863e+04
3.333578098697522364e+04
3.333571821998177620e+04
3.333604349683289183e+04
3.333442127172477194e+04
3.333358628068863618e+04
3.333593025876718457e+04
3.333125493606359669e+04
3.333546201965345244e+04
3.333365550037178764e+04
3.333481368274541455e+04
3.333556313188571949e+04
3.333343864536641922e+04
3.333350226936950639e+04
3.333070504963498388e+04
3.332962088086701988e+04
3.333692732358327339e+04
3.332869209220349876e+04
3.333080371568282862e+04
3.333001429627079779e+04
3.333440559681077866e+04
3.332908774090667430e+04
3.333433761988017068e+04
3.333392577558838093e+04
3.333151137554988236e+04
3.333405673582735471e+04
3.333664523539673974e+04
3.333465071526178508e+04
3.333807519596144994e+04
3.333527644784010045e+04
3.333404359803043917e+04
3.332992896061381907e+04
3.333142664344848890e+04
3.333847840806556633e+04
3.333836146077168814e+04
3.333535755000067729e+04
3.333349155074814189e+04
3.333641701248745812e+04
3.333542472214079316e+04
3.333531643101624650e+04
3.333543917250511004e+04
3.333348381024667469e+04
3.333447438442159182e+04
3.332811049881961662e+04
3.333597288272611331e+04
3.333227229587224429e+04
3.333654377999131248e+04
3.333406865734059102e+04
3.332817350342192367e+04
3.332834767792319326e+04
3.333297423958945001e+04
3.332978730489718873e+04
3.333107406494822499e+04
3.333437052155921992e+04
3.333845432784774312e+04
3.333367402453742397e+04
3.333408317635885760e+04
3.333305730256752577e+04
3.333192416051257169e+04
3.333361618069465476e+04
3.333452268963048846e+04
3.333106566869385279e+04
3.333205656308093603e+04
3.332858161464276054e+04
3.333427088605112658e+04
3.333301077685732162e+04
3.333320086494467250e+04
3.333448918295648764e+04
3.333891618934400321e+04
3.333888027675827470e+04
3.333567170860595797e+04
3.333490620095348277e+04
3.333967497720079700e+04
3.333116904036322376e+04
3.333491350309725385e+04
3.333523718463290425e+04
3.333128558665383025e+04
3.332800200036209571e+04
3.333033264259017596e+04
3.333260708014752890e+04
3.333602066042024671e+04
3.333548592456606275e+04
3.333550258956129983e+04
3.333306752871454228e+04
3.333877388325526408e+04
3.333173477148370148e+04
3.333261912706127623e+04
3.333419404199598648e+04
3.333593736326310318e+04
3.333546885486084648e+04
3.333447285689877754e+04
3.333570814238429739e+04
3.333311951043989393e+04
3.332895197128596192e+04
3.333323720703372237e+04
3.333349787665154145e+04
3.333548273128872825e+04
3.333579861973276275e+04
3.333846406699915678e+04
3.333694650638966414e+04
3.333356751533628994e+04
3.333347412178463128e+04
3.333471142219934700e+04
3.334216709907256154e+04
3.333390331716743094e+04
3.333537382887511194e+04
3.333495581125658646e+04
3.332735738460599532e+04
3.333565613706524891e+04
3.333835592868933600e+04
3.333411466755413130e+04
3.333179455038368178e+04
3.333143743199719029e+04
3.333633242979809438e+04
3.333190145643506548e+04
3.333036937033532740e+04
3.333325873942936596e+04
3.332946695989958243e+04
3.333607531945049413e+04
3.333457592520895560e+04
3.333385031402076129e+04
3.333423423551464657e+04
3.333620496953483962e+04
3.333216682386280445e+04
3.333015826912089688e+04
3.333603991143281746e+04
3.333075906614872656e+04
3.332879020651162136e+04
3.333278211600834766e+04
3.333641988356677030e+04
3.333164717983019364e+04
3.333403901648885949e+04
3.333255390729175997e+04
3.333107878408458782e+04
3.333371076237074158e+04
3.332878823999045562e+04
3.333223711076589825e+04
3.332922031365631847e+04
3.333429585002820386e+04
3.333880412498053192e+04
3.332951929406182171e+04
3.333687639375437720e+04
3.333790911856258754e+04
3.333641783880488947e+04
3.333621094644489494e+04
3.333499352386922692e+04
3.333685755301099562e+04
3.333705349400403065e+04
3.333703660483781277e+04
3.333172202571861999e+04
3.333450049032191600e+04
3.333526561770742410e+04
3.332897930976207863e+04
3.333308093879380613e+04
3.333277843258017674e+04
3.333078791963912226e+04
3.333313586626246979e+04
3.333086721895093069e+04
3.333040392250145669e+04
3.332871271084741602e+04
3.333494156065071729e+04
3.333351723121850955e+04
3.333426069108638330e+04
3.333197330191746005e+04
3.333134635503048776e+04
3.333389536975560623e+04
3.333265047607813176e+04
3.333665115868182329e+04
3.333247783038985654e+04
3.333384108122913312e+04
3.333840415053863398e+04
3.333382380056898546e+04
3.333193365006481326e+04
3.332994881038919993e+04
3.332985001426853705e+04
3.333111776558780548e+04
3.332647348257058184e+04
3.333339669163072540e+04
3.333770207912574551e+04
3.333490851697827748e+04
3.333334410843326623e+04
3.334143849037562904e+04
3.333493944967208517e+04
3.333439175001099647e+04
3.332896619443192321e+04
3.333290972467445681e+04
3.333337617024800420e+04
3.333156642287436989e+04
3.333273623660617159e+04
3.333649520895350724e+04
3.333564347126828943e+04
3.333314666135309380e+04
3.332791977121934906e+04
3.333576904163056315e+04
3.333271495595733722e+04
3.333748772091640421e+04
3.333278292391230207e+04
3.333693160669794452e+04
3.333308314265464287e+04
3.333506441777682630e+04
3.333505477492199861e+04
3.333356169157978002e+04
3.333235386866189219e+04
3.333642856962491351e+04
3.333052894688124798e+04
3.333433120420636260e+04
3.333847966382701270e+04
3.333077624716726859e+04
3.333758270620616531e+04
3.333254586326995923e+04
3.333029437497675826e+04
3.333653293257494079e+04
3.333210115942417178e+04
3.333444745693538425e+04
3.333658808957674046e+04
3.332960336943010043e+04
3.333123340216874203e+04
3.333426450790172385e+04
3.333509983605484740e+04
3.333532366385270143e+04
3.333427804132542224e+04
3.333306548979628133e+04
3.333465844168146577e+04
3.333345237809984974e+04
3.332725864537788584e+04
3.333077472029998899e+04
3.333256399381780648e+04
3.333267850313573581e+04
3.333309540946954075e+04
3.333604610457411036e+04
3.333018397014444054e+04
3.332940200542849925e+04
3.332963181593955960e+04
3.332924667252218205e+04
3.333547007249107992e+04
3.333464547746055905e+04
3.332985206338129501e+04
3.333858088015207613e+04
3.333651682254867774e+04
3.333421790548234276e+04
3.332827797178727633e+04
3.333651529657882202e+04
3.333240112358319311e+04
3.333533374608768645e+04
3.333048699374970602e+04
3.333182034640215716e+04
3.332979411687992251e+04
3.333265974772606569e+04
3.333229307888959738e+04
3.333076518061594106e+04
3.332733495460120321e+04
3.333403881810395978e+04
3.334059725387208164e+04
3.333621288597337116e+04
3.333033561192661728e+04
3.333173078666697256e+04
3.333122451765146980e+04
3.333563359188805043e+04
3.333715838714074198e+04
3.333134951181406359e+04
3.333193245250650216e+04
3.333442320003449277e+04
3.333719928316303412e+04
3.333469010432618961e+04
3.332893790404587344e+04
3.333666065500259720e+04
3.333095436854232685e+04
3.333847066661422286e+04
eta=0.5089380098815465;1065x10 ens done