4.425125917384787317e+04
4.425429369026094355e+04
4.426205666044502868e+04
4.427240051678418968e+04
4.428741177747529582e+04
4.430038889103518159e+04
4.432438294741297432e+04
4.434907996042168088e+04
4.437456698343935568e+04
4.440241031141569692e+04
4.442718846065288380e+04
4.445523596348178398e+04
4.447505209667743475e+04
4.451648067735338554e+04
4.454797064525831229e+04
4.458774946670216013e+04
4.463560578109166818e+04
4.466833985199683229e+04
4.469494546284805983e+04
4.473317201384250075e+04
4.477244348181058740e+04
4.481796506623941968e+04
4.486657375117618358e+04
4.490282840774942451e+04
4.494351223966679390e+04
4.499383064395190740e+04
4.502691614351008320e+04
4.506572833790572622e+04
4.511469260723394837e+04
4.515283132066541293e+04
4.519486959236322582e+04
4.523125182355255674e+04
4.526811566292682255e+04
4.530723992461762100e+04
4.535690506213752815e+04
4.540315262332877319e+04
4.543767859213768679e+04
4.547524363895732677e+04
4.551062686540721916e+04
4.555231919120415114e+04
4.559160892788003548e+04
4.562712259638866090e+04
4.565707930956353084e+04
4.570279078160657809e+04
4.573156235741268029e+04
4.577412757138512097e+04
4.580576658372338716e+04
4.582876841263677488e+04
4.587380054843180551e+04
4.591997030204087059e+04
4.595791902221299097e+04
4.597341725158185000e+04
4.599026495390953642e+04
4.601967537388406345e+04
4.604338079569470574e+04
4.608024721974152635e+04
4.611234106980736397e+04
4.615149645641067764e+04
4.617636074341743370e+04
4.620908966386445536e+04
4.623253044223006145e+04
4.625991649080799834e+04
4.628448336725682020e+04
4.631911722819433635e+04
4.633899346462133690e+04
4.634627850292310904e+04
4.638468340364337200e+04
4.640894016912656662e+04
4.643423565994596720e+04
4.644442126574258145e+04
4.646724303554791550e+04
4.649248798474446085e+04
4.651742109878434712e+04
4.653084442338958615e+04
4.655968285626566649e+04
4.659132402662514505e+04
4.660677147147156211e+04
4.662095094677421730e+04
4.663729532270314667e+04
4.665725884911345929e+04
4.668486985154664580e+04
4.670532177294597932e+04
4.671783795252730488e+04
4.673981242435637978e+04
4.676516131197992945e+04
4.677802583685819991e+04
4.680341178278720326e+04
4.681516545533786120e+04
4.683703639375804778e+04
4.686041666972883831e+04
4.688449500271079887e+04
4.690339474688165501e+04
4.693665687695949600e+04
4.694990773085175169e+04
4.697565187804574089e+04
4.698766172019983787e+04
4.700947089336410863e+04
4.703696864141077822e+04
4.705619316136163980e+04
4.708520588148447860e+04
4.710574090405742754e+04
4.714039047831361677e+04
4.716698243723103951e+04
4.721376946084578958e+04
4.726072669363079331e+04
4.728007417493274261e+04
4.731995646903325542e+04
4.733674810119935864e+04
4.737752726981594606e+04
4.739234203621234337e+04
4.741209959932841593e+04
4.745612462526949093e+04
4.748332383650052361e+04
4.752138979007859598e+04
4.757419099032584927e+04
4.760925930736254668e+04
4.766440320566928858e+04
4.768853726318333065e+04
4.772441186575184838e+04
4.772985001112258760e+04
4.778463988527521724e+04
4.781382219737231935e+04
4.782613982049284095e+04
4.784952694128720032e+04
4.788427248206336662e+04
4.792836589577607810e+04
4.793374045668891631e+04
4.796417590333371481e+04
4.797755424251779914e+04
4.802364822417958203e+04
4.805942552425444592e+04
4.808888862402964151e+04
4.809519282671280962e+04
4.812847498593528144e+04
4.816205787876846443e+04
4.818304745428045135e+04
4.820015165913046076e+04
4.823808167439739918e+04
4.827397713658863358e+04
4.831508132028543332e+04
4.833742554232883413e+04
4.836535230488416710e+04
4.838898054615550063e+04
4.841691314268021961e+04
4.844092663568338321e+04
4.845053761882909748e+04
4.847575999710834731e+04
4.849222815113591787e+04
4.851582330657231068e+04
4.855062225157284411e+04
4.855568056979385437e+04
4.858436209789474378e+04
4.861733120631920610e+04
4.865663943672770256e+04
4.868665450890731154e+04
4.874667610079474980e+04
4.878299108526186319e+04
4.880985996761854040e+04
4.884091448204041808e+04
4.886438796878693393e+04
4.887759941884990985e+04
4.893079503583195765e+04
4.895946838977754669e+04
4.897851590952572587e+04
4.901850977839429834e+04
4.905077341546190291e+04
4.907067114133694849e+04
4.909074386358438642e+04
4.912585915505457524e+04
4.915398370309030724e+04
4.917808881616933650e+04
4.920121570763779891e+04
4.922988263717364316e+04
4.924922173698272672e+04
4.927101394254226034e+04
4.930615356417057774e+04
4.934267642355402495e+04
4.937061104289798095e+04
4.938607550696458202e+04
4.941587447386314307e+04
4.943739232219119731e+04
4.943830266961613961e+04
4.947102226954807702e+04
4.951713465392965736e+04
4.956095067510368244e+04
4.960314532404992497e+04
4.962945805935277167e+04
4.964250388098594703e+04
4.966629179886646307e+04
4.969792720247752732e+04
4.973248886215082166e+04
4.975234167092363350e+04
4.979044321618443792e+04
4.980370199759287061e+04
4.982041296446106571e+04
4.988575875760179770e+04
4.990186539396263106e+04
4.991352848563523730e+04
4.994965441199027555e+04
4.997690475567539397e+04
5.000658689789008349e+04
5.001029605293634813e+04
5.003466256041493034e+04
5.006442574362953019e+04
5.008624766769746930e+04
5.009734345091020077e+04
5.011190411730151391e+04
5.012401056618488656e+04
5.016640108818790031e+04
5.017610173483328981e+04
5.022385829224475310e+04
5.023946621246068389e+04
5.027765327524163149e+04
5.029010859810351394e+04
5.034369532459294714e+04
5.034970753332064487e+04
5.035208735956743476e+04
5.039195202686789708e+04
5.041156556668477424e+04
5.045468584041255235e+04
5.046959915765786718e+04
5.050518769669390895e+04
5.052894039632401109e+04
5.055812265001708147e+04
5.056192682786915248e+04
5.059490729008827475e+04
5.061743436228644714e+04
5.064222612830543949e+04
5.066805134737854678e+04
5.069484770370551269e+04
5.072492859678300010e+04
5.074725626328321232e+04
5.077230493820030097e+04
5.079237316992751585e+04
5.081097882868153829e+04
5.084213678448827704e+04
5.087284454701960203e+04
5.087211286749970168e+04
5.089420108122364763e+04
5.092039834453433286e+04
5.093135897839456447e+04
5.094508356051886221e+04
5.095811136129566148e+04
5.098972724046307121e+04
5.102438963477629295e+04
5.102899019689642591e+04
5.107448772955107415e+04
5.109465786878468498e+04
5.111114360032243712e+04
5.110954286225391115e+04
5.114954341186236707e+04
5.118485769917080324e+04
5.117668027114678989e+04
5.120126706498578278e+04
5.122560444707045099e+04
5.124203829049928027e+04
5.128430032931314054e+04
5.129798986287197476e+04
5.132456055112929607e+04
5.135156964126788080e+04
5.136189054529231362e+04
5.139548788107184373e+04
5.139198578488139174e+04
5.139777547237422550e+04
5.142422715891234839e+04
5.145410070527216158e+04
5.146403856643535983e+04
5.147359542600114219e+04
5.145829833912777394e+04
5.150696183913005370e+04
5.153248049889363028e+04
5.154962967290667439e+04
5.157462879237315792e+04
5.159541603228271561e+04
5.160924686533174827e+04
5.164048325851922709e+04
5.165958053525917785e+04
5.166961612641188549e+04
5.166902616643369402e+04
5.168883132042780926e+04
5.171525162439997075e+04
5.173919303105392464e+04
5.177039480011678825e+04
5.177064459279202129e+04
5.179034542820226488e+04
5.180639041566879314e+04
5.180509872727751645e+04
5.182075562853848533e+04
5.182760923461765924e+04
5.184530770242230210e+04
5.186406488385515695e+04
5.188626336123198416e+04
5.187240568864726811e+04
5.188840696221851249e+04
5.189921362916509679e+04
5.189893202583919629e+04
5.190990850999804388e+04
5.194894879269585363e+04
5.196105322788237390e+04
5.198689601963941095e+04
5.197256859114594408e+04
5.196859232207215246e+04
5.201500985057753860e+04
5.203981220796945854e+04
5.206413768911436637e+04
5.206515534356395074e+04
5.208285225021218503e+04
5.209210334694089397e+04
5.213739490098084934e+04
5.213362149921077798e+04
5.213142039328065584e+04
5.213942379008522403e+04
5.215907234448476083e+04
5.218647252794250380e+04
5.220689902092951525e+04
5.222539795787328330e+04
5.225836188093171950e+04
5.225325571689091885e+04
5.226329074676599703e+04
5.226771913945605047e+04
5.229720996202974493e+04
5.230786919357375882e+04
5.231615311092921183e+04
5.234199156718214363e+04
5.235536359073580388e+04
5.235412077589357796e+04
5.236072660956397885e+04
5.236360449701813923e+04
5.239828134180096822e+04
5.241757788836428517e+04
5.241895961200797319e+04
5.244713090024877602e+04
5.245791532456753339e+04
5.245731034144308069e+04
5.246875551297808124e+04
5.248675713420766988e+04
5.249954096581373597e+04
5.250820577297164709e+04
5.253125244938300602e+04
5.253285854835298233e+04
5.258550241563802410e+04
5.260050193229754223e+04
5.260360611194143712e+04
5.259903850941096607e+04
5.259439326087675727e+04
5.259278579147392156e+04
5.261150415214741224e+04
5.262373822005900001e+04
5.265621852010933071e+04
5.266030756920665590e+04
5.265470379287640390e+04
5.270067901977128349e+04
5.268642256677799014e+04
5.270740952281386126e+04
5.271509649338921008e+04
5.271312384441377071e+04
5.274131592986317992e+04
5.272499302580278163e+04
5.276423537186061731e+04
5.277632749364173651e+04
5.279613013476824563e+04
5.277805964039429819e+04
5.279433234513941716e+04
5.283089288371567818e+04
5.287369410339938622e+04
5.284956943699839030e+04
5.283867843220908981e+04
5.284265780603093299e+04
5.286160809269081801e+04
5.285311419939398183e+04
5.286315849737216922e+04
5.286539858520596317e+04
5.288949646670507354e+04
5.291701304887096194e+04
5.291134633360785665e+04
5.290905379012000049e+04
5.292695035797377204e+04
5.294980564158703055e+04
5.294995001602432603e+04
5.296077606050639588e+04
5.298273471231826989e+04
5.297762299721630552e+04
5.299585417752343346e+04
5.302753520771936019e+04
5.300288480796275689e+04
5.301648852670454653e+04
5.299184651887659129e+04
5.303871323308673163e+04
5.304990591032808879e+04
5.304756127944080072e+04
5.307521137826584891e+04
5.307894013894513046e+04
5.306377302442660584e+04
5.306574999697442399e+04
5.306163099197408155e+04
5.308165336308688711e+04
5.309819961706857430e+04
5.310897118874941225e+04
5.311092015291434655e+04
5.314932096796998667e+04
5.312924721003702871e+04
5.311862369266018504e+04
5.315003001225260959e+04
5.317522005999529210e+04
5.313622964508298901e+04
5.315962790165511251e+04
5.316355722013713967e+04
5.318582219274221279e+04
5.316655722308088298e+04
5.316808699994572089e+04
5.316306276778615575e+04
5.319599914433059894e+04
5.322118494327114604e+04
5.323238280010783637e+04
5.322412930709587818e+04
5.322368512647621537e+04
5.322384584902536881e+04
5.321135581401158561e+04
5.323925248756467045e+04
5.323616529792146321e+04
5.325865740530812036e+04
5.325185722806066042e+04
5.326058292639662250e+04
5.322051073627930600e+04
5.323438107241152466e+04
5.324887390309810871e+04
5.324480501515908691e+04
5.324488930786100536e+04
5.323121631113914918e+04
5.326115050784292544e+04
5.322817878269581706e+04
5.326906152790164197e+04
5.325132679661456496e+04
5.322924616914260696e+04
5.327151292948591436e+04
5.326507666753156082e+04
5.326493486310441949e+04
5.329875885570330138e+04
5.327760780418662762e+04
5.327182167078971543e+04
5.324756555604655296e+04
5.325315094164546463e+04
5.324639931338484894e+04
5.326253659420917393e+04
5.325705958018566162e+04
5.327558527372810204e+04
5.326842259762557660e+04
5.327172002531181352e+04
5.326227830167351203e+04
5.327046986674447544e+04
5.329171918627143168e+04
5.328503279037711764e+04
5.327543662964000396e+04
5.329553432076569879e+04
5.329034698465492693e+04
5.333135302042199328e+04
5.330462625481029681e+04
5.329504555707469262e+04
5.328114315086516581e+04
5.327530535535308445e+04
5.329528815638494416e+04
5.329925633756038587e+04
5.328549442644930241e+04
5.329880474475094525e+04
5.331584351965553651e+04
5.331926675743466330e+04
5.330397276012292423e+04
5.326433862798835617e+04
5.327166434947488597e+04
5.330236937368266081e+04
5.328960476107759314e+04
5.330792323907086393e+04
5.330807274889285327e+04
5.330677493287002289e+04
5.329563995451986557e+04
5.333480186340591172e+04
5.334008113655381021e+04
5.333808169888338307e+04
5.329994770183566288e+04
5.330636484121248213e+04
5.329942276405268785e+04
5.328682282390516048e+04
5.329584932153480622e+04
5.327189965482273692e+04
5.331768585675025679e+04
5.331432630037304625e+04
5.331318398850772792e+04
5.331308490651780448e+04
5.332990868340166344e+04
5.331729446644649579e+04
5.334091775999005768e+04
5.333175368595984037e+04
5.334512949495302746e+04
5.332939025528420461e+04
5.331755622017681162e+04
5.332167772850575420e+04
5.332008985152930109e+04
5.333817536732113513e+04
5.333828378006435378e+04
5.333829968245889177e+04
5.334603932104053820e+04
5.333032125184535835e+04
5.336074409456789726e+04
5.333144168042502133e+04
5.331694907669690292e+04
5.330153909937279241e+04
5.331547251475951634e+04
5.331540959880979790e+04
5.332903533088992845e+04
5.330011276258114958e+04
5.331268058528772235e+04
5.329512944140026957e+04
5.330900191935903422e+04
5.332425756434081268e+04
5.332946371403695230e+04
5.335271081117988069e+04
5.334592373186413897e+04
5.335241800339195470e+04
5.333584203839184192e+04
5.334365065046227392e+04
5.335047769703462836e+04
5.335515688541456620e+04
5.333431685363223369e+04
5.333955484133944265e+04
5.333333467727120296e+04
5.331010613354468660e+04
5.333997003582884645e+04
5.332886209017330839e+04
5.332060133510422747e+04
5.332688267366517539e+04
5.329605903811829194e+04
5.331776539894249436e+04
5.333343371207842574e+04
5.331639365352135064e+04
5.332833904019201145e+04
5.332412308679039415e+04
5.330725797038536984e+04
5.333384251109090110e+04
5.329814201735237293e+04
5.329329869041952770e+04
5.331910359308760962e+04
5.330272385618791304e+04
5.330893495226081723e+04
5.329704001311977481e+04
5.330534555200757313e+04
5.331950887793804577e+04
5.335655863260196202e+04
5.336286803014477482e+04
5.331912338156442274e+04
5.335624008146663982e+04
5.334869193307321984e+04
5.333371820468181977e+04
5.330652258726165019e+04
5.332209981486489414e+04
5.332289261253214499e+04
5.335868737545668409e+04
5.335576506610256911e+04
5.336916367656662624e+04
5.336526709611489787e+04
5.336251900337995903e+04
5.334402231679028046e+04
5.334620132297554665e+04
5.335283074954999756e+04
5.330689566377935989e+04
5.330996965986326541e+04
5.332227479899756872e+04
5.326018267960320372e+04
5.326274858842233516e+04
5.329382900192536181e+04
5.327242890435722074e+04
5.327412413043829292e+04
5.329982185537786427e+04
5.329509515790561272e+04
5.331261236467522394e+04
5.336139189253626682e+04
5.334177872098714579e+04
5.335964001630882558e+04
5.334577925479239639e+04
5.331209478935414518e+04
5.336791405720965849e+04
5.333615797575049510e+04
5.335272980557027768e+04
5.331807149323663907e+04
5.333165898704329447e+04
5.333473655411191430e+04
5.333099661741108139e+04
5.335517264114230056e+04
5.335634190260023752e+04
5.338063318321999395e+04
5.337678750954398129e+04
5.333181449860040448e+04
5.332092034138279996e+04
5.333596267607889604e+04
5.330772625603505730e+04
5.331032851885764103e+04
5.332400787022201257e+04
5.332563545210028678e+04
5.333160674059881421e+04
5.333219505796519661e+04
5.330317048323518247e+04
5.328672690919700108e+04
5.334061411451282765e+04
5.332246300188482564e+04
5.329625148198681563e+04
5.337899560295569972e+04
5.334965514415065263e+04
5.330981363167223026e+04
5.333323370837555558e+04
5.332688306116493914e+04
5.335252063685601752e+04
5.332339614126700326e+04
5.335388707734964555e+04
5.335615744850895862e+04
5.336765520366725832e+04
5.337535733430412802e+04
5.335212200823859166e+04
5.335374335373515351e+04
5.334591438210386696e+04
5.336139841098767647e+04
5.337858536594137695e+04
5.334126581129137776e+04
5.333121197446545557e+04
5.332039891418662592e+04
5.334084215961324662e+04
5.335370809887071664e+04
5.332071103621410293e+04
5.327219183873883594e+04
5.333132876890113403e+04
5.331531755455344683e+04
5.333162405884576583e+04
5.330906867012628209e+04
5.331876682656877529e+04
5.330196792451707734e+04
5.329613885907330405e+04
5.330498835719541967e+04
5.331382835873136355e+04
5.330520253112657520e+04
5.333398746353600291e+04
5.333286844748663862e+04
5.335516795960152376e+04
5.332033901683715521e+04
5.331857606494156789e+04
5.334017596700957802e+04
5.334201282073491893e+04
5.334642184214415465e+04
5.334721380586682062e+04
5.334042587089402514e+04
5.333636356881331449e+04
5.333025731345426175e+04
5.330724628451299941e+04
5.333846397430272191e+04
5.335064853028268408e+04
5.330238129421390477e+04
5.329647125357990444e+04
5.330950833420392883e+04
5.334728719771674514e+04
5.331849729200275760e+04
5.328562678771417995e+04
5.327703924288020789e+04
5.330750117546674301e+04
5.332045750277717889e+04
5.334864524643673212e+04
5.336173691037757089e+04
5.333700354301788320e+04
5.330411076882493217e+04
5.331909874525124906e+04
5.331036409836657549e+04
5.332063866782890545e+04
5.335885301457453170e+04
5.334746783094883722e+04
5.332947507779348234e+04
5.330809983034868492e+04
5.329003099514591304e+04
5.333476684178895084e+04
5.332937745470689697e+04
5.334431418548837974e+04
5.330593457611288613e+04
5.331412424140003714e+04
5.331610000530770776e+04
5.331176990977358219e+04
5.329338795689384278e+04
5.335795275666211819e+04
5.334296308183943620e+04
5.333311297810110409e+04
5.333570863651350373e+04
5.334812734378163441e+04
5.334493149793568591e+04
5.334562650950276293e+04
5.333749528952611581e+04
5.333764942724050343e+04
5.333699324770642852e+04
5.334371353017800720e+04
5.333375880842819606e+04
5.333816095864187810e+04
5.333476795812338241e+04
5.333598715009363514e+04
5.329488786968464410e+04
5.330431529241146200e+04
5.330704559629227879e+04
5.329240818119554024e+04
5.330160039558439894e+04
5.332176074409400462e+04
5.333500668466167554e+04
5.331907101806227729e+04
5.332988445398737531e+04
5.331477796988396585e+04
5.329682274173801125e+04
5.337542458476941829e+04
5.333418515111706802e+04
5.333936205882451759e+04
5.335460190417846752e+04
5.330818575695581967e+04
5.331235439789128577e+04
5.331650372226993932e+04
5.334269558506158501e+04
5.332519629341804102e+04
5.333642676317060977e+04
5.329707862176080380e+04
5.334747285322553944e+04
5.335368392152357410e+04
5.332064316379133379e+04
5.334458238205590169e+04
5.332981695155541092e+04
5.332923025777522707e+04
5.338714719929551211e+04
5.335101082949167903e+04
5.331000068579123763e+04
5.333974200491084048e+04
5.332192595025366609e+04
5.335658399892516900e+04
5.336516817749582697e+04
5.334796424496927648e+04
5.335959838748977199e+04
5.333187735718573094e+04
5.330986234862560377e+04
5.332981612569743447e+04
5.330970080189274449e+04
5.333198926125078287e+04
5.334873036190449056e+04
5.337325066674802656e+04
5.328738859836137999e+04
5.335997028209194104e+04
5.333193333384471043e+04
5.332662978655233746e+04
5.331092863091921026e+04
5.332866953768251551e+04
5.334411415363669948e+04
5.332087537248215813e+04
5.333451765993201116e+04
5.327838815558063652e+04
5.332656629744072416e+04
5.337112833751816652e+04
5.331991131581124500e+04
5.334986669406716101e+04
5.329154510098359606e+04
5.331201548546441336e+04
5.330163312313349888e+04
5.326268104622945975e+04
5.332674996496664971e+04
5.334056509700913739e+04
19x10 ens done