6.635178729236181243e+04
6.635554676395234128e+04
6.636540000745261204e+04
6.637974264645914081e+04
6.639856010762706865e+04
6.641412168051676417e+04
6.643818919060319604e+04
6.646541251892707078e+04
6.650033019405479718e+04
6.653596413639007369e+04
6.656846425488828390e+04
6.660531612806096382e+04
6.664370934610602853e+04
6.667599860438985343e+04
6.672729818813376187e+04
6.676214811720658327e+04
6.680220103766728425e+04
6.684073234869315638e+04
6.688024139726279827e+04
6.693584925009594008e+04
6.698642590404419752e+04
6.702870765089201450e+04
6.710002534019177256e+04
6.715849393171233532e+04
6.718950569133592944e+04
6.722554310252277355e+04
6.727539628490131872e+04
6.733447212263767142e+04
6.740087103206325264e+04
6.745692398333850724e+04
6.750582690827966144e+04
6.756903552609293547e+04
6.761198828402295476e+04
6.764953552358153684e+04
6.770486340236086107e+04
6.775527882912861241e+04
6.779874669374090445e+04
6.784294352040749800e+04
6.788861910250609799e+04
6.792400949949932692e+04
6.796025153865051107e+04
6.801303095415570715e+04
6.804128507168649230e+04
6.807121533786466171e+04
6.813071212847238348e+04
6.815868671488277323e+04
6.820248129964695545e+04
6.824554593638562073e+04
6.826050292178201198e+04
6.833320741328991426e+04
6.835782271244043659e+04
6.839876305589509138e+04
6.843401206678130256e+04
6.848236127362279512e+04
6.852916947870048170e+04
6.854409096051023516e+04
6.857788949656771729e+04
6.861072797074289701e+04
6.864741808957763715e+04
6.869075011963190627e+04
6.871929171397298342e+04
6.874320227749398327e+04
6.877170228513986513e+04
6.879594291240647726e+04
6.881893551002342429e+04
6.884901562800427200e+04
6.888295238205867645e+04
6.891413950389005186e+04
6.894529154448363988e+04
6.896470613174705068e+04
6.900352375306084286e+04
6.902310999525898660e+04
6.903583711115038022e+04
6.907054011556223850e+04
6.909926767203558120e+04
6.914379141352871375e+04
6.916700713426656148e+04
6.918936694485337648e+04
6.922593463912622246e+04
6.925422034841396089e+04
6.928129419557527581e+04
6.932280442376680730e+04
6.935040044905220566e+04
6.938003858493787993e+04
6.939957869588209724e+04
6.940240986300514487e+04
6.942787613612391578e+04
6.944772111223168031e+04
6.948363252911079326e+04
6.950125805163140467e+04
6.952058924970283988e+04
6.954344390048108471e+04
6.954227521476973197e+04
6.959431021356904239e+04
6.964389437781057495e+04
6.965557403298431018e+04
6.968435273382451851e+04
6.969617700273440278e+04
6.971201608103043691e+04
6.973268477246652765e+04
6.979453267428877007e+04
6.985538034415128641e+04
6.989865893940733804e+04
6.994160234333244443e+04
6.997701075049432984e+04
7.004148912265105173e+04
7.006107338265808357e+04
7.009609735398915655e+04
7.014537989150320936e+04
7.017355481840291759e+04
7.021670334422810993e+04
7.026944255632707791e+04
7.028805450367831509e+04
7.031509770597259921e+04
7.038552788079030870e+04
7.042007607917819405e+04
7.045366416238962847e+04
7.048225219183140143e+04
7.053693191958325042e+04
7.054272501260203717e+04
7.058659357909864048e+04
7.062626016883920238e+04
7.068106592077774985e+04
7.070191602677763149e+04
7.074034089156742266e+04
7.077933502176323964e+04
7.080820834471589478e+04
7.084382142968989501e+04
7.087339460127284110e+04
7.090212395941655268e+04
7.094532030927688174e+04
7.098352868984846282e+04
7.101168459623887611e+04
7.106375300395263184e+04
7.108640042869673925e+04
7.113874379950818548e+04
7.115993358874953992e+04
7.116919646247260971e+04
7.120210607178366627e+04
7.124646717211573559e+04
7.129537815808545565e+04
7.133013409226319345e+04
7.134198893953372317e+04
7.137051281988054689e+04
7.140542555256733613e+04
7.142965448691057099e+04
7.147079692822038487e+04
7.149806466610427015e+04
7.154247127826783981e+04
7.157313331428817764e+04
7.161977266248181695e+04
7.167647673795746232e+04
7.170431610824259405e+04
7.176229445900754945e+04
7.181518521896417951e+04
7.182616430988514912e+04
7.185568290805051220e+04
7.191383585678652162e+04
7.193725998721642827e+04
7.195911562503916502e+04
7.202465387662773719e+04
7.204310494641937839e+04
7.210018988932234060e+04
7.214768414123517869e+04
7.216996389289169747e+04
7.223386275324999588e+04
7.229563299477289547e+04
7.234290643908758648e+04
7.238343277133203810e+04
7.241567858122759208e+04
7.246773285534136812e+04
7.252254145132757549e+04
7.256544413965487911e+04
7.260472661777934991e+04
7.258979770403650764e+04
7.265651930665077816e+04
7.270464412072872801e+04
7.274354141146676557e+04
7.278629390314716147e+04
7.282805115492203913e+04
7.283434191522284527e+04
7.287181313333919388e+04
7.291375476989998424e+04
7.294345214932569070e+04
7.299071711720037274e+04
7.303798270999705710e+04
7.305984734188501898e+04
7.313195115257264115e+04
7.316651278926202212e+04
7.319979596161939844e+04
7.323504964082465449e+04
7.328084179074416170e+04
7.332091939943227044e+04
7.335324600211191864e+04
7.339035321485986060e+04
7.341513761337916367e+04
7.342588527896649612e+04
7.350110793689868296e+04
7.354026845400946331e+04
7.360556193606751913e+04
7.362146162485830428e+04
7.369415437656866561e+04
7.372524342323614110e+04
7.376397357605258003e+04
7.380071246415958740e+04
7.381745285128655087e+04
7.387342187365263817e+04
7.393716786901825981e+04
7.392712946076573280e+04
7.400248698691229220e+04
7.405155039681357448e+04
7.407590538421057863e+04
7.410368720578316425e+04
7.416511170531222888e+04
7.420117374223872321e+04
7.424792606411088491e+04
7.428927728091999597e+04
7.433399697980018391e+04
7.437405027910751232e+04
7.441263097471125366e+04
7.440902167540330265e+04
7.447225038408653927e+04
7.449433930175997375e+04
7.453041834828055289e+04
7.455457909240091976e+04
7.458357899855895084e+04
7.466063879367425398e+04
7.463749301089362416e+04
7.469918565194062830e+04
7.470799459145944274e+04
7.476839060447771044e+04
7.482345544424226682e+04
7.485622271370481758e+04
7.487596897688029276e+04
7.491788227284663299e+04
7.496104116474076000e+04
7.498945178392373782e+04
7.503155632929044077e+04
7.504722020385866927e+04
7.507033264837945171e+04
7.514809157540203887e+04
7.516912562276632525e+04
7.518970501553184295e+04
7.523584648673207266e+04
7.526689942632526800e+04
7.527211738529441936e+04
7.534999809392327734e+04
7.533902529842031072e+04
7.538536057445569895e+04
7.542723987955863413e+04
7.546490204909676686e+04
7.549166354104380298e+04
7.557742840651502775e+04
7.559440913053655822e+04
7.563981925898011832e+04
7.566268569678213680e+04
7.568552470048163377e+04
7.571266687069846375e+04
7.571923575342392724e+04
7.578057643808711146e+04
7.581079993624234339e+04
7.585151307897039806e+04
7.590245759624325729e+04
7.594194016460955027e+04
7.596330919613833248e+04
7.597440284282967332e+04
7.602086892857607745e+04
7.606125318866061571e+04
7.611289963286607235e+04
7.611963563419345883e+04
7.616365251724519476e+04
7.617919351613984327e+04
7.621194260565952573e+04
7.626859093652227602e+04
7.627752129600080661e+04
7.630222693760179391e+04
7.631505648211695370e+04
7.635668320850488089e+04
7.639099979887697555e+04
7.643706948158224986e+04
7.647681627407186897e+04
7.646905656261157128e+04
7.649269527914545324e+04
7.652625091498257825e+04
7.655318945804530813e+04
7.660238333771949692e+04
7.661407851856817433e+04
7.667945367951360822e+04
7.669596671097057697e+04
7.675672124381436151e+04
7.676453792441282712e+04
7.680928600605057727e+04
7.678985425977641717e+04
7.683412487318656349e+04
7.685698181367725192e+04
7.686650893332756823e+04
7.689012405435041001e+04
7.692467227443188312e+04
7.697987426826536830e+04
7.700888648606017523e+04
7.703349333822027256e+04
7.704511751886272395e+04
7.703591915338549006e+04
7.707956701221458206e+04
7.706132149553230556e+04
7.709487222493869194e+04
7.708788943791649945e+04
7.714524629913839453e+04
7.718406532498441811e+04
7.724425002573008533e+04
7.726167810248254682e+04
7.725388663371425355e+04
7.732161182549345540e+04
7.737256039142323425e+04
7.739630391983172740e+04
7.746465751806613116e+04
7.746157234713173239e+04
7.746501749548652151e+04
7.749538466714600509e+04
7.753817085162505100e+04
7.753240247083488794e+04
7.754651173421852582e+04
7.756163711481943028e+04
7.759540947017517465e+04
7.762689135429629823e+04
7.765681304518798424e+04
7.766535631155902229e+04
7.771814604290176067e+04
7.777087020344517077e+04
7.779705540226469748e+04
7.775713940620505309e+04
7.782005290940988925e+04
7.782055055919666484e+04
7.785664049660107412e+04
7.786981227356092131e+04
7.790210077351417567e+04
7.792098131350305630e+04
7.795414237578712346e+04
7.798298492608252855e+04
7.800178873142895463e+04
7.805909995613193314e+04
7.806293732150430151e+04
7.806483968334908423e+04
7.811824799357802840e+04
7.813523499389294011e+04
7.813602876126147748e+04
7.811843729709627223e+04
7.816884726597953704e+04
7.818751834814535687e+04
7.823193683645130659e+04
7.819646056849457091e+04
7.825037902062678768e+04
7.829909085109156149e+04
7.832275114083373046e+04
7.832190930037661747e+04
7.833012718779141142e+04
7.834496505408988742e+04
7.839514890535628365e+04
7.841126827944720571e+04
7.844890870252605237e+04
7.845667021382041276e+04
7.848731493387042428e+04
7.849664417900551052e+04
7.856746693196105480e+04
7.853696948864469596e+04
7.854261819061709684e+04
7.854573811617730826e+04
7.855964365914902010e+04
7.860320327893695503e+04
7.862622393698328233e+04
7.864770572932965297e+04
7.867512817998077662e+04
7.870953244091953093e+04
7.869572902547814010e+04
7.868783907549006108e+04
7.870425922199244087e+04
7.876223826438367541e+04
7.875005762056646927e+04
7.878111393953132210e+04
7.878264939773635706e+04
7.882061544827358739e+04
7.889121289868676104e+04
7.889167444016854279e+04
7.893800319327155012e+04
7.889252159788260178e+04
7.891341542569900048e+04
7.891181201233995671e+04
7.893246171555618639e+04
7.895004685104504460e+04
7.898530014430527808e+04
7.899887443457635527e+04
7.899835571765087661e+04
7.901874389138659171e+04
7.905897449024474190e+04
7.909358166969796002e+04
7.911469240943006298e+04
7.910281736333394656e+04
7.911346032813658530e+04
7.917418067395909748e+04
7.920417385591253696e+04
7.922216385906882351e+04
7.923889254719830933e+04
7.924642764881941548e+04
7.926217041210949537e+04
7.927244864696126024e+04
7.927790979506164149e+04
7.931815800108673284e+04
7.934069627421080077e+04
7.936007899995188927e+04
7.938996703263653035e+04
7.937745669662673026e+04
7.942272124392482510e+04
7.945283671888957906e+04
7.946021271143241029e+04
7.940649838074030413e+04
7.942934485500308801e+04
7.945243251398327993e+04
7.943022763500652218e+04
7.944365439980871452e+04
7.946120398183794168e+04
7.949945481953311537e+04
7.949690271189260238e+04
7.948450297250990116e+04
7.954020864673334290e+04
7.957292846365671721e+04
7.954503697825416748e+04
7.957920668407343328e+04
7.958318142190518847e+04
7.961763383949278796e+04
7.962726277725066757e+04
7.960841980902118667e+04
7.960203008847315505e+04
7.963119654488474771e+04
7.958724952020094497e+04
7.967592823386119562e+04
7.967495915818387584e+04
7.968544082667499606e+04
7.966903107465301582e+04
7.969162918209022610e+04
7.966947861149604432e+04
7.968210430299042491e+04
7.968512603699445026e+04
7.972278817214826995e+04
7.973528979873294884e+04
7.977958172399547766e+04
7.979744905790075427e+04
7.980736601148314367e+04
7.978797661948228779e+04
7.976696232039525057e+04
7.975092874939068861e+04
7.981369331111965585e+04
7.980800081760896137e+04
7.980434562279444071e+04
7.981872462265758077e+04
7.980457496918557445e+04
7.980928908996476093e+04
7.984794059632734570e+04
7.981224004035817052e+04
7.984627910198710742e+04
7.982661873107102292e+04
7.984249414420174435e+04
7.988775977202577633e+04
7.984329864031718171e+04
7.986336770437985251e+04
7.986966364165146661e+04
7.986904684500748408e+04
7.988219319610057573e+04
7.987564535320804862e+04
7.988486672909579647e+04
7.989415822148576262e+04
7.990414678315044148e+04
7.989901081692507432e+04
7.986909268420129956e+04
7.986923093434024486e+04
7.993417255810438655e+04
7.993707500321998668e+04
7.991604589092436072e+04
7.991688915945535700e+04
7.993751601837777707e+04
7.991999412315996597e+04
7.995473003428416268e+04
7.994862651166638534e+04
7.997090971210430143e+04
7.996580128724883252e+04
7.996738034140605305e+04
7.998833016236376716e+04
7.997404609420083580e+04
7.997892773349756317e+04
8.000117149270413211e+04
7.997109171741289902e+04
7.998735426115068549e+04
8.001292650399387639e+04
7.999088960696347931e+04
7.999379700684125419e+04
7.999955065001540061e+04
7.998163158984955226e+04
8.006919641897035763e+04
8.002292671936297847e+04
7.998707307634739846e+04
7.997441246756051260e+04
7.997069607216044096e+04
8.001341834239639866e+04
8.002632953608359094e+04
7.997083792877027008e+04
7.998134830674299155e+04
8.001121529457358702e+04
7.995497081674190122e+04
7.998033167868906457e+04
7.993436127857134852e+04
7.999998752536581014e+04
7.996094924978706695e+04
7.993369867742617498e+04
7.995849421018152498e+04
7.995146795518048748e+04
7.995388553582380700e+04
7.997903794526743877e+04
7.994786725611404108e+04
7.995829024578670214e+04
8.001332500747780432e+04
7.999351083086487779e+04
7.996956574502430158e+04
8.001098259054588561e+04
8.003938355035756831e+04
8.001176992523904482e+04
8.001666764226349187e+04
8.003958270326394995e+04
8.002551319117205276e+04
8.000893352947218227e+04
8.000713814500356966e+04
7.998659738333815767e+04
8.003699404452355520e+04
8.004365888586689834e+04
8.007111917310810531e+04
8.001381542871895363e+04
8.003260246091776935e+04
8.006218247325833363e+04
8.004347956496503321e+04
8.006690877854217251e+04
8.005309906994277844e+04
7.999177092828793684e+04
7.999189813386638707e+04
7.999211028632361558e+04
8.000703276020016347e+04
7.998810337355239608e+04
7.998127029181060789e+04
7.992102574202501273e+04
7.995145932649921451e+04
7.999076065873996413e+04
8.003573333290456503e+04
8.001340214788330195e+04
7.999866727112584340e+04
7.999738815481743950e+04
8.002089644803931878e+04
7.997588203880678338e+04
8.005892558378547255e+04
8.002949876342072093e+04
7.999943789433025813e+04
8.003078352836221165e+04
8.003466394688260334e+04
7.999601493440753256e+04
8.000357527689413109e+04
7.997325144027757051e+04
8.002409746219990484e+04
8.001395349842576252e+04
8.000869049006578280e+04
8.002682209310856706e+04
7.998900899012964510e+04
7.999736687845506822e+04
7.997576832216186449e+04
8.002474747467403358e+04
8.001650888489742647e+04
7.998460905128862942e+04
7.998395302839217766e+04
8.001543987063645909e+04
8.001072337618550227e+04
8.000562604746907891e+04
8.003655150448721542e+04
8.000834143644683354e+04
8.003147881292570673e+04
8.003053319256020768e+04
7.999777375465202203e+04
8.002938998256910418e+04
8.003105097724897496e+04
8.004979966204101220e+04
8.000184591691268724e+04
7.998991607533335628e+04
8.005813801951237838e+04
7.999378058089742262e+04
7.998145196238979406e+04
7.997393682916158286e+04
7.994133231413879548e+04
7.996823978193735820e+04
7.994880243868114485e+04
7.997860870883065218e+04
7.996368989137037715e+04
7.998529744115604262e+04
7.997731899231013085e+04
7.995687857475757482e+04
7.996277343665239459e+04
8.001117349383930559e+04
7.998227025677579513e+04
8.000560601167072309e+04
8.001311792961005995e+04
7.998253372801141813e+04
7.995395502896826656e+04
7.995758545818453422e+04
7.995989818479774112e+04
7.998962822261100519e+04
7.997273514888818318e+04
8.001104896944269422e+04
7.998265089044587512e+04
7.997422249896112771e+04
7.993460980846913299e+04
7.999070878098117828e+04
7.996892630691688100e+04
7.999146724675841688e+04
7.999057315884626587e+04
8.000342549608575064e+04
7.998136358034530713e+04
7.999247555417538388e+04
7.993212302563276899e+04
7.992021659584132431e+04
7.991775395094399573e+04
8.001036270707097719e+04
8.000163467321569624e+04
7.996205915931462368e+04
7.997106002547664684e+04
7.995059587307090987e+04
7.993702029584940465e+04
7.994295489259574970e+04
7.995429371351526061e+04
7.994580472791798820e+04
7.997302607184836234e+04
7.999512423907777702e+04
7.993731275185293634e+04
7.998617185783827154e+04
7.999148116027536162e+04
7.998377665932761738e+04
8.001665197029248520e+04
8.001757282811689947e+04
8.000342060449246492e+04
7.999951647275479627e+04
7.994940392447366321e+04
8.001213073261144746e+04
8.001914958398380259e+04
7.999308192739050719e+04
7.996956811537820613e+04
7.997185655783572292e+04
7.996389448258270568e+04
7.999078902291000122e+04
7.998065684246078308e+04
7.997149304620466137e+04
7.994091845544039097e+04
7.997767363145556010e+04
7.995194744828941475e+04
7.998815903281843930e+04
7.996974161082389764e+04
8.000579539855937765e+04
8.007092874801738071e+04
8.004195299324209918e+04
8.006823765016440302e+04
7.998760599825179088e+04
8.002031924427783815e+04
8.002651642334256030e+04
7.999191374681744492e+04
7.997206868323827803e+04
7.999387319689756259e+04
7.997094056695610925e+04
7.995118091484591423e+04
8.001179339125110710e+04
8.002319070541950350e+04
7.997450469222631364e+04
7.999749452600488439e+04
7.997790378655526729e+04
8.000433732257560769e+04
7.994884492472848797e+04
7.999544937307480723e+04
7.999204070898522332e+04
7.999306833830634423e+04
7.996480838837182091e+04
7.998818058602964447e+04
8.002677892639146012e+04
7.997939856514825078e+04
8.002457254411927715e+04
7.994484004023650778e+04
8.001076156701073342e+04
7.996436689541222586e+04
7.995876763119711541e+04
7.999286198203015374e+04
7.995771269417501753e+04
7.997080118571063213e+04
8.002421419524114754e+04
8.001335368164675310e+04
8.000932532632314542e+04
7.996790317415156460e+04
7.997610012272562017e+04
8.001835004181241675e+04
7.995013591509747494e+04
7.997472844947861449e+04
7.994361364099202910e+04
7.998065193777192326e+04
7.998175286404353392e+04
7.999725376941786089e+04
7.999987740470377321e+04
7.992716419229576422e+04
7.993320613673604385e+04
7.998758410362723225e+04
7.996083101104153320e+04
7.999709005952512962e+04
7.997352296970090538e+04
8.004369320825590694e+04
8.008478059660832514e+04
8.005502905715302040e+04
8.010783923520766257e+04
8.002704964604270936e+04
8.000112310667595011e+04
8.001513169711573573e+04
7.999838569992390694e+04
7.997534917656202742e+04
8.005927507700571732e+04
8.001542831908616063e+04
7.999421085071181005e+04
7.998438473088397586e+04
8.003331479034420045e+04
7.996765143546371837e+04
7.992380142556603823e+04
7.998579623214881576e+04
7.997380620813666610e+04
7.996153117268811911e+04
7.999086674500424124e+04
7.997828147298193653e+04
7.996185694162097934e+04
7.997838468746691069e+04
7.998955124232317030e+04
8.001470638574613258e+04
7.997152673444703396e+04
7.998576367484193179e+04
7.995321391852544912e+04
8.002041072470990184e+04
7.994775926790901576e+04
7.998165550416811311e+04
7.994521953401592327e+04
8.001951985586401133e+04
7.998336789991507248e+04
7.993804576757863106e+04
8.004048038069460017e+04
8.003355515373208618e+04
7.997281742157122062e+04
7.996230274373265274e+04
7.998399353048231569e+04
7.997732041120652866e+04
8.002789105540177843e+04
8.000637660137457715e+04
7.998633282060088823e+04
8.000349613323267840e+04
7.999096215418873180e+04
7.998552708335789794e+04
8.001169045583934349e+04
7.998576054626073164e+04
8.000795407424554287e+04
12x10 ens done