3.061970511380664539e+04
3.062475547420181829e+04
3.063264546094480465e+04
3.064323595918962747e+04
3.065627063232107321e+04
3.067220450961531242e+04
3.069087190425529479e+04
3.071109276114394379e+04
3.073221384063988444e+04
3.075509851913547755e+04
3.078078584324749681e+04
3.080640991800366828e+04
3.083226911450105399e+04
3.086047752012636920e+04
3.088807438348824144e+04
3.091498635230591753e+04
3.094436842968722340e+04
3.097202437422611547e+04
3.100048271145171384e+04
3.102955107845908060e+04
3.105753982449619070e+04
3.108688037732493467e+04
3.111463961471616494e+04
3.114200375785675351e+04
3.116820983061764127e+04
3.119510136867839537e+04
3.122281392389430039e+04
3.124858759254638790e+04
3.127409823392635371e+04
3.129931091205653502e+04
3.132363535503633830e+04
3.134758245001885734e+04
3.137143115238316750e+04
3.139354037348647398e+04
3.141436054468807197e+04
3.143395169857099609e+04
3.145403614934883444e+04
3.147417320631453549e+04
3.149301148612444376e+04
3.151273255415957101e+04
3.153114481523439463e+04
3.154812234254510986e+04
3.156549503660754635e+04
3.158023159903644409e+04
3.159592776596197291e+04
3.161116076246434750e+04
3.162695585354346986e+04
3.164186617510512588e+04
3.165617053826964911e+04
3.166940814428881276e+04
3.168200179706060590e+04
3.169386130822205087e+04
3.170636917555044420e+04
3.171755866991150833e+04
3.172935875210138329e+04
3.174036738743010574e+04
3.175356440216913688e+04
3.176370969702188086e+04
3.177420147679782167e+04
3.178524463432230186e+04
3.179593559018915767e+04
3.180678028221548811e+04
3.181454138445438730e+04
3.182337806615679438e+04
3.183213274688011006e+04
3.183910640310788222e+04
3.184602523965717410e+04
3.185393791903388774e+04
3.186273610711820947e+04
3.187076640887703616e+04
3.187819797410775936e+04
3.188561931519965583e+04
3.189301827773223704e+04
3.190034281293931417e+04
3.190678015858383151e+04
3.191278794350212411e+04
3.191856038362105755e+04
3.192528925748129404e+04
3.193282515413892907e+04
3.193843450585599203e+04
3.194567048578504910e+04
3.195062982999917949e+04
3.195726141843345249e+04
3.196392833479039473e+04
3.196974038310448668e+04
3.197380459316638371e+04
3.198181283281394644e+04
3.198762167570968086e+04
3.199222110596701532e+04
3.199808701652551463e+04
3.200285626177811719e+04
3.200734818222769172e+04
3.201128461675358994e+04
3.201617498783112751e+04
3.202187645494675235e+04
3.202701230549963657e+04
3.203211633578691180e+04
3.203679297586066241e+04
3.204143070064667336e+04
3.204592222599667002e+04
3.205425539937650319e+04
3.206451375763576289e+04
3.207201513316532873e+04
3.207844728055955056e+04
3.208641960355806077e+04
3.209331589449834792e+04
3.210207854553629659e+04
3.210991258720552287e+04
3.211566098905882609e+04
3.212374247027065212e+04
3.213046088850704109e+04
3.213823451740781820e+04
3.214406150179476754e+04
3.215134717933823413e+04
3.215794409472662664e+04
3.216508530345182589e+04
3.217206292302571819e+04
3.217721730843475962e+04
3.218375866852764375e+04
3.218843321067561192e+04
3.219520164226393172e+04
3.219986189865602864e+04
3.220676695328922142e+04
3.221255978202057668e+04
3.221711902370659664e+04
3.222137016043867698e+04
3.222823545244349225e+04
3.223324645190888259e+04
3.223750390022059946e+04
3.224200986976993227e+04
3.224594442499581419e+04
3.224940303256180414e+04
3.225497957427139045e+04
3.225922022271863534e+04
3.226427900976380988e+04
3.226837664959748145e+04
3.227067710564265508e+04
3.227570784581636690e+04
3.228025914838327662e+04
3.228481765183221432e+04
3.228825905043961393e+04
3.229114831388621315e+04
3.229605595086133326e+04
3.230245681578997392e+04
3.230497567415007143e+04
3.230712891167934140e+04
3.231191594790567615e+04
3.231657964916097262e+04
3.232059113781304404e+04
3.232332813726721361e+04
3.233076793151853781e+04
3.233685291254285039e+04
3.234247011104021658e+04
3.234614398588462427e+04
3.235206024713262377e+04
3.235638514334934371e+04
3.236053348100995936e+04
3.236496437395250541e+04
3.237070235826326098e+04
3.237729197333491175e+04
3.238084928694435075e+04
3.238432438536502013e+04
3.238923769785028344e+04
3.239328697967900735e+04
3.239815467219538914e+04
3.240212706292300936e+04
3.240694854901881627e+04
3.241242730069623576e+04
3.241680006702152605e+04
3.241976270054082852e+04
3.242418660465947687e+04
3.242725634955265195e+04
3.243173330739308949e+04
3.243368497386170202e+04
3.243792471125429802e+04
3.244264835196269996e+04
3.244500643806756125e+04
3.244975972149389781e+04
3.245368566142015334e+04
3.245567689549650822e+04
3.246059106696393792e+04
3.246514546463923398e+04
3.246762114302364716e+04
3.246941238489000170e+04
3.247206581215275583e+04
3.247774428405575964e+04
3.248156904499767916e+04
3.248566680442182042e+04
3.248949353652559876e+04
3.249261549674385606e+04
3.249523967239127160e+04
3.249959048656146842e+04
3.250429324487250051e+04
3.250799789080058690e+04
3.251196633060342356e+04
3.251523276914397866e+04
3.251836432531233004e+04
3.252184617693466498e+04
3.252449842303863625e+04
3.252791565515732509e+04
3.253111856416497176e+04
3.253765096951088708e+04
3.253967667172050642e+04
3.254221329364713529e+04
3.254512014589979663e+04
3.254879248839452703e+04
3.255347126173618744e+04
3.255488423106465780e+04
3.255786822625129935e+04
3.256290165546549179e+04
3.256472290227441772e+04
3.256846471508774630e+04
3.257122309099582344e+04
3.257337190036288666e+04
3.257616357632079234e+04
3.257943303882141117e+04
3.258419159679622680e+04
3.258766486417718625e+04
3.259163998311107571e+04
3.259252957663733832e+04
3.259588949818703986e+04
3.259833760434889336e+04
3.260145188104232511e+04
3.260492490791629098e+04
3.260615216224925462e+04
3.260837962361096652e+04
3.261212162347327103e+04
3.261406112288115764e+04
3.261745308267050132e+04
3.262074122969386008e+04
3.262206973835097961e+04
3.262449904144375250e+04
3.262849153490373283e+04
3.263060848160864771e+04
3.263321642231698934e+04
3.263648989072573750e+04
3.263931798548770166e+04
3.264238957821664371e+04
3.264713471029413267e+04
3.265045716300525964e+04
3.265355215462424894e+04
3.265498649770931661e+04
3.265699032687074941e+04
3.265872626755350939e+04
3.266044965818208584e+04
3.266283602763119779e+04
3.266482690915521016e+04
3.266717551796247062e+04
3.266880496771008984e+04
3.267234926873113000e+04
3.267577400542256873e+04
3.267831175530114342e+04
3.267869396591536861e+04
3.268190550810308559e+04
3.268578493505964070e+04
3.268802519171889435e+04
3.269339083813178513e+04
3.269360403252293327e+04
3.269644132536985126e+04
3.269921377243206007e+04
3.270164632377173984e+04
3.270267998798416374e+04
3.270710025253324420e+04
3.270856964807543773e+04
3.271082449354647906e+04
3.271152986483132190e+04
3.271511063267912323e+04
3.271708514937768268e+04
3.272016976674384205e+04
3.272147349977681733e+04
3.272291211625764481e+04
3.272700665290937468e+04
3.272803676803319468e+04
3.273074889698675543e+04
3.273328572049434297e+04
3.273395645125097872e+04
3.273674089244701099e+04
3.273933727504211492e+04
3.274293197192742446e+04
3.274576576363548520e+04
3.274693217135248415e+04
3.274709544794690737e+04
3.275003174374696755e+04
3.275203550033538340e+04
3.275389341753418194e+04
3.275606238858392680e+04
3.275957137791799687e+04
3.276120151460831403e+04
3.276394234504983979e+04
3.276526541401935901e+04
3.276684357701571571e+04
3.276714711559504940e+04
3.277017052238692122e+04
3.277226831154445244e+04
3.277484840995948616e+04
3.277515087012785807e+04
3.277911034307173395e+04
3.278302622318080830e+04
3.278398536417284049e+04
3.278796238132781582e+04
3.278969971780962805e+04
3.279419847730740003e+04
3.279535014610290818e+04
3.279796664840504673e+04
3.279848593874540529e+04
3.280186592694363935e+04
3.280343430234183325e+04
3.280564853558425966e+04
3.280710880744441965e+04
3.281017386916465330e+04
3.281369616032487102e+04
3.281541162729898497e+04
3.281726527955074562e+04
3.281988632207387127e+04
3.282259331747252872e+04
3.282520757844573382e+04
3.282573148117599339e+04
3.282883487787835475e+04
3.283205899305523053e+04
3.283351328825254313e+04
3.283330979367538384e+04
3.283816486108776007e+04
3.283873499772775540e+04
3.283897107999246509e+04
3.284333521351700620e+04
3.284475783402217348e+04
3.284649292367631278e+04
3.285013567685068119e+04
3.285131695910069539e+04
3.285313711215275544e+04
3.285693995511932008e+04
3.285762924872842268e+04
3.285986301852466568e+04
3.286265896391630667e+04
3.286411030521015346e+04
3.286530826617362618e+04
3.286645859681782895e+04
3.287005737042528926e+04
3.287277757916325208e+04
3.287379526695993991e+04
3.287481203823794203e+04
3.287418814094812114e+04
3.287648891647504206e+04
3.287853554520532634e+04
3.288013674477366294e+04
3.288214880970825470e+04
3.288595746357266034e+04
3.288935899539684760e+04
3.289056689536476188e+04
3.289396567609176418e+04
3.289545178769296763e+04
3.289693154224851605e+04
3.289950335329803056e+04
3.290175931232847506e+04
3.290302062078910240e+04
3.290563307458408235e+04
3.290764972879661218e+04
3.290874642983793456e+04
3.291186744523696689e+04
3.291456476611931430e+04
3.291288193644195417e+04
3.291540342960912676e+04
3.291609875512564759e+04
3.291744875071806746e+04
3.292166358709630003e+04
3.292049265223756811e+04
3.292138239401180908e+04
3.292211055480071809e+04
3.292459066724470904e+04
3.292451756217706134e+04
3.292942463243605744e+04
3.293073185872642352e+04
3.293455517188744125e+04
3.293748124391046440e+04
3.293869848993772757e+04
3.293989392063477135e+04
3.294127306833020702e+04
3.294407657535916951e+04
3.294595073369837337e+04
3.294809153761014022e+04
3.295040108278411208e+04
3.295189175320277718e+04
3.295377722178587283e+04
3.295531856727561535e+04
3.295736858908784779e+04
3.295974431870130502e+04
3.295966693787669647e+04
3.296350628127311938e+04
3.296531951759906951e+04
3.296792811905610142e+04
3.296801311345562135e+04
3.297020125566318893e+04
3.297312519534953753e+04
3.297490472300266265e+04
3.297733042928494251e+04
3.297870054571648507e+04
3.298000209085724782e+04
3.298270886762273585e+04
3.298387437604957813e+04
3.298676185649767285e+04
3.298928649273606425e+04
3.299115792230309307e+04
3.299284063156347111e+04
3.299402919003663555e+04
3.299261558921810501e+04
3.299547751947986399e+04
3.299928472972994496e+04
3.300180743614534003e+04
3.300264164702548442e+04
3.300395803495807922e+04
3.300659395585258608e+04
3.300810328107243549e+04
3.301001249228514644e+04
3.301234504845363699e+04
3.301465776790168457e+04
3.301643263190997823e+04
3.301664663130819827e+04
3.301989634473448677e+04
3.302206944974680664e+04
3.302380558602402743e+04
3.302746137208644359e+04
3.302795628506036155e+04
3.302810943839776883e+04
3.302881073116643529e+04
3.303280254122283804e+04
3.303343036193805165e+04
3.303507998514656356e+04
3.303513224525835540e+04
3.303836672701768839e+04
3.304234742693427688e+04
3.304311510565006756e+04
3.304743963595124660e+04
3.305004747063566174e+04
3.305083107487217057e+04
3.305198073617177579e+04
3.305548457775908901e+04
3.305660383120842016e+04
3.305706819362188253e+04
3.305790100711842388e+04
3.306054244144579570e+04
3.306327649553666561e+04
3.306458803958273347e+04
3.306521188915443781e+04
3.306657688677799160e+04
3.306804114131085225e+04
3.307218353711212694e+04
3.307274571892959648e+04
3.307520429325193254e+04
3.307700537060137867e+04
3.308071663224465010e+04
3.308245876699393557e+04
3.308321450501690560e+04
3.308415817992572556e+04
3.308485687768318894e+04
3.308887910434839432e+04
3.309005812556522142e+04
3.309074152839352610e+04
3.309553489912216901e+04
3.309608891231664165e+04
3.309662585252409917e+04
3.310123808905929036e+04
3.310286096561334125e+04
3.310254389541479031e+04
3.310441030205549760e+04
3.310793763399835734e+04
3.310853895795550488e+04
3.311061504195682210e+04
3.311080565736404242e+04
3.311424120178040175e+04
3.311601247845717444e+04
3.311869728765523178e+04
3.312089964960645011e+04
3.312298218620067928e+04
3.312393239601654932e+04
3.312565163370734081e+04
3.312841167145545478e+04
3.312802626890284591e+04
3.313120639131690405e+04
3.313296658037301677e+04
3.313227584241217846e+04
3.313585657964361599e+04
3.313731180921079795e+04
3.313953883709989168e+04
3.313924416358872259e+04
3.314194721595077863e+04
3.314329410184591688e+04
3.314646965980373352e+04
3.314731658276821690e+04
3.314950335979113879e+04
3.315232603742960055e+04
3.315663312507502269e+04
3.315657883872313687e+04
3.315618948929434555e+04
3.315929460423536511e+04
3.316123205635049089e+04
3.316222238469672448e+04
3.316320283329811355e+04
3.316494000964362931e+04
3.316552245481219143e+04
3.316859117106829945e+04
3.317094682671983901e+04
3.317390448695961823e+04
3.317437198584350699e+04
3.317484360787319019e+04
3.317734075903629855e+04
3.317947599196190276e+04
3.318009118371811201e+04
3.318283314771045843e+04
3.318366414362216165e+04
3.318292867376362847e+04
3.318398651404993143e+04
3.318569433304861741e+04
3.318754009540623520e+04
3.318776204726183641e+04
3.318953483155244612e+04
3.319009624762772728e+04
3.319226271508124046e+04
3.319514657108209940e+04
3.319674060157794156e+04
3.319779820450700936e+04
3.319879147362893855e+04
3.320004656832828914e+04
3.320116586353271123e+04
3.320289525914837577e+04
3.320825473723097821e+04
3.320835732232002920e+04
3.320767456938429677e+04
3.320992251329183637e+04
3.320915460152801097e+04
3.321165640407688625e+04
3.321299304400014080e+04
3.321789967098618217e+04
3.321858649047411745e+04
3.321876225128393708e+04
3.321623719384853030e+04
3.322088739065733535e+04
3.322392738576488773e+04
3.322549883915344981e+04
3.322705642215019179e+04
3.322856869491415273e+04
3.322462893744122994e+04
3.322843155704489618e+04
3.323030955991771043e+04
3.323288694321984804e+04
3.323277464289070485e+04
3.323640231161260454e+04
3.323567776467420481e+04
3.323677794465591433e+04
3.323758978003836819e+04
3.324088641453295713e+04
3.323999910077208915e+04
3.324096943011065014e+04
3.324144276999628346e+04
3.324274004810304905e+04
3.324374769223447220e+04
3.324337074746884173e+04
3.324594797800292145e+04
3.324644633903158683e+04
3.324408359655553068e+04
3.324925132537425088e+04
3.325096446500879392e+04
3.325457537091967242e+04
3.325175913134850998e+04
3.325194453689807415e+04
3.325475176744061901e+04
3.325477708631797577e+04
3.325621986267092871e+04
3.326040087780180329e+04
3.325854236639605369e+04
3.325886718501154974e+04
3.325797365051752422e+04
3.325653536931469716e+04
3.325793025986918656e+04
3.326119949131927569e+04
3.326019665615340637e+04
3.326187792145876301e+04
3.326165307848756493e+04
3.326537240138845664e+04
3.326765220415866497e+04
3.326490724701299041e+04
3.326524121508250391e+04
3.326571813284757809e+04
3.326365365265606670e+04
3.326474581955961185e+04
3.326822791173281439e+04
3.326872866277714638e+04
3.326942386862101557e+04
3.326839568230886653e+04
3.327010289735450351e+04
3.327325207439163933e+04
3.327138525581853901e+04
3.326802106239218847e+04
3.327274563561459217e+04
3.326870968117880693e+04
3.326889743028623343e+04
3.327404061475569324e+04
3.327499817656075902e+04
3.327640214442946308e+04
3.327506904550705076e+04
3.327486067014942819e+04
3.327330956909457745e+04
3.327538494805000664e+04
3.327657205615593557e+04
3.327693753490727977e+04
3.327441575549986737e+04
3.327612236338783987e+04
3.327404537204076769e+04
3.328072938214967871e+04
3.327671408645092015e+04
3.327941867640877899e+04
3.328262522980116046e+04
3.328175500366531196e+04
3.328584881770595530e+04
3.328386278394483816e+04
3.328290893273930851e+04
3.328729715613469307e+04
3.328542098578649166e+04
3.328941953884570830e+04
3.328748383293648658e+04
3.329071533096855273e+04
3.328602128426983836e+04
3.328736043548137241e+04
3.328770578076840320e+04
3.328927500919181330e+04
3.329102249860970187e+04
3.328991531966241018e+04
3.329154262078300962e+04
3.329151107213152136e+04
3.329100050180733524e+04
3.329463953084272362e+04
3.329401920362899546e+04
3.329605654331669211e+04
3.329555550608263002e+04
3.329319770272164169e+04
3.329590727846357913e+04
3.329472951533159357e+04
3.329505666587458109e+04
3.329893476470165479e+04
3.329620884999498958e+04
3.329696633092056436e+04
3.329393952275752963e+04
3.329667702208612172e+04
3.329879583127169462e+04
3.329582748236098269e+04
3.329906564956397779e+04
3.329668372834433831e+04
3.329991266104474198e+04
3.330160450823573774e+04
3.329754887689119641e+04
3.329669311404685868e+04
3.330236415780406242e+04
3.330287540517684101e+04
3.330251058576305513e+04
3.330520399214448844e+04
3.330444257164734154e+04
3.330646517560544453e+04
3.330632596959961666e+04
3.330680017937262164e+04
3.330652121263425215e+04
3.330773672649640503e+04
3.330516531935670355e+04
3.330163668399219023e+04
3.330282536580845772e+04
3.330737889779797842e+04
3.330496544747781445e+04
3.330665824693098693e+04
3.330492417564123753e+04
3.330557750795545871e+04
3.330574620609355770e+04
3.330742871022959298e+04
3.331077435782885004e+04
3.330589982121995126e+04
3.330850062349010113e+04
3.331010851168110821e+04
3.331110756991313247e+04
3.331292294463795406e+04
3.330921381656341691e+04
3.330834547925768857e+04
3.330902466821987764e+04
3.330890291457862622e+04
3.330826704907747626e+04
3.330616348840664432e+04
3.330412750232373219e+04
3.331147620919041219e+04
3.330970640612873103e+04
3.331158820510467922e+04
3.330708569330233877e+04
3.331004211449571449e+04
3.331236814873859839e+04
3.330765553922021354e+04
3.330764657438529684e+04
3.331026178577304381e+04
3.331285747601850017e+04
3.331302483520744136e+04
3.331360607361375878e+04
3.331434343338223698e+04
3.330957877868485230e+04
3.331119827561892453e+04
3.330984005082906515e+04
3.331049980273236724e+04
3.330805880116568733e+04
3.330888674655662180e+04
3.330968398129987327e+04
3.330511593277876818e+04
3.330654369434812543e+04
3.330685299720357580e+04
3.330956986037688330e+04
3.330968030388581246e+04
3.330843952758509113e+04
3.330946118314904743e+04
3.330570456470447243e+04
3.330620543523068045e+04
3.330713705924880924e+04
3.331392234416939755e+04
3.331357969371723448e+04
3.331197127026800445e+04
3.331349093118269229e+04
3.331441945030362695e+04
3.331445517163681507e+04
3.331690410212575080e+04
3.331609288763081713e+04
3.331657344698422094e+04
3.331349223043019447e+04
3.331501049701436568e+04
3.331604825426987372e+04
3.331369610063211439e+04
3.331914855040251859e+04
3.331324031650412508e+04
3.331698664327757433e+04
3.331282916638875031e+04
3.331707461225729639e+04
3.331452231725473393e+04
3.331041462876959122e+04
3.331296403371174529e+04
3.331381835243896785e+04
3.331126094180245127e+04
3.331947831389237399e+04
3.331310260364277201e+04
3.331420286612818745e+04
3.331485853921339003e+04
3.331817838244651648e+04
3.331653321047886857e+04
3.331482742897580465e+04
3.331835059570622252e+04
3.331531676775072992e+04
3.331476579577777011e+04
3.332004006650227529e+04
3.331736217338139977e+04
3.331873320155198599e+04
3.331831731674804178e+04
3.332107010449942754e+04
3.332047773858634173e+04
3.332430690199197124e+04
3.332326105103049485e+04
3.331884987598929001e+04
3.332457450253492425e+04
3.331728506261363509e+04
3.331809502817278553e+04
3.332228442273792461e+04
3.331952522413198312e+04
eta=0.726100602060941;650x10 ens done